# Position (bp)	A	C	G	T	N
0.0	21.927233395372728	26.923923239729913	26.82269919809842	24.322408245623603	0.00373592117533832
1.0	24.010753969063984	21.012827652854398	23.034044790838685	31.941094005678295	0.0012795815646418711
2.0	27.483766832209994	22.708475064763583	21.422217587970472	28.385018780906083	5.217341498688581E-4
3.0	30.847520186160835	21.020436593229856	22.926598022193428	25.20493488910141	5.1030931447027E-4
4.0	30.972820164255623	19.955070692311512	23.281468642787438	25.790114958217092	5.255424283350542E-4
5.0	31.506089589598584	20.845537596391335	21.367930578434844	26.279227394744513	0.0012148408307165383
6.0	24.99418475878212	21.220017042807793	19.454670518410282	34.330666878305394	4.608016944097214E-4
7.0	26.04637020792896	23.40869560978612	21.018863774223316	29.525643880873393	4.2652718821395696E-4
8.0	25.54458001238757	23.22418451809892	21.426707548282117	29.804406056320477	1.2186491091827343E-4
9.0	32.58290698386478	19.697985237894017	21.157652674645366	26.56125326483713	2.0183875870839036E-4
10.0	28.425523630672544	22.806751498862237	23.406875252679278	25.36072775287502	1.2186491091827343E-4
11.0	26.320703355519854	22.909552167778735	22.696692251189173	28.07277802946267	2.741960495661152E-4
12.0	27.081589776508892	22.377147221647594	21.45380725784757	29.087002558858465	4.531851374773293E-4
13.0	27.844707848679125	21.69196556828807	21.33875154882685	29.123626772867873	9.482613380828152E-4
14.0	27.66093937129283	21.770747424918266	21.84913322058798	28.717835660902352	0.0013443222985672037
15.0	27.820353907887796	21.827170878673428	21.996616420748357	28.352473233133974	0.0033855595564482835
16.0	27.95403971516514	21.870954656199284	21.849251277220432	28.319455458832053	0.006298892583088258
17.0	28.121028917629374	21.812756544678873	21.8810694438055	28.177151517385706	0.007993576500545498
18.0	27.850523089897	21.92088499516958	21.93868488872058	28.282953109733565	0.006953916479273977
19.0	27.990530639428236	21.90297466154306	22.066608770678574	28.032928203592395	0.006957724757740174
20.0	27.963602302393763	22.019214745166764	21.956279135234404	28.053458632803657	0.007445184401413267
21.0	28.19890059570615	21.92897377863178	21.940231049777857	27.92427040239489	0.007624173489324482
22.0	28.10161050573024	21.863543746304064	21.808529355581395	28.21729077241941	0.009025619964884626
23.0	28.260305277695096	21.80041010589147	21.88693419264344	28.046002023566846	0.006348400203148806
24.0	28.25567188342569	21.937671960585757	21.866540742664455	27.93675251428118	0.0033628990429143625
25.0	28.582619128889835	21.869772772648407	21.81490057303685	27.731473500806725	0.0012340246181817378
26.0	28.900459733286286	21.417313789126634	21.733697042856612	27.94768765561011	8.417791203583404E-4
27.0	28.87234985451526	21.5209347104045	22.372142138891167	27.234215231478547	3.580647105210611E-4
28.0	27.930809866713567	22.627641988759002	22.903960315059425	26.537374497426853	2.133320411506841E-4
29.0	25.504852215395584	23.200578530589908	22.71600467951117	28.57846932619748	9.524830585648305E-5
30.0	26.790232542826324	21.089291147081614	19.889496278131976	32.230766639576	2.133923840867812E-4
31.0	29.676815724836704	21.373373477601255	23.1521081190763	25.797496870382897	2.0580810284794964E-4
32.0	29.47948940086783	21.021786852988015	23.206434280379085	26.291957812832013	3.316529330584858E-4
33.0	33.635734247914186	19.576402782702665	21.18678642599172	25.600637975368645	4.3856802277746884E-4
34.0	26.21910490829223	21.49499812066187	20.88539938445044	31.399153975297324	0.0013436112981373082
35.0	25.815254786890257	23.255410483168994	20.06695132754837	30.861729364196083	6.540381962896374E-4
36.0	25.132080544735025	22.958318989180874	21.329337166800048	30.57983933418671	4.239650973431572E-4
37.0	28.34740996283214	21.476110221849282	22.772668976026893	27.403242161046837	5.686782448504211E-4
38.0	31.58271550635876	23.171941419046274	21.352457519598705	23.891416743812336	0.0014688111839253305
39.0	24.455153798942778	26.745944670657103	26.94980416289951	21.845723425878873	0.0033739416217357736
