#Position (bp)	insert size
3406923.0	226.09286186384665
1.0220768E7	241.2404347826087
1.7034613E7	226.71499122036874
2.3848458E7	230.01992114546587
3.0662303E7	216.54737206085753
3.7476148E7	199.0855724565079
4.4289993E7	230.07386046511627
5.1103838E7	240.11022576361222
5.7917683E7	245.7666834550491
6.4731528E7	242.09097410956946
7.1545373E7	224.59707192870783
7.8359218E7	262.92679865708635
8.5173063E7	231.6103957712117
9.1986908E7	228.83326351068285
9.8800753E7	239.175578831312
1.05614598E8	232.8536203522505
1.12428443E8	252.19861735981564
1.19242288E8	236.6661931818182
1.26056133E8	254.40212793790607
1.300790245E8	241.90395095367847
1.33485947E8	258.7739156049783
1.39683823E8	234.68827633146162
1.46497668E8	232.59650655021835
1.53311513E8	243.09724503980792
1.60125358E8	234.26183469267636
1.66939203E8	223.08626653102746
1.73753048E8	228.45724614900973
1.80566893E8	275.51158675318106
1.87380738E8	238.28767745599092
1.94194583E8	232.31798476090384
2.01008428E8	259.1520410344091
2.07822273E8	245.79102141680394
2.14636118E8	228.98943282294587
2.21449963E8	169.6977512544655
2.28263808E8	248.97899018546852
2.35077653E8	210.50814876723777
2.41891498E8	235.8199268738574
2.48705343E8	245.6196782178218
2.52444901E8	228.6686541737649
2.558518235E8	234.40638270492857
2.62333033E8	227.92420814479638
2.69146878E8	236.12673672960457
2.75960723E8	251.89932680538556
2.82774568E8	228.31401818428552
2.89588413E8	245.19155134741442
2.96402258E8	216.62664872139973
3.03216103E8	228.08071748878925
3.10029948E8	215.63187007179005
3.16843793E8	260.4923339011925
3.23657638E8	221.23840792813118
3.30471483E8	209.51372712146423
3.37285328E8	236.0869540652014
3.44099173E8	231.08216619981326
3.50913018E8	228.4830140485313
3.57726863E8	233.94461983688504
3.64540708E8	250.29377802148178
3.704270945E8	241.08852867830424
3.73834017E8	0.0
3.78168398E8	271.0521704500199
3.84982243E8	258.6696807931147
3.91796088E8	217.22971779013565
3.98609933E8	226.12453425050157
4.05423778E8	239.63756345177666
4.12237623E8	225.29585743608882
4.19051468E8	225.4367078704428
4.25865313E8	250.22030237580992
4.32679158E8	229.14847590953786
4.39493003E8	229.83315746277407
4.46306848E8	250.0509468744763
4.53120693E8	218.98027745278287
4.59934538E8	223.584578601315
4.66748383E8	226.6724156400643
4.73562228E8	234.3178899082569
4.80376073E8	224.58137119113573
4.87189918E8	229.65384615384616
4.91962519E8	265.19678714859435
4.953694415E8	233.4923076923077
5.00817608E8	268.947391688771
5.07631453E8	238.07989374744585
5.14445298E8	324.4600442834138
5.21259143E8	237.99099955631615
5.28072988E8	229.69034894687206
5.34886833E8	259.5249169435216
5.41700678E8	234.04424917621213
5.48514523E8	262.1730103806228
5.55328368E8	230.06235662148072
5.62142213E8	239.5418743768694
5.68956058E8	240.48546315077755
5.75769903E8	228.39989177489178
5.82583748E8	236.66843220338984
5.89397593E8	229.79797340088663
5.96211438E8	229.32867132867133
6.03025283E8	255.75105485232066
6.09839128E8	224.48818624044475
6.15738246E8	228.57590451324134
6.191451685E8	0.0
6.23466818E8	262.41516560139456
6.30280663E8	232.77581594435526
6.37094508E8	261.50925925925924
6.43908353E8	222.65155555555555
6.50722198E8	240.95229941291586
6.57536043E8	231.3713733075435
6.64349888E8	222.48504273504273
6.71163733E8	235.96201743462018
6.77977578E8	225.39603109216606
6.84791423E8	236.74813359528488
6.91605268E8	245.0630673674152
6.98419113E8	247.38497020949453
7.05232958E8	230.24908786865308
7.12046803E8	221.38327680283143
7.18860648E8	251.37433462811106
7.222708485E8	0.0
7.25677771E8	234.37564543889846
7.32488338E8	203.73604113273717
7.39302183E8	202.96812030963778
7.46116028E8	263.51698862857927
7.52929873E8	234.85372433431584
7.59743718E8	229.57926761809935
7.66557563E8	226.97517013058672
7.73371408E8	226.93191704602933
7.80185253E8	237.5158126501201
7.86999098E8	236.64839319470698
7.93812943E8	231.97107438016528
8.00626788E8	231.78054298642533
8.07440633E8	222.7982768308672
8.14254478E8	235.26905428758715
8.190716475E8	236.7913043478261
8.2247857E8	231.070258261594
8.27882168E8	237.53453689167975
8.34696013E8	240.48032075934867
8.41509858E8	251.16630091894115
8.48323703E8	240.0691262442724
8.55137548E8	269.13604001606484
8.61951393E8	233.51846711023686
8.68765238E8	238.81421589332047
8.75579083E8	257.82998018594725
8.82392928E8	231.4508670520231
8.89206773E8	222.39964088752083
8.96020618E8	249.32478769427976
9.02834463E8	224.73567365061746
9.09648308E8	225.53109692741577
9.14262198E8	257.6875
9.176691205E8	232.15102827763496
9.23275998E8	226.44510828976848
9.30089843E8	227.89683394357095
9.36903688E8	224.97963584091997
9.43717533E8	228.1623864085342
9.50531378E8	233.52510181034188
9.57345223E8	237.22343198895874
9.64159068E8	222.16595854255183
9.70972913E8	229.35606841129197
9.77786758E8	231.78572318425316
9.84600603E8	222.75725860904794
9.91414448E8	238.2133346988939
9.98228293E8	223.3222471350274
1.00390351E9	221.82668161434978
1.0073104325E9	0.0
1.011855983E9	252.8062366541492
1.018669828E9	254.82447958139005
1.025483673E9	217.61542429713697
1.032297518E9	237.60560730920818
1.039111363E9	235.45910335386722
1.045925208E9	234.86995566032442
1.052739053E9	261.5838247683235
1.059552898E9	228.05531199766185
1.0652815955E9	230.12484774665043
1.068688518E9	0.0
1.073180588E9	233.4314192204701
1.079994433E9	228.86835176408636
1.086808278E9	232.62418300653596
1.093622123E9	221.37741046831957
1.100435968E9	239.32113449222325
1.107249813E9	239.86701881197294
1.114063658E9	244.87497360084478
1.120877503E9	240.9769171582457
1.127691348E9	237.794128113879
1.134505193E9	227.9433277498604
1.141319038E9	189.67696140920154
1.148132883E9	225.59822516095355
1.154946728E9	235.15322882670804
1.161760573E9	229.39733444398166
1.168574418E9	236.5731707317073
1.175388263E9	222.93511340798162
1.182202108E9	247.12962962962962
1.189015953E9	238.18211920529802
1.195829798E9	226.24118641862884
1.202643643E9	259.0199164480715
1.209457488E9	227.75674846625768
1.216271333E9	303.004978767023
1.223085178E9	225.28694521216062
1.229899023E9	243.28165724120973
1.236712868E9	230.65075212557227
1.243526713E9	233.43172588832488
1.250340558E9	244.22111621575633
1.257154403E9	233.8950833161901
1.2618183335E9	194.96617812852313
1.265225256E9	225.12900743780457
1.270782093E9	222.8500740740741
1.277595938E9	222.0411648635776
1.284409783E9	229.95479392624728
1.291223628E9	252.295
1.298037473E9	249.4539962111515
1.304851318E9	220.45351229548348
1.311665163E9	221.5685866983373
1.318479008E9	242.82175226586102
1.325292853E9	223.0116314661769
1.332106698E9	232.2822927566562
1.338920543E9	228.29505064016817
1.345734388E9	257.08538622129436
1.352548233E9	244.02968235847155
1.359362078E9	286.5007521624671
1.366175923E9	224.18475200346546
1.372989768E9	235.52143182854536
1.379803613E9	239.65641361256544
1.386617458E9	233.54624650462466
1.393431303E9	256.50549662487947
1.400245148E9	222.73915187376727
1.407058993E9	236.42780117944397
1.413872838E9	231.009539805173
1.420686683E9	232.67323707888679
1.427500528E9	247.728679095597
1.434314373E9	239.06978745374752
1.441128218E9	253.30760879399259
1.444861853E9	242.70969993021632
1.4482687755E9	150.05719444585728
1.454755908E9	252.06854130052724
1.461569753E9	223.4867394695788
1.468383598E9	228.19131924614507
1.475197443E9	225.15837371469092
1.482011288E9	247.86854418645714
1.488825133E9	230.95241749808136
1.495638978E9	235.54719173660425
1.502452823E9	224.1095352778521
1.509266668E9	179.66926624169267
1.516080513E9	276.1147290765708
1.522894358E9	262.28763183125596
1.529708203E9	235.77789722640293
1.536522048E9	252.13984179197996
1.543335893E9	230.86229113565562
1.550149738E9	239.4863042921751
1.556963583E9	226.9987463435019
1.563777428E9	233.60405048429703
1.570591273E9	226.84604316546762
1.577405118E9	226.81131105398458
1.584218963E9	226.81281497480202
1.591032808E9	243.05103011093502
1.597846653E9	236.57142857142858
1.6032409105E9	231.68925772245274
1.606647833E9	0.0
1.611474343E9	230.04954619848237
1.618288188E9	232.34942588726514
1.625102033E9	228.345408756296
1.631915878E9	235.07477064220183
1.638729723E9	257.1332557790453
1.645543568E9	238.14853700516352
1.652357413E9	231.436444941308
1.659171258E9	236.13597972972974
1.665985103E9	228.40885882052592
1.672798948E9	237.8641304347826
1.679612793E9	229.29675090252707
1.686426638E9	232.78892508143323
1.693240483E9	227.4095744680851
1.700054328E9	230.40766283524906
1.706868173E9	228.75085658345571
1.713682018E9	242.16687976269625
1.720495863E9	240.90923108552633
1.727309708E9	232.88679962013296
1.734123553E9	233.93096287506356
1.740937398E9	232.82117849288406
1.747751243E9	276.3835952063915
1.754565088E9	243.09702204323867
1.759854186E9	272.77958627845146
1.7632611085E9	217.71428571428572
1.768192778E9	241.65390835579515
1.775006623E9	264.04424778761063
1.781820468E9	233.47920018386577
1.788634313E9	238.34779969650987
1.795448158E9	244.7372248655758
1.802262003E9	237.19945945945946
1.809075848E9	282.73873873873873
1.815889693E9	226.18840037418147
1.822703538E9	229.35949451280345
1.829517383E9	229.05491679273828
1.836331228E9	242.26045497888572
1.843145073E9	237.1344537815126
1.849958918E9	230.38524590163934
1.856772763E9	226.24061810154527
1.863586608E9	225.60293421675343
1.870400453E9	237.50829032612276
1.877214298E9	257.1402804618205
1.884028143E9	253.66294769486782
1.890841988E9	241.29336510723692
1.897655833E9	248.81479973949854
1.904469678E9	258.53598459699907
1.910723823E9	185.48084852700083
1.9141307455E9	0.0
1.918097368E9	213.6107016107016
1.924911213E9	233.32018479033405
1.931725058E9	220.02996636428497
1.938538903E9	249.37817258883248
1.945352748E9	225.21901229016785
1.952166593E9	246.5365246018329
1.958980438E9	226.8003873288145
1.965794283E9	226.5785778118218
1.972608128E9	230.42545638945234
1.979421973E9	226.31102873030585
1.986235818E9	242.94476821192052
1.993049663E9	240.7291280148423
1.999863508E9	245.5059080663889
2.006677353E9	232.52950579459173
2.013491198E9	218.30495790458372
2.020305043E9	246.6161948650428
2.027118888E9	243.76953245155337
2.033932733E9	231.53223988982097
2.040746578E9	260.52250151161786
2.047560423E9	222.79412033232904
2.054374268E9	233.06250885896526
2.060544391E9	228.7837566365332
2.0639513135E9	0.0
2.068001958E9	262.02367346938775
2.074815803E9	256.76042476042477
2.081629648E9	267.3120947279391
2.088443493E9	249.78173719376392
2.095257338E9	250.39438924605494
2.102071183E9	244.90067911714772
2.108885028E9	253.50715670883739
2.115698873E9	226.21975546975548
2.122512718E9	255.22357949287434
2.129326563E9	223.76820990781076
2.136140408E9	230.79471500327583
2.142954253E9	234.99922813981695
2.149768098E9	223.9002719854941
2.156581943E9	230.72651725006295
2.163395788E9	237.20457076197042
2.170209633E9	259.43987162544835
2.177023478E9	230.44321993291805
2.183837323E9	229.86680108373764
2.190651168E9	252.97959113078971
2.197465013E9	171.60456065066614
2.204278858E9	241.0057597051031
2.2082174155E9	225.73134328358208
2.211624338E9	257.7009862881886
2.217906548E9	230.3778429933969
2.224720393E9	225.86493579006142
2.231534238E9	224.41283794990878
2.238348083E9	240.83956880152186
2.245161928E9	220.39388855602158
2.251975773E9	243.05157268347975
2.258789618E9	227.13499699338544
2.265603463E9	231.19005847953215
2.272417308E9	228.15125847047435
2.279231153E9	268.84767674840185
2.286044998E9	234.76061717079133
2.292858843E9	234.74164921373043
2.299672688E9	236.35268774441573
2.306486533E9	256.5342139454309
2.313300378E9	240.5160996209031
2.320114223E9	239.9281252243843
2.326928068E9	229.49426761200783
2.333741913E9	243.31659996519923
2.3376495495E9	234.91760138050043
2.341056472E9	642.2923655292076
2.347369603E9	232.1519174041298
2.354183448E9	235.1597955010225
2.360997293E9	262.8762970914481
2.367811138E9	244.4435507458321
2.374624983E9	233.2840952021156
2.381438828E9	253.46487915407855
2.388252673E9	254.1079335793358
2.395066518E9	246.74702986192872
2.401880363E9	249.93975022844958
2.408694208E9	234.73338958025732
2.415508053E9	234.41509433962264
2.422321898E9	234.7084846483988
2.429135743E9	227.12584573748308
2.435949588E9	227.12622587788675
2.442763433E9	254.88385641796654
2.449577278E9	241.7972746421356
2.456391123E9	227.80625353478226
2.4612717095E9	215.69479620102888
2.462753523E9	0.0
2.4646867815E9	247.89655172413794
2.470018813E9	253.2788697788698
2.476832658E9	258.33180120654987
2.483646503E9	252.8418574443903
2.490460348E9	245.71497584541063
2.497274193E9	242.40928398058253
2.504088038E9	237.1338342810723
2.510901883E9	244.15358744394618
2.517715728E9	239.3977317168557
2.524529573E9	248.184375
2.531343418E9	236.2492581602374
2.538157263E9	260.1289476969167
2.544971108E9	244.50651769087523
2.551784953E9	229.62076749435667
2.558598798E9	254.23035952063915
2.565412643E9	267.60431198478125
2.572226488E9	228.63377745768815
2.579040333E9	260.2996632996633
2.585854178E9	246.48396501457725
2.592668023E9	222.38843298163346
2.599481868E9	248.32917623892354
2.606295713E9	226.85183189655172
2.613109558E9	299.5969245107176
2.619923403E9	224.05598169829094
2.626737248E9	245.6358695652174
2.631968571E9	572.881346645562
2.6353754935E9	254.7987804878049
2.640364938E9	286.46666666666664
2.647178783E9	222.63636363636363
2.653992628E9	227.4975369458128
2.660806473E9	216.23333333333332
2.667620318E9	230.44094488188978
2.674434163E9	223.4757281553398
2.681248008E9	245.54545454545453
2.688061853E9	228.54545454545453
2.694875698E9	246.16161616161617
2.701689543E9	226.94
2.708503388E9	220.76666666666668
2.715317233E9	206.41379310344828
2.7221309125E9	438.0087024819353
