# Position (bp)	A	C	G	T	N
0.0	21.86996822126378	27.83892824268844	27.73361992669417	22.553521667960943	0.003961941392669391
1.0	25.189303413533693	20.364227868278512	23.491083411627304	30.9537772498255	0.001608056735000743
2.0	27.86899847251855	22.548029270426383	22.970107518639555	26.61225686710282	6.078713126946508E-4
3.0	30.725566838921303	21.08227046746899	23.43118437603454	24.76035751283029	6.208047448796434E-4
4.0	30.461961935270843	20.350742609653626	23.77038519080628	25.416194614355014	7.156499142362556E-4
5.0	30.874706556590514	21.359257162286855	21.88567371908042	25.8788234836122	0.0015390784300141158
6.0	24.746872254205403	21.664033491726205	20.054200565372053	33.53430737310396	5.863155923863299E-4
7.0	25.93416132878772	23.608635376756702	21.83580671571915	28.62093528632183	4.612924145980684E-4
8.0	25.213256129940298	23.7619482818776	21.783249558463403	29.241356339379987	1.896903387132244E-4
9.0	31.83044839476491	20.233798515836924	21.555517684550054	26.379903446755364	3.319580927481427E-4
10.0	27.584368119279358	23.28865795335592	24.13308605185815	24.993732674320356	1.5520118621991085E-4
11.0	25.64049481759528	23.54531760392304	23.38354623415315	27.430227474498615	4.138698299197623E-4
12.0	26.602599904404688	23.041469886292283	21.990266385160457	28.365180976007665	4.828481349063893E-4
13.0	27.61840460164619	21.93911897201287	21.806469380379525	28.634873215073192	0.001133830888217682
14.0	27.343323432503585	22.141337495369292	22.36830629678373	28.14538160716778	0.001651168175617385
15.0	27.474261499944454	22.206832395954095	22.455688875769596	27.85941048812541	0.00380674020644948
16.0	27.56126900939696	22.278587077716434	22.301664631878523	27.851900475169987	0.006578805838099554
17.0	27.772368489520403	22.178443512308036	22.252043363728767	27.78844043458229	0.0087041998605
18.0	27.442203832701917	22.374471232791908	22.3231686184581	27.852939460888848	0.007216855159225855
19.0	27.617275081902037	22.27653066199902	22.43203793944731	27.666926528060227	0.007229788591410847
20.0	27.52369307775549	22.433986576563182	22.314662731224438	27.719910488578076	0.007747125878810551
21.0	27.797075656137803	22.25468609503857	22.32629850904687	27.614162435889515	0.007777303887242199
22.0	27.67280261741627	22.24940063241897	22.224990934741825	27.843661878868147	0.009143936554789749
23.0	27.7902726708085	22.245559403060025	22.286049668087173	27.67129371699469	0.006824541049614414
24.0	27.7504848148822	22.431170945425666	22.282820609439685	27.531932249222013	0.003591381030437493
25.0	28.03210643299266	22.354402766787324	22.20285344237377	27.409192963306474	0.0014443945397747237
26.0	28.36462112075489	21.881311797458487	22.056741013699305	27.69643350700186	8.925610854577653E-4
27.0	28.16318851415151	22.025756035852655	22.98006691379184	26.830622001068814	3.665351351740613E-4
28.0	27.22794757670967	23.314287375209545	23.58797078134342	25.869613142254476	1.8112448288960136E-4
29.0	25.088892964090192	23.89201439193952	23.180961249896058	27.838014946059552	1.1644801467348494E-4
30.0	26.511407742868737	21.493941049240426	20.469576879332383	31.52488885223455	1.854763239041196E-4
31.0	29.123556258984962	21.721670597285538	23.632336174986424	25.522212641332743	2.2432741034194228E-4
32.0	28.552837550292665	21.817491559659764	23.464648512558977	26.164685838215995	3.3653927260142745E-4
33.0	32.91056202828726	20.177824948961778	21.55389665238369	25.35722440449365	4.919658736219939E-4
34.0	25.74235212725516	22.028987747051033	21.39669389592181	30.830580491411315	0.0013857383606827433
35.0	25.46610460780181	23.74255974577645	20.44894668006961	30.341848525135923	5.404412162089129E-4
36.0	24.605681018648614	23.616437274196986	21.428273500269157	30.349103685964607	5.045209206341184E-4
37.0	26.56821514506802	23.004356021377212	22.568125682027592	27.858692771221488	6.103803056918231E-4
38.0	30.4020860317921	23.728638507745583	20.737523491147265	25.130099303282584	0.0016526660324728722
39.0	22.489593382731325	27.612472703296646	27.88011431699496	22.014105648975413	0.003713948001656291
