#Position (bp)	mapping quality
3406923.0	38.40702356348363
1.0220768E7	39.075742202495675
1.7034613E7	40.66775348034262
2.3848458E7	31.859262389559365
3.0662303E7	38.71846849950619
3.7476148E7	40.24012471576464
4.4289993E7	40.45667091114884
5.1103838E7	39.0534773001288
5.7917683E7	40.03379528745307
6.4731528E7	40.489409228041254
7.1545373E7	38.41677697094153
7.8359218E7	40.292575665672665
8.5173063E7	39.522468324136284
9.1986908E7	40.19481777417901
9.8800753E7	38.977109107105164
1.05614598E8	37.78844180598218
1.12428443E8	39.853976849888966
1.19242288E8	37.74802802668066
1.26056133E8	40.26335105116279
1.300790245E8	32.15138496471469
1.33485947E8	38.327633421300355
1.39683823E8	39.687804439847014
1.46497668E8	31.796800486662057
1.53311513E8	40.54256666026013
1.60125358E8	40.11486327557669
1.66939203E8	40.136373735786755
1.73753048E8	41.08301156275576
1.80566893E8	37.25665720714305
1.87380738E8	40.842161064948996
1.94194583E8	40.594528663804645
2.01008428E8	40.309092186443436
2.07822273E8	40.83674607277518
2.14636118E8	36.51181066197802
2.21449963E8	29.11339422258078
2.28263808E8	40.87132986498923
2.35077653E8	38.46684776270593
2.41891498E8	39.917140837494564
2.48705343E8	40.79348668673444
2.52444901E8	40.80525389652889
2.558518235E8	39.14652423216422
2.62333033E8	36.599577405769736
2.69146878E8	37.02690308264338
2.75960723E8	34.087933284103336
2.82774568E8	40.591436511752974
2.89588413E8	37.7842189892672
2.96402258E8	37.71729128817647
3.03216103E8	38.94679637811739
3.10029948E8	31.919542304622905
3.16843793E8	35.98884396561024
3.23657638E8	38.031989395784336
3.30471483E8	37.02858999174392
3.37285328E8	41.04535820677351
3.44099173E8	33.65348492013451
3.50913018E8	40.13945259591477
3.57726863E8	40.888190012135134
3.64540708E8	40.1746172889748
3.704270945E8	39.70731931182605
3.73834017E8	0.0
3.78168398E8	32.853001357537764
3.84982243E8	30.514811841375348
3.91796088E8	39.99818186804589
3.98609933E8	40.17038213846505
4.05423778E8	40.17785965251517
4.12237623E8	40.57203431932673
4.19051468E8	40.09545835056329
4.25865313E8	39.67414021198004
4.32679158E8	37.24428790369044
4.39493003E8	37.23181472477428
4.46306848E8	39.46476001077601
4.53120693E8	37.15550676223679
4.59934538E8	34.667573860638775
4.66748383E8	40.56418439507145
4.73562228E8	39.27072786112897
4.80376073E8	39.83377963208265
4.87189918E8	40.44819448855994
4.91962519E8	35.35284262829575
4.953694415E8	1.850130890052356
5.00817608E8	35.54460657709173
5.07631453E8	38.74413841322701
5.14445298E8	33.25401322693218
5.21259143E8	40.537793375458165
5.28072988E8	39.94056605828349
5.34886833E8	36.35170980055364
5.41700678E8	34.83194735213871
5.48514523E8	39.69788980079348
5.55328368E8	40.54404599543554
5.62142213E8	36.54614498962279
5.68956058E8	40.47995571198325
5.75769903E8	39.31111917412127
5.82583748E8	30.161189468146404
5.89397593E8	35.51281016563091
5.96211438E8	38.50697294308995
6.03025283E8	13.755882211422797
6.09839128E8	36.31409209081544
6.15738246E8	40.57429821579693
6.191451685E8	0.0
6.23466818E8	39.93107675977098
6.30280663E8	39.780819765768236
6.37094508E8	14.318136315533565
6.43908353E8	39.04173193515041
6.50722198E8	38.69945551272478
6.57536043E8	39.57040284001924
6.64349888E8	30.705270956162824
6.71163733E8	40.586487099034585
6.77977578E8	39.118213420646455
6.84791423E8	40.57331236442991
6.91605268E8	40.44911699013551
6.98419113E8	40.20055676286528
7.05232958E8	39.683814698130796
7.12046803E8	37.01222893579357
7.18860648E8	40.577494718552124
7.222708485E8	0.0
7.25677771E8	40.40432613968036
7.32488338E8	23.434379997507865
7.39302183E8	33.603895041912864
7.46116028E8	40.0128632269899
7.52929873E8	40.178734008680536
7.59743718E8	40.07767955633847
7.66557563E8	40.63326600570763
7.73371408E8	39.376039169230644
7.80185253E8	32.8695774451186
7.86999098E8	33.72974382703067
7.93812943E8	30.934629120776275
8.00626788E8	39.61057921451876
8.07440633E8	37.52836526083462
8.14254478E8	35.98781014702129
8.190716475E8	37.92320964793066
8.2247857E8	33.06094953927161
8.27882168E8	34.17487912830001
8.34696013E8	37.707868997781006
8.41509858E8	38.74210417251591
8.48323703E8	40.63786623334954
8.55137548E8	33.31798406594218
8.61951393E8	38.656462245853
8.68765238E8	40.62491575575068
8.75579083E8	39.459251328201645
8.82392928E8	39.09026150075999
8.89206773E8	38.50758148988887
8.96020618E8	40.16507066599363
9.02834463E8	39.81951960267956
9.09648308E8	39.64052986854794
9.14262198E8	28.953311781069093
9.176691205E8	37.2337821330655
9.23275998E8	39.88460840664225
9.30089843E8	39.16423892462622
9.36903688E8	38.44926709568551
9.43717533E8	34.54664437816994
9.50531378E8	40.596572872790865
9.57345223E8	40.13804397575199
9.64159068E8	38.683860481405326
9.70972913E8	39.68749201836747
9.77786758E8	40.11791668221633
9.84600603E8	39.77176479080292
9.91414448E8	39.683537523336746
9.98228293E8	40.42230440753917
1.00390351E9	27.58643997355247
1.0073104325E9	0.0
1.011855983E9	39.537125723108126
1.018669828E9	39.29014938822809
1.025483673E9	38.554507041205746
1.032297518E9	40.51926739801487
1.039111363E9	39.46043289674365
1.045925208E9	40.021423659937184
1.052739053E9	40.95595353441573
1.059552898E9	40.128630038702894
1.0652815955E9	36.675743467129045
1.068688518E9	0.0
1.073180588E9	35.671513140113746
1.079994433E9	38.680570986511285
1.086808278E9	36.11789517037985
1.093622123E9	29.760686146691178
1.100435968E9	39.3465359514235
1.107249813E9	40.984811567595315
1.114063658E9	37.183343392120435
1.120877503E9	40.43430023858982
1.127691348E9	39.87276915280487
1.134505193E9	39.540362533256314
1.141319038E9	32.35691956593217
1.148132883E9	40.323303451510746
1.154946728E9	38.78233253920706
1.161760573E9	40.37142879220483
1.168574418E9	25.06439253213247
1.175388263E9	40.205882900547266
1.182202108E9	12.73952099260848
1.189015953E9	37.39699366574379
1.195829798E9	39.953607602355
1.202643643E9	40.436747917450326
1.209457488E9	37.55004365238841
1.216271333E9	38.37312030871542
1.223085178E9	40.42578828806459
1.229899023E9	40.578391772872685
1.236712868E9	34.46512717157165
1.243526713E9	37.54464410016324
1.250340558E9	41.018283365923935
1.257154403E9	39.091113055859104
1.2618183335E9	30.613617035468327
1.265225256E9	40.93202757428317
1.270782093E9	38.13711485875866
1.277595938E9	39.26774941936402
1.284409783E9	33.7413232003503
1.291223628E9	40.871097176777894
1.298037473E9	40.92721044484503
1.304851318E9	40.70237966364424
1.311665163E9	38.738371705967296
1.318479008E9	38.428235147621855
1.325292853E9	40.84340790837497
1.332106698E9	40.248932103382366
1.338920543E9	36.02115024752443
1.345734388E9	35.24011605859371
1.352548233E9	34.56846612753967
1.359362078E9	20.620375550338586
1.366175923E9	40.451545239655495
1.372989768E9	36.50926315991959
1.379803613E9	40.07310246845851
1.386617458E9	38.72622764281603
1.393431303E9	40.62594988544532
1.400245148E9	37.5220126774347
1.407058993E9	40.364360536969954
1.413872838E9	39.707478413827666
1.420686683E9	40.62220075025577
1.427500528E9	40.8789014289942
1.434314373E9	41.14931583822012
1.441128218E9	36.26555924134078
1.444861853E9	40.53797036069284
1.4482687755E9	31.487642940257267
1.454755908E9	38.24472587085918
1.461569753E9	39.02773473890261
1.468383598E9	36.752341568264775
1.475197443E9	40.51743018370321
1.482011288E9	40.148124105407895
1.488825133E9	35.20450707988245
1.495638978E9	40.14042620792437
1.502452823E9	40.10331762365078
1.509266668E9	25.89471499593854
1.516080513E9	39.4832042167789
1.522894358E9	37.544501374412704
1.529708203E9	40.205971005937464
1.536522048E9	39.50069864627498
1.543335893E9	39.90815379033197
1.550149738E9	40.52511784654319
1.556963583E9	37.95754844208097
1.563777428E9	39.46809351277477
1.570591273E9	39.628015071667924
1.577405118E9	40.83994280467723
1.584218963E9	40.20351382452185
1.591032808E9	39.78777240135129
1.597846653E9	38.4760013698054
1.6032409105E9	37.236123877907986
1.606647833E9	0.0
1.611474343E9	39.72806332424711
1.618288188E9	33.91508313851857
1.625102033E9	38.702065996349496
1.631915878E9	28.243970942630767
1.638729723E9	40.60434208898173
1.645543568E9	40.35655637121035
1.652357413E9	40.49684905939621
1.659171258E9	35.490803969263496
1.665985103E9	40.16098574265225
1.672798948E9	31.895265389035387
1.679612793E9	32.30016455092903
1.686426638E9	35.247770139256126
1.693240483E9	38.979228884506895
1.700054328E9	36.25574926244154
1.706868173E9	40.91998421665854
1.713682018E9	40.43453773445224
1.720495863E9	39.31571851113826
1.727309708E9	40.084181678499014
1.734123553E9	40.298923617586645
1.740937398E9	40.02967961917631
1.747751243E9	39.17296901419128
1.754565088E9	38.875717338885835
1.759854186E9	40.91809509709651
1.7632611085E9	0.9522102747909199
1.768192778E9	37.910271614139965
1.775006623E9	10.477681663249093
1.781820468E9	38.08306892866655
1.788634313E9	39.94855286076504
1.795448158E9	40.44976936649432
1.802262003E9	38.775711190472094
1.809075848E9	38.62414560882943
1.815889693E9	38.99373939438654
1.822703538E9	39.397539845091366
1.829517383E9	40.21845294858601
1.836331228E9	40.401224396021405
1.843145073E9	12.849578503688093
1.849958918E9	39.372815462352534
1.856772763E9	38.45485312122817
1.863586608E9	36.721395589268184
1.870400453E9	39.63702850672507
1.877214298E9	40.35787254910437
1.884028143E9	40.930133498152365
1.890841988E9	39.85384897483591
1.897655833E9	40.13365468991403
1.904469678E9	40.51000401630908
1.910723823E9	37.87062905325888
1.9141307455E9	0.0
1.918097368E9	31.55395313944548
1.924911213E9	35.67886887028893
1.931725058E9	35.43183725670437
1.938538903E9	36.96040419367156
1.945352748E9	41.171988175857074
1.952166593E9	38.67173088333998
1.958980438E9	38.85377467711513
1.965794283E9	36.867980597778214
1.972608128E9	38.48515301536633
1.979421973E9	36.3907282809065
1.986235818E9	39.8907161806212
1.993049663E9	26.799517008096732
1.999863508E9	40.661514286776324
2.006677353E9	40.233995404727416
2.013491198E9	40.99611193478102
2.020305043E9	39.123493912452524
2.027118888E9	40.901491697873894
2.033932733E9	40.06712651840904
2.040746578E9	39.8323952466775
2.047560423E9	39.517515755249626
2.054374268E9	39.90207063755609
2.060544391E9	39.069665901009195
2.0639513135E9	0.0
2.068001958E9	38.753258512094206
2.074815803E9	31.244329091581296
2.081629648E9	39.510734340181536
2.088443493E9	39.11613327201448
2.095257338E9	39.5541929532948
2.102071183E9	37.80235759641181
2.108885028E9	39.721795449237646
2.115698873E9	32.94276541228043
2.122512718E9	37.115903497839554
2.129326563E9	40.21617238844279
2.136140408E9	41.05163395067029
2.142954253E9	40.34498270984488
2.149768098E9	37.258052522177
2.156581943E9	27.923387096774192
2.163395788E9	40.84842697756423
2.170209633E9	18.579584699490052
2.177023478E9	40.77792436555137
2.183837323E9	40.55048406270736
2.190651168E9	40.93527014508005
2.197465013E9	28.123961257593674
2.204278858E9	40.1192038111912
2.2082174155E9	40.8120146645583
2.211624338E9	36.8155654521974
2.217906548E9	40.33627562670454
2.224720393E9	39.64949336544712
2.231534238E9	34.08938653928958
2.238348083E9	34.019778212900555
2.245161928E9	39.32834866127007
2.251975773E9	38.13396054952692
2.258789618E9	34.36393729443714
2.265603463E9	34.48420644405575
2.272417308E9	36.40524094185782
2.279231153E9	40.054143042050576
2.286044998E9	39.22059790476276
2.292858843E9	40.37763226013029
2.299672688E9	40.05878667820664
2.306486533E9	39.55957615694782
2.313300378E9	40.0420596453455
2.320114223E9	40.59896843244822
2.326928068E9	40.91960474467373
2.333741913E9	40.35492841828447
2.3376495495E9	33.26381592603829
2.341056472E9	3.9600732668416847
2.347369603E9	37.351290848095196
2.354183448E9	40.18485906635007
2.360997293E9	40.234879308683695
2.367811138E9	40.77839084335886
2.374624983E9	33.87243228496159
2.381438828E9	39.46122617532541
2.388252673E9	39.56644847627593
2.395066518E9	24.56125360794073
2.401880363E9	40.78675812545216
2.408694208E9	40.55433260170991
2.415508053E9	36.96127158462756
2.422321898E9	37.71184169861054
2.429135743E9	35.96776377097657
2.435949588E9	40.46992475837316
2.442763433E9	40.446844240713986
2.449577278E9	40.58157626115923
2.456391123E9	40.027020737639255
2.4612717095E9	36.48838307308919
2.462753523E9	0.0
2.4646867815E9	3.1684800527530497
2.470018813E9	37.4294052064428
2.476832658E9	37.33057184853363
2.483646503E9	37.526851169731984
2.490460348E9	3.3706634780282885
2.497274193E9	36.51139390206101
2.504088038E9	38.30726759273563
2.510901883E9	38.057719888930684
2.517715728E9	37.58644218617972
2.524529573E9	38.37525008553936
2.531343418E9	31.6609396938461
2.538157263E9	37.49177814318171
2.544971108E9	20.4901970344277
2.551784953E9	23.189626889113818
2.558598798E9	11.67760139619865
2.565412643E9	39.0327850161938
2.572226488E9	35.19790039392458
2.579040333E9	26.37595653841559
2.585854178E9	8.190033767105705
2.592668023E9	31.876424377679943
2.599481868E9	37.21150663861153
2.606295713E9	32.716397585533635
2.613109558E9	37.81495058708298
2.619923403E9	39.85691527420583
2.626737248E9	37.88395174249874
2.631968571E9	4.435785532759617
2.6353754935E9	2.3902318535107363
2.640364938E9	1.7125605752696575
2.647178783E9	1.1151333696243877
2.653992628E9	1.4763389522231967
2.660806473E9	1.2164797238999137
2.667620318E9	1.8350913125106674
2.674434163E9	1.715146440767008
2.681248008E9	1.4731170468875388
2.688061853E9	1.219447138700291
2.694875698E9	1.0592188599577763
2.701689543E9	1.010726528806812
2.708503388E9	1.4107485604606527
2.715317233E9	1.3401114206128133
2.7221309125E9	13.589228591132649
