# Position (bp)	A	C	G	T	N
0.0	16.751256427587457	30.090013680984622	32.50338870627989	20.650872097296464	0.004469087851566132
1.0	17.763658301258875	25.06920890837052	28.597146846454475	28.568056942543524	0.0019290013726041592
2.0	20.742058949042878	26.529119388063314	26.685616312559272	26.042698459462894	5.068908716332097E-4
3.0	23.22137202855643	24.61502905526637	28.73391163574191	23.42907056320814	6.167172271537384E-4
4.0	23.733864044321187	23.780616279048157	28.4832400194173	24.001609434838645	6.702223747150216E-4
5.0	24.35403094546243	24.850257396368555	26.822155817014874	23.971015754675182	0.002540086478961973
6.0	19.499494826925208	24.680139187727654	24.4673858246616	31.35230430619002	6.758544955109463E-4
7.0	19.996735059574604	27.404224237032082	25.799416185622537	26.798996536302035	6.279814687455876E-4
8.0	19.56863474181598	26.923342499234455	26.225576237766962	27.28223531665276	2.1120452984717072E-4
9.0	24.90515367776643	24.374084111556318	26.105288217868004	24.61513888162189	3.351111873575108E-4
10.0	21.241557662131438	27.78741120750361	27.62316166873206	23.347675153465435	1.9430816745939707E-4
11.0	19.702411691021176	26.802102650920983	28.047868633711136	25.44700593924034	6.11085106357814E-4
12.0	20.61650771226013	26.814208894571824	26.24039716364144	26.327858367481348	0.0010278620452562307
13.0	21.237944656640853	26.290908838999687	26.195131808804597	26.27382661662565	0.002188078929216689
14.0	21.081520949715244	26.21054692342304	26.84563612861308	25.858944886375063	0.003351111873575109
15.0	20.947437049926666	26.582244367470874	26.911194014677648	25.553188312605908	0.005936255318904478
16.0	21.337928881070503	26.231453355817507	26.71620154454154	25.705652638611987	0.008763579958458605
17.0	21.409518768507503	26.31844427757096	26.43474193988601	25.82790626866872	0.009388745366806228
18.0	21.02492939995779	26.36456571476879	26.661876923404453	25.940517707922833	0.008110253946131355
19.0	21.26479860859582	26.572835909681285	26.625307563076518	25.528699851385227	0.008358067261152034
20.0	21.234154239345195	26.403055628288136	26.776921438842404	25.57506065371688	0.010808039807379216
21.0	21.246950417793535	26.296096022252733	26.981863050364506	25.461024287901402	0.014066221687821569
22.0	21.347616128839494	26.14830072438648	26.490395741530936	25.996512252875913	0.017175152367171924
23.0	21.406376045103375	26.612804254909562	26.459523271388075	25.507692040816433	0.013604387782555755
24.0	21.41568399789865	26.873478501276903	26.208653155150643	25.4929020804947	0.009282265179108573
25.0	21.693778907658672	26.580338851989016	26.260482771172022	25.46135233359753	0.004047135582759642
26.0	22.025292404488074	26.04142403251607	25.855838657131475	26.074842412551856	0.0026024933125216487
27.0	21.81928869062365	26.47052104800043	26.66434305224406	25.044895154410458	9.520547214013253E-4
28.0	21.052662120714416	27.1281640049361	27.702913803333377	24.115809357560646	4.507134554558342E-4
29.0	19.478501266918304	27.35389589351688	27.143559846042802	26.023933120687136	1.0987283487127129E-4
30.0	20.389790041571736	25.598429505929815	24.255816670272377	29.755707371810715	2.5641041535725943E-4
31.0	22.84377252417026	26.040541984658823	26.811087015188544	24.304344841284426	2.5363469794812906E-4
32.0	22.482138915421945	25.620606466062	27.035977322473737	24.860930589700413	3.4670634189884974E-4
33.0	25.431504659056547	24.346846413025204	24.775862987461885	25.445204987855973	5.809526003875518E-4
34.0	19.73715832957926	26.969059518104505	24.508910841738384	28.781348909646155	0.003522400931697626
35.0	19.81242414236601	28.52307294169087	23.859156631713972	27.804695631392377	6.506528367671584E-4
36.0	19.072348872793565	28.25612289348087	25.596022653608376	27.07503267796597	4.7290215121764185E-4
37.0	21.233377913510726	27.09029288421741	27.31381743320121	24.36179776348387	7.140055867877142E-4
38.0	23.582263159777465	29.015512654134017	27.21038461741454	20.19007150258642	0.0017680660875541636
39.0	17.811150712821583	32.26097184237997	30.771155985322174	19.15100835653297	0.005713102943303498
