# Position (bp)	A	C	G	T	N
0.0	21.905102339626353	26.497691184575125	28.585727454801702	23.00800141617602	0.003477604820805307
1.0	22.71517300650637	22.49169085371515	24.517774839929967	30.27402875968353	0.0013325401649814728
2.0	26.248219081736824	23.434154261133024	22.66090178734804	27.656194020448098	5.308493340170095E-4
3.0	29.010255250777018	22.03054528735254	24.179396307303698	24.779369808171634	4.333463951159261E-4
4.0	29.396079796838542	20.83023535801075	24.56157532681631	25.21154075119081	5.68767143589653E-4
5.0	30.20827386105463	21.66725475383704	22.700000465847374	25.42329005033427	0.0011808689266908986
6.0	24.954327998369752	21.760007132881665	20.70432114607988	32.5808562079742	4.875146945054169E-4
7.0	25.74793150223536	23.78126472362088	21.97933457710971	28.490976265509605	4.92931524444366E-4
8.0	25.172897086406348	23.74013473389444	22.193283109208384	28.893555066572297	1.3000391853477784E-4
9.0	31.11925465286733	20.664648283607015	22.06366378559927	26.152249105708464	1.8417221792426858E-4
10.0	27.377313947871247	23.565718226690215	24.299146166764043	24.757724155735595	9.750293890108338E-5
11.0	25.57950600894362	23.68862609800497	23.668865502387685	27.06273154916678	2.708414969474538E-4
12.0	26.371078201582126	23.141396270252578	22.598201980804706	27.888966036584616	3.5751077597063905E-4
13.0	27.051578296322482	22.50437706943217	22.424094232907006	28.01894828779964	0.001002113538705579
14.0	26.88196651727411	22.603905902730418	22.83959759020403	27.673110780347436	0.001419209444004658
15.0	26.939336163157517	22.721608200473842	22.9578903224108	27.377980217953734	0.0031850960041020565
16.0	27.112950979530776	22.734549007197995	22.755002957047463	27.391809384787873	0.00568767143589653
17.0	27.30036787858847	22.644375039204306	22.699475033343298	27.34823098792903	0.007551060934895012
18.0	27.081408778796273	22.728547159625638	22.789903592344114	27.393748609906016	0.006391859327959911
19.0	27.17960507192954	22.74497640483047	22.848529942773357	27.220269214281235	0.0066193661853957714
20.0	27.150727951525006	22.829923131933068	22.76722874221967	27.244894123183695	0.0072260511385580685
21.0	27.325512803165076	22.789529831078326	22.746043520328442	27.131671543799783	0.007242301628374915
22.0	27.246605841444406	22.70778986729958	22.639472808109556	27.397258715706457	0.008872767439998586
23.0	27.306353475671013	22.74006875690578	22.72946260388532	27.217999562536814	0.006115601001073508
24.0	27.258388558060275	22.943506069948352	22.743531823099364	27.05125825052897	0.00331529836303893
25.0	27.511108440887337	22.921226731379022	22.614840223675422	26.951508152438166	0.0013164516200508257
26.0	27.79100033038021	22.50717078923162	22.52346225024139	27.17746726781634	8.993623304363391E-4
27.0	27.713011506110657	22.646443378622344	23.10520863359247	26.534946370557883	3.9011111664972575E-4
28.0	26.970263333230744	23.59448971302413	23.6773354042679	25.757738152778963	1.7339669826676996E-4
29.0	24.881374890463007	24.109605818561757	23.48235783764626	27.526569325739853	9.212758912395876E-5
30.0	26.31710713916951	22.017610589226543	20.832414844798247	30.832634360622222	2.330661834789139E-4
31.0	28.74492559765906	22.20152907952457	23.65146519394906	25.401874125059816	2.0600380749247774E-4
32.0	28.39608186381718	22.017609793345038	23.591117303659136	25.994806053365103	3.849858135438877E-4
33.0	31.967764291926255	20.875882260531146	21.725822893467367	25.429982667247607	5.478868276289454E-4
34.0	25.3965080587374	22.793974357839684	21.69222055752453	30.11606447511173	0.001232550786657893
35.0	25.1863762536221	24.563952207148642	20.972338559069016	29.27672900193523	6.039782250070274E-4
36.0	24.6524238719412	24.282804966581296	22.27306523422706	28.79123979064873	4.6613660171500977E-4
37.0	27.591367169177605	22.73404906632291	23.508988723699055	26.165088503828237	5.06536972189882E-4
38.0	29.963356476611263	24.691519108474782	22.74159048388228	22.60213130812684	0.001402622904832036
39.0	23.135689260869494	28.538153115202086	26.48409506218492	21.83868007904106	0.0033824827024407102
