#Insert size (bp)	insert size
31.0	1.0
36.0	2.0
37.0	11.0
38.0	16.0
39.0	23.0
40.0	129.0
41.0	491.0
42.0	574.0
43.0	490.0
44.0	490.0
45.0	541.0
46.0	556.0
47.0	513.0
48.0	531.0
49.0	553.0
50.0	553.0
51.0	535.0
52.0	530.0
53.0	490.0
54.0	563.0
55.0	580.0
56.0	556.0
57.0	541.0
58.0	521.0
59.0	590.0
60.0	489.0
61.0	575.0
62.0	536.0
63.0	530.0
64.0	504.0
65.0	533.0
66.0	499.0
67.0	526.0
68.0	581.0
69.0	541.0
70.0	547.0
71.0	540.0
72.0	570.0
73.0	578.0
74.0	590.0
75.0	624.0
76.0	588.0
77.0	630.0
78.0	600.0
79.0	641.0
80.0	656.0
81.0	678.0
82.0	731.0
83.0	846.0
84.0	849.0
85.0	947.0
86.0	1060.0
87.0	1105.0
88.0	1197.0
89.0	1324.0
90.0	1514.0
91.0	1765.0
92.0	1946.0
93.0	2014.0
94.0	2402.0
95.0	2678.0
96.0	2948.0
97.0	3421.0
98.0	3742.0
99.0	4162.0
100.0	4779.0
101.0	5478.0
102.0	6186.0
103.0	6415.0
104.0	7154.0
105.0	7974.0
106.0	8709.0
107.0	9681.0
108.0	10413.0
109.0	11539.0
110.0	12428.0
111.0	13338.0
112.0	14451.0
113.0	15365.0
114.0	16754.0
115.0	18475.0
116.0	19799.0
117.0	21155.0
118.0	23008.0
119.0	23932.0
120.0	25401.0
121.0	26920.0
122.0	29147.0
123.0	30441.0
124.0	32583.0
125.0	34316.0
126.0	36289.0
127.0	38933.0
128.0	40768.0
129.0	43403.0
130.0	45185.0
131.0	47744.0
132.0	49439.0
133.0	51263.0
134.0	54738.0
135.0	56094.0
136.0	58994.0
137.0	61024.0
138.0	64231.0
139.0	66830.0
140.0	69167.0
141.0	71477.0
142.0	73370.0
143.0	75169.0
144.0	79088.0
145.0	80559.0
146.0	82912.0
147.0	85251.0
148.0	87112.0
149.0	89875.0
150.0	93118.0
151.0	93909.0
152.0	95977.0
153.0	97623.0
154.0	99754.0
155.0	102189.0
156.0	104611.0
157.0	106353.0
158.0	108655.0
159.0	111345.0
160.0	111717.0
161.0	113449.0
162.0	116102.0
163.0	115125.0
164.0	115569.0
165.0	116336.0
166.0	118535.0
167.0	119899.0
168.0	120803.0
169.0	122669.0
170.0	122836.0
171.0	124986.0
172.0	125654.0
173.0	126904.0
174.0	127016.0
175.0	126440.0
176.0	125835.0
177.0	127998.0
178.0	127933.0
179.0	129076.0
180.0	128690.0
181.0	130001.0
182.0	129852.0
183.0	129475.0
184.0	130272.0
185.0	129770.0
186.0	128445.0
187.0	129073.0
188.0	129028.0
189.0	130261.0
190.0	128892.0
191.0	129506.0
192.0	128194.0
193.0	127295.0
194.0	128130.0
195.0	126557.0
196.0	126522.0
197.0	125912.0
198.0	126093.0
199.0	124825.0
200.0	125087.0
201.0	124547.0
202.0	122890.0
203.0	122778.0
204.0	122984.0
205.0	120713.0
206.0	118262.0
207.0	117493.0
208.0	116222.0
209.0	116391.0
210.0	115281.0
211.0	115368.0
212.0	114125.0
213.0	113050.0
214.0	112532.0
215.0	112633.0
216.0	110613.0
217.0	109860.0
218.0	109309.0
219.0	106337.0
220.0	107469.0
221.0	105645.0
222.0	105360.0
223.0	104171.0
224.0	103794.0
225.0	103038.0
226.0	102071.0
227.0	100705.0
228.0	99889.0
229.0	98350.0
230.0	96492.0
231.0	96523.0
232.0	95024.0
233.0	95366.0
234.0	94489.0
235.0	94069.0
236.0	92409.0
237.0	91458.0
238.0	90957.0
239.0	89182.0
240.0	87582.0
241.0	86605.0
242.0	85562.0
243.0	85370.0
244.0	83903.0
245.0	82980.0
246.0	81604.0
247.0	80545.0
248.0	79977.0
249.0	79397.0
250.0	78310.0
251.0	77896.0
252.0	77476.0
253.0	75453.0
254.0	75595.0
255.0	73877.0
256.0	73029.0
257.0	72303.0
258.0	71635.0
259.0	70636.0
260.0	70377.0
261.0	70317.0
262.0	68613.0
263.0	67340.0
264.0	66699.0
265.0	65774.0
266.0	64676.0
267.0	63874.0
268.0	63712.0
269.0	62803.0
270.0	61544.0
271.0	61113.0
272.0	60207.0
273.0	59356.0
274.0	58501.0
275.0	58033.0
276.0	57656.0
277.0	56931.0
278.0	55965.0
279.0	55566.0
280.0	54356.0
281.0	54188.0
282.0	53699.0
283.0	52842.0
284.0	51850.0
285.0	51599.0
286.0	50557.0
287.0	49951.0
288.0	49503.0
289.0	48704.0
290.0	48241.0
291.0	47398.0
292.0	46850.0
293.0	46315.0
294.0	45420.0
295.0	45323.0
296.0	44317.0
297.0	44002.0
298.0	43369.0
299.0	42413.0
300.0	41983.0
301.0	41478.0
302.0	40726.0
303.0	40863.0
304.0	40075.0
305.0	39438.0
306.0	39336.0
307.0	38461.0
308.0	38325.0
309.0	37749.0
310.0	36689.0
311.0	36173.0
312.0	36365.0
313.0	35513.0
314.0	35044.0
315.0	34469.0
316.0	34500.0
317.0	33810.0
318.0	33326.0
319.0	33023.0
320.0	32838.0
321.0	32211.0
322.0	32092.0
323.0	31455.0
324.0	30981.0
325.0	30235.0
326.0	30072.0
327.0	29911.0
328.0	29153.0
329.0	28793.0
330.0	28069.0
331.0	27828.0
332.0	26977.0
333.0	27319.0
334.0	26840.0
335.0	26648.0
336.0	26311.0
337.0	26126.0
338.0	25733.0
339.0	25431.0
340.0	25147.0
341.0	24525.0
342.0	24161.0
343.0	23610.0
344.0	23415.0
345.0	22909.0
346.0	22468.0
347.0	22371.0
348.0	21909.0
349.0	21395.0
350.0	21762.0
351.0	21449.0
352.0	21175.0
353.0	20955.0
354.0	20975.0
355.0	20149.0
356.0	20050.0
357.0	19563.0
358.0	19413.0
359.0	19342.0
360.0	18808.0
361.0	18624.0
362.0	18596.0
363.0	18048.0
364.0	18085.0
365.0	17788.0
366.0	17546.0
367.0	17156.0
368.0	16824.0
369.0	16717.0
370.0	16505.0
371.0	15955.0
372.0	15876.0
373.0	15820.0
374.0	15710.0
375.0	15353.0
376.0	15074.0
377.0	14877.0
378.0	14683.0
379.0	14597.0
380.0	14347.0
381.0	14105.0
382.0	13760.0
383.0	13818.0
384.0	13526.0
385.0	13261.0
386.0	13167.0
387.0	13052.0
388.0	13025.0
389.0	12889.0
390.0	12320.0
391.0	12118.0
392.0	12118.0
393.0	12120.0
394.0	11716.0
395.0	11791.0
396.0	11342.0
397.0	11571.0
398.0	11219.0
399.0	10908.0
400.0	10781.0
401.0	10674.0
402.0	10540.0
403.0	10359.0
404.0	10332.0
405.0	10253.0
406.0	10017.0
407.0	9968.0
408.0	9469.0
409.0	9744.0
410.0	9286.0
411.0	9091.0
412.0	9188.0
413.0	9286.0
414.0	8861.0
415.0	8727.0
416.0	8434.0
417.0	8634.0
418.0	8368.0
419.0	8386.0
420.0	8122.0
421.0	8113.0
422.0	7864.0
423.0	7757.0
424.0	7807.0
425.0	7611.0
426.0	7694.0
427.0	7440.0
428.0	7499.0
429.0	7413.0
430.0	7331.0
431.0	7108.0
432.0	6982.0
433.0	6936.0
434.0	6849.0
435.0	6637.0
436.0	6582.0
437.0	6644.0
438.0	6419.0
439.0	6359.0
440.0	6335.0
441.0	6067.0
442.0	5938.0
443.0	5998.0
444.0	5820.0
445.0	5821.0
446.0	5724.0
447.0	5672.0
448.0	5462.0
449.0	5481.0
450.0	5390.0
451.0	5368.0
452.0	5320.0
453.0	5090.0
454.0	5166.0
455.0	5146.0
456.0	4980.0
457.0	4822.0
458.0	4875.0
459.0	4638.0
460.0	4799.0
461.0	4585.0
462.0	4680.0
463.0	4634.0
464.0	4653.0
465.0	4605.0
466.0	4397.0
467.0	4250.0
468.0	4201.0
469.0	4186.0
470.0	4247.0
471.0	4158.0
472.0	4127.0
473.0	3985.0
474.0	3907.0
475.0	3864.0
476.0	3881.0
477.0	3765.0
478.0	3754.0
479.0	3638.0
480.0	3686.0
481.0	3424.0
482.0	3586.0
483.0	3542.0
484.0	3347.0
485.0	3301.0
486.0	3236.0
487.0	3333.0
488.0	3168.0
489.0	3232.0
490.0	3149.0
491.0	3076.0
492.0	3078.0
493.0	3077.0
494.0	3029.0
495.0	2932.0
496.0	3015.0
497.0	2801.0
498.0	2856.0
499.0	2784.0
500.0	2751.0
501.0	2826.0
502.0	2660.0
503.0	2695.0
504.0	2626.0
505.0	2574.0
506.0	2613.0
507.0	2446.0
508.0	2509.0
509.0	2481.0
510.0	2363.0
511.0	2440.0
512.0	2390.0
513.0	2347.0
514.0	2360.0
515.0	2365.0
516.0	2313.0
517.0	2223.0
518.0	2196.0
519.0	2179.0
520.0	2153.0
521.0	2044.0
522.0	2109.0
523.0	2106.0
524.0	1961.0
525.0	1983.0
526.0	1948.0
527.0	1894.0
528.0	1883.0
529.0	1824.0
530.0	1914.0
531.0	1804.0
532.0	1782.0
533.0	1717.0
534.0	1804.0
535.0	1693.0
536.0	1720.0
537.0	1697.0
538.0	1623.0
539.0	1656.0
540.0	1609.0
541.0	1675.0
542.0	1560.0
543.0	1701.0
544.0	1560.0
545.0	1606.0
546.0	1489.0
547.0	1436.0
548.0	1588.0
549.0	1428.0
550.0	1380.0
551.0	1439.0
552.0	1360.0
