#Position (bp)	mapping quality
3406923.0	39.52698108669053
1.0220768E7	39.26419863061931
1.7034613E7	39.46364983553967
2.3848458E7	36.597062102757185
3.0662303E7	40.24258825633397
3.7476148E7	40.756298709517985
4.4289993E7	40.13641089742309
5.1103838E7	39.49928410353498
5.7917683E7	40.154556452350405
6.4731528E7	40.53451578855826
7.1545373E7	38.11082463131007
7.8359218E7	39.995486711919376
8.5173063E7	38.59087617945761
9.1986908E7	40.57733373279166
9.8800753E7	39.417643853088386
1.05614598E8	38.54057121913622
1.12428443E8	40.13714078878079
1.19242288E8	37.94063230075455
1.26056133E8	40.060298697246736
1.300790245E8	32.717518220611005
1.33485947E8	39.33655443855207
1.39683823E8	39.717629519570316
1.46497668E8	34.70065672302473
1.53311513E8	40.57991261493167
1.60125358E8	40.209139610674164
1.66939203E8	37.55011484161095
1.73753048E8	40.6607037943523
1.80566893E8	38.25192965725696
1.87380738E8	40.750041981802035
1.94194583E8	40.42778399336317
2.01008428E8	40.225105085583536
2.07822273E8	40.6933217352952
2.14636118E8	37.421904503897636
2.21449963E8	18.73134437799366
2.28263808E8	40.71849443685513
2.35077653E8	34.60779480900595
2.41891498E8	40.46431294784509
2.48705343E8	40.46475780189783
2.52444901E8	40.571653322323236
2.558518235E8	39.43096115165751
2.62333033E8	38.442859542044175
2.69146878E8	38.304937809439906
2.75960723E8	34.226378589667355
2.82774568E8	40.55733874533195
2.89588413E8	37.77217969990895
2.96402258E8	37.805806724847095
3.03216103E8	39.83049163844548
3.10029948E8	33.438310464685195
3.16843793E8	38.594529679399
3.23657638E8	30.927179928133285
3.30471483E8	38.10109400370002
3.37285328E8	40.63526398233832
3.44099173E8	38.23984003770201
3.50913018E8	40.16705331462822
3.57726863E8	40.78230081484858
3.64540708E8	39.98632998197328
3.704270945E8	39.18343681546945
3.73834017E8	0.0
3.78168398E8	36.7554510216877
3.84982243E8	30.134832839568347
3.91796088E8	38.94070834532586
3.98609933E8	36.66332459157715
4.05423778E8	40.85088604733799
4.12237623E8	40.754014202649785
4.19051468E8	40.63343528268593
4.25865313E8	40.04259788861691
4.32679158E8	35.074925171252964
4.39493003E8	37.93811033357929
4.46306848E8	38.5841852040634
4.53120693E8	38.16812761251952
4.59934538E8	37.99516753950705
4.66748383E8	40.39305969365475
4.73562228E8	39.6630262346371
4.80376073E8	40.32563468979906
4.87189918E8	39.66104047466733
4.91962519E8	38.012940313276204
4.953694415E8	1.570420082940264
5.00817608E8	36.541847716095326
5.07631453E8	39.06245658126573
5.14445298E8	37.76188338270569
5.21259143E8	40.73899160339324
5.28072988E8	40.063708278401094
5.34886833E8	30.403222471848167
5.41700678E8	36.26016996943525
5.48514523E8	39.52181762803153
5.55328368E8	40.591062699912314
5.62142213E8	34.24778830000875
5.68956058E8	40.17294163243792
5.75769903E8	39.45767387087729
5.82583748E8	38.5309753952861
5.89397593E8	37.921048547978295
5.96211438E8	38.75600855308963
6.03025283E8	8.49680353491433
6.09839128E8	36.011254436029276
6.15738246E8	40.42165546029918
6.191451685E8	0.0
6.23466818E8	39.776570046940485
6.30280663E8	40.20300007862731
6.37094508E8	7.973933183749858
6.43908353E8	39.6525978954719
6.50722198E8	39.47476741421077
6.57536043E8	39.52267348332768
6.64349888E8	36.2867058375337
6.71163733E8	40.79157975595167
6.77977578E8	40.403425700828244
6.84791423E8	40.752132623047906
6.91605268E8	39.99301400317969
6.98419113E8	40.30942232038173
7.05232958E8	39.24555650748229
7.12046803E8	38.811345815955775
7.18860648E8	40.02024710489504
7.222708485E8	0.0
7.25677771E8	40.13320615880813
7.32488338E8	24.618916321092282
7.39302183E8	33.343985644130306
7.46116028E8	39.755189331302034
7.52929873E8	40.580951665590426
7.59743718E8	40.089358186220224
7.66557563E8	40.533673415570156
7.73371408E8	40.50710710833014
7.80185253E8	35.03833176746955
7.86999098E8	36.9229201399414
7.93812943E8	35.05955157158007
8.00626788E8	39.65348237902779
8.07440633E8	39.30553867668351
8.14254478E8	37.00814382907523
8.190716475E8	36.11883168902529
8.2247857E8	35.34112623093686
8.27882168E8	34.19455299723044
8.34696013E8	36.49997792769733
8.41509858E8	38.31533587978798
8.48323703E8	40.453962620801015
8.55137548E8	34.454285829924444
8.61951393E8	38.41434933673238
8.68765238E8	40.39369251627168
8.75579083E8	39.138524460410736
8.82392928E8	39.78755279267628
8.89206773E8	38.878238403585755
8.96020618E8	40.469711930622935
9.02834463E8	39.95403591589679
9.09648308E8	39.53993296667986
9.14262198E8	32.102590988798624
9.176691205E8	38.30725475713466
9.23275998E8	39.57500290355229
9.30089843E8	38.80580994493329
9.36903688E8	38.328169489093
9.43717533E8	35.51090876497385
9.50531378E8	40.68696593218346
9.57345223E8	40.21922148871373
9.64159068E8	39.008043306582685
9.70972913E8	37.118588456837905
9.77786758E8	40.26452563163438
9.84600603E8	40.002879415774956
9.91414448E8	40.29518019345873
9.98228293E8	40.52805670320431
1.00390351E9	38.755026356819364
1.0073104325E9	0.0
1.011855983E9	38.043851284889946
1.018669828E9	39.541688879134966
1.025483673E9	39.718508767243314
1.032297518E9	40.359567326526765
1.039111363E9	39.934294717958
1.045925208E9	40.19911321826063
1.052739053E9	40.66941088879546
1.059552898E9	40.2158979566448
1.0652815955E9	34.806356470965355
1.068688518E9	0.0
1.073180588E9	36.171782974632634
1.079994433E9	39.192325085115485
1.086808278E9	40.085714238451445
1.093622123E9	21.16527590705593
1.100435968E9	39.38192821806856
1.107249813E9	40.92667386079364
1.114063658E9	38.37671016815934
1.120877503E9	40.19137699574613
1.127691348E9	39.96576714260475
1.134505193E9	40.10089560704066
1.141319038E9	29.189535992960977
1.148132883E9	40.61779425546851
1.154946728E9	38.43925249685509
1.161760573E9	39.93810187655401
1.168574418E9	31.079552404016685
1.175388263E9	40.88217223751322
1.182202108E9	10.595847925313072
1.189015953E9	38.95535001715897
1.195829798E9	40.02568668909701
1.202643643E9	40.521127050779036
1.209457488E9	39.60796528755797
1.216271333E9	39.37478098700028
1.223085178E9	40.30046661206855
1.229899023E9	40.662853689403185
1.236712868E9	33.98042306676947
1.243526713E9	40.201206349191295
1.250340558E9	40.58554627669048
1.257154403E9	40.163383986436166
1.2618183335E9	25.04352970278791
1.265225256E9	40.74017404546938
1.270782093E9	39.11818765132006
1.277595938E9	40.23318191788029
1.284409783E9	35.58016647003616
1.291223628E9	40.616033725106284
1.298037473E9	40.85955783726001
1.304851318E9	40.390627751073545
1.311665163E9	39.06482233683548
1.318479008E9	39.68392688905821
1.325292853E9	40.98404213758025
1.332106698E9	40.8047024369502
1.338920543E9	38.757614814991335
1.345734388E9	36.716816550550185
1.352548233E9	35.177656156888936
1.359362078E9	26.181206938908257
1.366175923E9	40.879396173041215
1.372989768E9	38.60173105823111
1.379803613E9	40.543812416353944
1.386617458E9	39.854494499892446
1.393431303E9	40.4914839811163
1.400245148E9	37.954468263959676
1.407058993E9	40.553615352902604
1.413872838E9	40.03144133519013
1.420686683E9	40.51913569048758
1.427500528E9	40.647914396175835
1.434314373E9	40.8786521137742
1.441128218E9	28.935876778776834
1.444861853E9	40.317306529141774
1.4482687755E9	32.079668277313665
1.454755908E9	36.426494359800834
1.461569753E9	38.72663999166445
1.468383598E9	38.29005033428411
1.475197443E9	40.770314900324856
1.482011288E9	40.34297021638108
1.488825133E9	36.91659393294305
1.495638978E9	39.965804082407615
1.502452823E9	39.41228588176966
1.509266668E9	28.72619083579597
1.516080513E9	39.61393832864387
1.522894358E9	38.081916384579245
1.529708203E9	40.39834044041351
1.536522048E9	38.02081766073534
1.543335893E9	38.48130180678492
1.550149738E9	40.72879880311656
1.556963583E9	39.21509935216777
1.563777428E9	39.78599881327196
1.570591273E9	39.14053261262994
1.577405118E9	40.48926367864312
1.584218963E9	40.62785509823006
1.591032808E9	39.770807552898674
1.597846653E9	39.270927939508866
1.6032409105E9	39.42820624904043
1.606647833E9	0.0
1.611474343E9	40.05113743808943
1.618288188E9	35.35527923354978
1.625102033E9	38.96396056281587
1.631915878E9	37.55973502653661
1.638729723E9	40.28401468709849
1.645543568E9	38.99902201532758
1.652357413E9	40.364823905461094
1.659171258E9	36.88816212283442
1.665985103E9	40.38782815976429
1.672798948E9	33.944328041836485
1.679612793E9	32.888760110434845
1.686426638E9	38.4621193415103
1.693240483E9	40.17417595429341
1.700054328E9	37.23840606187775
1.706868173E9	39.75755595703788
1.713682018E9	40.51949405105548
1.720495863E9	39.6494797945802
1.727309708E9	40.335565380992485
1.734123553E9	40.37637670563579
1.740937398E9	39.02730807797956
1.747751243E9	37.70429064385388
1.754565088E9	37.09748915313889
1.759854186E9	40.65243196880663
1.7632611085E9	1.1745983631403456
1.768192778E9	37.34577424063718
1.775006623E9	7.562236127048736
1.781820468E9	37.73091235713837
1.788634313E9	39.76504262144404
1.795448158E9	39.62851442449226
1.802262003E9	38.63270156033972
1.809075848E9	39.15069816199252
1.815889693E9	40.33831724582527
1.822703538E9	38.89051053388355
1.829517383E9	40.38800409826127
1.836331228E9	40.53069761244011
1.843145073E9	7.298373170374241
1.849958918E9	39.81544487256686
1.856772763E9	39.849238879570194
1.863586608E9	36.180696893080636
1.870400453E9	39.619807348120865
1.877214298E9	40.16522049639374
1.884028143E9	40.09954361908299
1.890841988E9	39.48193417515228
1.897655833E9	40.15318479676903
1.904469678E9	39.843481900644285
1.910723823E9	38.04429963483541
1.9141307455E9	0.0
1.918097368E9	32.913337376028075
1.924911213E9	38.1615436117736
1.931725058E9	39.799768957246606
1.938538903E9	38.593790971992
1.945352748E9	41.18728510409238
1.952166593E9	38.655736569929054
1.958980438E9	39.33255605831188
1.965794283E9	38.15110644050807
1.972608128E9	38.33187931724161
1.979421973E9	39.52795900985548
1.986235818E9	39.285423827519196
1.993049663E9	37.77187847910762
1.999863508E9	40.61610763742655
2.006677353E9	40.452551198171534
2.013491198E9	41.13566220329777
2.020305043E9	39.90021743314822
2.027118888E9	40.56302563831232
2.033932733E9	40.1189272598924
2.040746578E9	39.530526109896364
2.047560423E9	40.10628956275528
2.054374268E9	39.86392932860425
2.060544391E9	39.82394359669828
2.0639513135E9	0.0
2.068001958E9	37.69051942878173
2.074815803E9	34.117601241117264
2.081629648E9	39.571149675037006
2.088443493E9	38.46036881150081
2.095257338E9	39.87674571096351
2.102071183E9	39.01462848174511
2.108885028E9	39.345332176317456
2.115698873E9	36.080831411900974
2.122512718E9	39.30813600878929
2.129326563E9	40.221912133795456
2.136140408E9	40.91484530927124
2.142954253E9	40.536260064320416
2.149768098E9	38.071774247312995
2.156581943E9	34.176303646841
2.163395788E9	40.88482209628402
2.170209633E9	24.538932891954662
2.177023478E9	40.12934467343812
2.183837323E9	40.70156721350045
2.190651168E9	40.54176690218027
2.197465013E9	27.647032564623764
2.204278858E9	40.46332252196309
2.2082174155E9	40.76286043690416
2.211624338E9	35.66726993650149
2.217906548E9	39.99320649170275
2.224720393E9	39.55110562139898
2.231534238E9	28.831922880337054
2.238348083E9	35.97109490994123
2.245161928E9	40.13779967161569
2.251975773E9	39.520709450521274
2.258789618E9	34.3282035854238
2.265603463E9	38.08556800301051
2.272417308E9	39.68539670865128
2.279231153E9	39.44089753729356
2.286044998E9	39.75339959745189
2.292858843E9	40.31165729373343
2.299672688E9	40.54144563413285
2.306486533E9	39.28961183567383
2.313300378E9	40.08688623152268
2.320114223E9	40.628886327636565
2.326928068E9	40.80892829805357
2.333741913E9	37.905201231099916
2.3376495495E9	37.990555035021394
2.341056472E9	12.30824744149823
2.347369603E9	36.491245953999496
2.354183448E9	39.54503535151107
2.360997293E9	40.17866104096255
2.367811138E9	40.66207892236944
2.374624983E9	36.987092294430575
2.381438828E9	39.99768340469382
2.388252673E9	39.98778126081533
2.395066518E9	28.883608801895015
2.401880363E9	40.76505786123796
2.408694208E9	40.902483413750126
2.415508053E9	37.312556417642504
2.422321898E9	39.23659733439488
2.429135743E9	36.23115244964635
2.435949588E9	40.47278928079042
2.442763433E9	40.34662084605158
2.449577278E9	40.56117738070354
2.456391123E9	38.467977093319455
2.4612717095E9	37.53619025516618
2.462753523E9	0.0
2.4646867815E9	1.6550600502746486
2.470018813E9	37.40708944211398
2.476832658E9	37.51789736059964
2.483646503E9	38.467372192838965
2.490460348E9	2.4121081110851037
2.497274193E9	37.10981303699705
2.504088038E9	39.87979393950958
2.510901883E9	38.57300136083259
2.517715728E9	38.47612510167495
2.524529573E9	37.01165784108858
2.531343418E9	32.47768156139891
2.538157263E9	37.52722686839238
2.544971108E9	19.248717229545793
2.551784953E9	26.964747626428988
2.558598798E9	36.24888488605516
2.565412643E9	38.809229023307815
2.572226488E9	37.82442470258627
2.579040333E9	30.298438968494313
2.585854178E9	9.947471022499348
2.592668023E9	36.29523992122125
2.599481868E9	38.23291169903526
2.606295713E9	36.96280029167147
2.613109558E9	39.113569563544885
2.619923403E9	39.855499973785676
2.626737248E9	38.46553563031158
2.631968571E9	7.8635029686735916
2.6353754935E9	2.6872125267754843
2.640364938E9	1.9670043013736644
2.647178783E9	1.450035825173155
2.653992628E9	1.2979272224781206
2.660806473E9	1.7068284424379232
2.667620318E9	1.1055942702284165
2.674434163E9	1.4645654700739519
2.681248008E9	1.2315654838038015
2.688061853E9	1.0719783648845433
2.694875698E9	1.4145093247884921
2.701689543E9	1.139252750796018
2.708503388E9	1.228782489740082
2.715317233E9	1.4316762034752482
2.7221309125E9	13.877225244388569
