# Position (bp)	A	C	G	T	N
0.0	22.080845055673816	26.63985513890723	26.87177728690858	24.40384260201738	0.0036799164929923814
1.0	23.67016252906238	21.285336267010546	23.641291355246814	31.40178945335933	0.0014203953209293632
2.0	27.397603264269488	22.487930354652168	21.5625493587374	28.55140130957826	5.157127626758919E-4
3.0	30.561300022717585	21.130111095892243	23.00654946467704	25.301549926633303	4.894900798279652E-4
4.0	30.838543707574427	19.995853319752317	23.428218945765984	25.73678527564891	5.987512583609932E-4
5.0	31.413808182997965	20.989889669810097	21.568152271972576	26.026746961686996	0.001402913532364079
6.0	25.30152370395046	21.141535444719654	19.63647145132148	33.919923094115745	5.463058926651398E-4
7.0	26.31172633798398	23.274824991999896	21.178762913469427	29.23422248914971	4.632673969800385E-4
8.0	25.614246678700546	23.264130507845085	21.416209306657404	29.705286763829864	1.2674296709831243E-4
9.0	32.25035984076538	19.909488913792668	21.198040955809798	26.641865544592243	2.447450399139826E-4
10.0	28.229351800628592	22.937037502894327	23.534569406502893	25.2989582514785	8.303849568510124E-5
11.0	26.111734676797134	23.108306585468423	23.011221472671114	27.768431333763445	3.0593129989247826E-4
12.0	26.88940767067667	22.60526811950236	21.743061937015387	28.76189952569285	3.627471127296528E-4
13.0	27.79272664942205	21.754464433607097	21.533144990370594	28.918711169123455	9.527574768080038E-4
14.0	27.611707099275666	21.83742426124365	22.0184088478129	28.531017544111144	0.0014422475566359689
15.0	27.71297910043436	21.953490225975717	22.141384489475396	28.18866293774289	0.003483246371632931
16.0	27.886249847799178	21.96662779008253	21.938062547566854	28.202928077212164	0.006131737339273528
17.0	28.065525589536172	21.8911064634805	21.954338092721134	28.0807697091651	0.008260145097096914
18.0	27.791494183328197	21.993720191911578	22.022018837151634	28.185966371856697	0.00680041575189566
19.0	27.91030478886501	22.00593122122443	22.152550981921472	27.924211551668694	0.007001456320396431
20.0	27.854052763709063	22.10632913295486	22.05316701392783	27.979327260567892	0.007123828840353422
21.0	28.088304360036737	22.03521321707128	22.022163061907296	27.846893971291582	0.00742538969310458
22.0	28.036763676899135	21.927713328736207	21.86950334326095	28.1571869774311	0.008832673672609979
23.0	28.13268625075685	21.901608647961094	21.987929349449328	27.971491048843504	0.006284702989219767
24.0	28.101878551608976	22.104150007900053	21.990996781193022	27.799709741365614	0.0032649179323322812
25.0	28.41861703624949	22.04564531833497	21.87957476426933	27.654851590778794	0.0013112903674183157
26.0	28.721959556025766	21.596737611091584	21.79630281998745	27.88425252854068	7.474843545186282E-4
27.0	28.57079407090738	21.80184196500515	22.578156475222706	27.048945195342228	2.6229352253905725E-4
28.0	27.67416957861387	22.942158273029026	23.08250096171094	26.30093073158627	2.4045505988926741E-4
29.0	25.4330339003201	23.33886254048799	22.843288930463732	28.38468345635189	1.311723762868502E-4
30.0	26.849902640500865	21.145868345887344	20.062231712546723	31.941739285054254	2.5801601081183295E-4
31.0	29.56546457659453	21.397207074743477	23.161055353926127	25.876054297179536	2.1869755632599301E-4
32.0	29.190601787832364	21.155212807770397	23.100454360435712	26.55325417899953	4.7686496199255004E-4
33.0	33.29870472732117	19.80237184942929	21.128307826248783	25.770042246724266	5.733502764905115E-4
34.0	26.019478320324847	21.659269970171547	21.00154668487392	31.31834263474726	0.0013623898824283815
35.0	25.752112589008696	23.414492698150386	20.122929912093717	30.709630800286654	8.340004605438333E-4
36.0	25.209850668481053	23.065900221685947	21.380451902499225	30.343217827010662	5.79380323112003E-4
37.0	28.50534785160153	21.62348892874854	22.5180557102304	27.352527337107446	5.801723120832079E-4
38.0	31.10155241030208	23.762477661891335	21.533321849045628	23.60100377897441	0.0016442997865507574
39.0	24.524491308655683	26.791502220373026	26.643664557972237	22.036755109378163	0.003586803620897133
