# Position (bp)	A	C	G	T	N
0.0	14.93204575943202	32.290202747148584	34.307981698243886	18.465491635284057	0.004278159891458224
1.0	17.302354584486736	25.498384620164984	30.02038135831467	27.177070991989833	0.0018084450437846464
2.0	19.20695410323576	27.92886899737359	29.264688802594197	23.598940083146825	5.480136496317111E-4
3.0	21.488046306130435	25.6791998971488	30.52582896106732	22.306175883665617	7.489519878300052E-4
4.0	21.94640857610673	24.930671706541176	30.10149468530883	23.02080029648269	6.247355605801506E-4
5.0	22.46338638604763	25.73713955361219	28.745266851775934	23.051989579995396	0.002217628568842991
6.0	18.044335838693424	25.831390594500185	26.023893175918484	30.099854297784262	5.260931036464427E-4
7.0	18.25019533946541	28.726090027463158	27.371604877336097	25.651609236602006	5.005191333302962E-4
8.0	17.909608509643636	28.212849670612744	27.709521053972004	26.16783809455508	1.8267121654390368E-4
9.0	22.858624790435016	25.779380445725806	27.613414073523924	23.74821534788217	3.6534243308780737E-4
10.0	19.44627166402993	29.063330320597846	28.852768862712026	22.637435521170662	1.936314895365379E-4
11.0	18.02298157347944	27.829514122695358	29.569413619184072	24.57752805729417	5.626273469552235E-4
12.0	18.87857701752778	27.998178110354676	27.799165126778757	25.323155428983075	9.243163557121527E-4
13.0	19.323976937978117	27.6990028453234	27.7183477271554	25.256553503431167	0.002118986111909283
14.0	19.20960648929998	27.80413013044442	28.217916970159667	24.76520811859571	0.0031382915002242653
15.0	19.097384254128396	28.08908261455559	28.22138041642534	24.58656297566443	0.0055897392262434535
16.0	19.489641464261783	27.65834023252073	28.16128523960673	24.68222058491981	0.008512478690945912
17.0	19.591403945574058	27.640763608064876	27.822948919172774	24.93585591566669	0.00902761152159972
18.0	19.132614224951052	27.81458257745506	28.028775539125782	25.016107034518758	0.007920623949343664
19.0	19.389797030723216	27.941378322282517	28.14435892468177	24.5160774600488	0.008388262263696059
20.0	19.260772697053927	27.810783016150946	28.351161008931125	24.5665166363609	0.010766641503097684
21.0	19.26040735462084	27.67102126837321	28.528322861584066	24.52589421122587	0.014354304196019952
22.0	19.442062919200758	27.53448914770396	28.0369299822323	24.968981514074763	0.017536436788214756
23.0	19.469887398904724	28.12167846643568	27.851836545357028	24.54258305356932	0.01401453573324829
24.0	19.446625046099538	28.31465274433194	27.78185643454567	24.447231181505146	0.009634593517705181
25.0	19.673125402055675	28.103179242348254	27.736410198474008	24.482937128010583	0.004348029111479886
26.0	20.131500170002372	27.42296681820416	27.34309402126957	25.099830034166732	0.002608956357166125
27.0	19.891584065450648	27.977181962586112	28.051260045460523	24.079053066356487	9.208601462289371E-4
28.0	19.124540847350403	28.592335815732078	29.09333858505574	23.189375450802178	4.0930105960369935E-4
29.0	17.767764742240942	28.78493181865694	28.435783579258462	25.011435799952665	8.405989099113336E-5
30.0	18.416730769336205	27.17690015755641	25.85719113158985	28.548922079115947	2.558624015866393E-4
31.0	20.824238524748232	27.61017365849022	28.08063544695058	23.484725711711004	2.2665809996536153E-4
32.0	20.450832525970938	27.139215406821798	28.44346063516928	23.96616968145742	3.217505805587038E-4
33.0	23.077390601009416	25.91822701048902	26.093814373347847	24.91002313299052	5.448821631982784E-4
34.0	17.89054212939318	28.730470634721883	25.79702650820549	27.57842345192608	0.0035372757533610887
35.0	17.92454567915982	30.368476189007897	25.239391990649864	26.467036839708957	5.493014734572584E-4
36.0	17.099737273251773	29.92887636284951	27.17067195124883	25.800287967867824	4.2644478205473304E-4
37.0	18.12097228147805	29.668326763627295	28.825356219030752	23.384631915130214	7.128207336891234E-4
38.0	21.136203205014382	29.971924470996385	28.389207328130077	20.500879966593914	0.0017850292652340264
39.0	15.165408898627058	33.74321106126096	32.99529313917247	18.090392895079425	0.005694005860094175
