#Coverage	Number of genomic locations
0.0	2.621704418E9
1.0	5.7955019E7
2.0	2.2601774E7
3.0	1.0260542E7
4.0	5104444.0
5.0	2743969.0
6.0	1590350.0
7.0	977751.0
8.0	640443.0
9.0	435648.0
10.0	309540.0
11.0	227179.0
12.0	170722.0
13.0	130038.0
14.0	101364.0
15.0	79624.0
16.0	64198.0
17.0	52747.0
18.0	43866.0
19.0	35913.0
20.0	30767.0
21.0	25595.0
22.0	21927.0
23.0	19148.0
24.0	16121.0
25.0	13500.0
26.0	11884.0
27.0	10504.0
28.0	9322.0
29.0	8280.0
30.0	7637.0
31.0	6714.0
32.0	5923.0
33.0	5497.0
34.0	4808.0
35.0	4439.0
36.0	4087.0
37.0	3760.0
38.0	3571.0
39.0	3464.0
40.0	3070.0
41.0	2884.0
42.0	2665.0
43.0	2395.0
44.0	2300.0
45.0	2303.0
46.0	2052.0
47.0	1881.0
48.0	2040.0
49.0	1833.0
50.0	1727.0
51.0	1632.0
52.0	1602.0
53.0	1575.0
54.0	1525.0
55.0	1435.0
56.0	1379.0
57.0	1276.0
58.0	1292.0
59.0	1229.0
60.0	1185.0
61.0	1222.0
62.0	1138.0
63.0	1072.0
64.0	1021.0
65.0	974.0
66.0	1017.0
67.0	978.0
68.0	943.0
69.0	868.0
70.0	899.0
71.0	819.0
72.0	822.0
73.0	746.0
74.0	835.0
75.0	782.0
76.0	627.0
77.0	647.0
78.0	642.0
79.0	586.0
80.0	636.0
81.0	671.0
82.0	580.0
83.0	568.0
84.0	525.0
85.0	585.0
86.0	576.0
87.0	552.0
88.0	525.0
89.0	523.0
90.0	537.0
91.0	562.0
92.0	555.0
93.0	473.0
94.0	516.0
95.0	489.0
96.0	465.0
97.0	487.0
98.0	499.0
99.0	497.0
100.0	425.0
101.0	427.0
102.0	423.0
103.0	430.0
104.0	366.0
105.0	356.0
106.0	329.0
107.0	304.0
108.0	306.0
109.0	297.0
110.0	308.0
111.0	283.0
112.0	260.0
113.0	251.0
114.0	231.0
115.0	246.0
116.0	208.0
117.0	218.0
118.0	227.0
119.0	241.0
120.0	208.0
121.0	191.0
122.0	190.0
123.0	149.0
124.0	170.0
125.0	124.0
126.0	137.0
127.0	122.0
128.0	134.0
129.0	136.0
130.0	122.0
131.0	132.0
132.0	147.0
133.0	136.0
134.0	113.0
135.0	116.0
136.0	93.0
137.0	88.0
138.0	76.0
139.0	99.0
140.0	100.0
141.0	77.0
142.0	67.0
143.0	74.0
144.0	75.0
145.0	61.0
146.0	53.0
147.0	59.0
148.0	62.0
149.0	56.0
150.0	96.0
151.0	55.0
152.0	42.0
153.0	52.0
154.0	49.0
155.0	42.0
156.0	37.0
157.0	30.0
158.0	36.0
159.0	36.0
160.0	26.0
161.0	35.0
162.0	30.0
163.0	30.0
164.0	49.0
165.0	61.0
166.0	22.0
167.0	33.0
168.0	36.0
169.0	25.0
170.0	29.0
171.0	31.0
172.0	23.0
173.0	28.0
174.0	34.0
175.0	30.0
176.0	23.0
177.0	31.0
178.0	37.0
179.0	44.0
180.0	32.0
181.0	27.0
182.0	35.0
183.0	31.0
184.0	29.0
185.0	27.0
186.0	41.0
187.0	28.0
188.0	26.0
189.0	23.0
190.0	27.0
191.0	32.0
192.0	36.0
193.0	30.0
194.0	39.0
195.0	29.0
196.0	33.0
197.0	33.0
198.0	35.0
199.0	30.0
200.0	31.0
201.0	36.0
202.0	40.0
203.0	26.0
204.0	37.0
205.0	23.0
206.0	33.0
207.0	41.0
208.0	37.0
209.0	38.0
210.0	35.0
211.0	27.0
212.0	29.0
213.0	33.0
214.0	42.0
215.0	38.0
216.0	27.0
217.0	30.0
218.0	31.0
219.0	29.0
220.0	23.0
221.0	30.0
222.0	25.0
223.0	29.0
224.0	30.0
225.0	25.0
226.0	27.0
227.0	23.0
228.0	31.0
229.0	13.0
230.0	18.0
231.0	25.0
232.0	27.0
233.0	24.0
234.0	37.0
235.0	17.0
236.0	22.0
237.0	18.0
238.0	28.0
239.0	23.0
240.0	27.0
241.0	27.0
242.0	26.0
243.0	38.0
244.0	30.0
245.0	19.0
246.0	19.0
247.0	16.0
248.0	27.0
249.0	23.0
250.0	17.0
251.0	31.0
252.0	27.0
253.0	35.0
254.0	18.0
255.0	19.0
256.0	19.0
257.0	15.0
258.0	17.0
259.0	13.0
260.0	11.0
261.0	13.0
262.0	9.0
263.0	8.0
264.0	12.0
265.0	12.0
266.0	12.0
267.0	13.0
268.0	21.0
269.0	13.0
270.0	13.0
271.0	12.0
272.0	16.0
273.0	12.0
274.0	15.0
275.0	14.0
276.0	19.0
277.0	9.0
278.0	9.0
279.0	13.0
280.0	9.0
281.0	8.0
282.0	13.0
283.0	11.0
284.0	10.0
285.0	12.0
286.0	13.0
287.0	10.0
288.0	13.0
289.0	12.0
290.0	8.0
291.0	12.0
292.0	5.0
293.0	11.0
294.0	16.0
295.0	18.0
296.0	16.0
297.0	16.0
298.0	8.0
299.0	10.0
300.0	12.0
301.0	6.0
302.0	15.0
303.0	10.0
304.0	12.0
305.0	9.0
306.0	11.0
307.0	9.0
308.0	12.0
309.0	13.0
310.0	16.0
311.0	8.0
312.0	11.0
313.0	7.0
314.0	20.0
315.0	21.0
316.0	14.0
317.0	9.0
318.0	16.0
319.0	9.0
320.0	20.0
321.0	11.0
322.0	9.0
323.0	4.0
324.0	7.0
325.0	5.0
326.0	11.0
327.0	4.0
328.0	5.0
329.0	5.0
330.0	4.0
331.0	11.0
332.0	15.0
333.0	7.0
334.0	11.0
335.0	10.0
336.0	5.0
337.0	6.0
338.0	8.0
339.0	6.0
340.0	16.0
341.0	6.0
342.0	7.0
343.0	6.0
344.0	11.0
345.0	12.0
346.0	13.0
347.0	9.0
348.0	8.0
349.0	6.0
350.0	11.0
351.0	8.0
352.0	11.0
353.0	9.0
354.0	9.0
355.0	8.0
356.0	5.0
357.0	13.0
358.0	11.0
359.0	13.0
360.0	8.0
361.0	11.0
362.0	12.0
363.0	10.0
364.0	8.0
365.0	7.0
366.0	7.0
367.0	12.0
368.0	14.0
369.0	5.0
370.0	9.0
371.0	12.0
372.0	9.0
373.0	8.0
374.0	6.0
375.0	14.0
376.0	12.0
377.0	13.0
378.0	10.0
379.0	7.0
380.0	8.0
381.0	11.0
382.0	6.0
383.0	12.0
384.0	3.0
385.0	6.0
386.0	14.0
387.0	8.0
388.0	8.0
389.0	9.0
390.0	9.0
391.0	7.0
392.0	6.0
393.0	9.0
394.0	3.0
395.0	6.0
396.0	5.0
397.0	7.0
398.0	6.0
399.0	9.0
400.0	6.0
401.0	7.0
402.0	5.0
403.0	7.0
404.0	8.0
405.0	7.0
406.0	8.0
407.0	7.0
408.0	4.0
409.0	7.0
410.0	6.0
411.0	5.0
412.0	12.0
413.0	8.0
414.0	6.0
415.0	4.0
416.0	6.0
417.0	11.0
418.0	6.0
419.0	7.0
420.0	6.0
421.0	6.0
422.0	9.0
423.0	8.0
424.0	2.0
425.0	4.0
426.0	11.0
427.0	11.0
428.0	9.0
429.0	11.0
430.0	5.0
431.0	9.0
432.0	5.0
433.0	7.0
434.0	10.0
435.0	11.0
436.0	8.0
437.0	7.0
438.0	6.0
439.0	12.0
440.0	9.0
441.0	8.0
442.0	12.0
443.0	7.0
444.0	2.0
445.0	9.0
446.0	10.0
447.0	9.0
448.0	8.0
449.0	7.0
450.0	8.0
451.0	7.0
452.0	13.0
453.0	16.0
454.0	7.0
455.0	6.0
456.0	5.0
457.0	9.0
458.0	5.0
459.0	4.0
460.0	7.0
461.0	7.0
462.0	4.0
463.0	7.0
464.0	5.0
465.0	7.0
466.0	3.0
467.0	2.0
468.0	2.0
469.0	3.0
470.0	7.0
471.0	3.0
472.0	5.0
473.0	3.0
474.0	8.0
475.0	3.0
476.0	5.0
477.0	10.0
478.0	6.0
479.0	4.0
480.0	1.0
481.0	6.0
482.0	1.0
483.0	3.0
484.0	5.0
485.0	7.0
486.0	7.0
487.0	4.0
488.0	4.0
489.0	8.0
490.0	3.0
491.0	6.0
492.0	2.0
493.0	3.0
494.0	4.0
495.0	7.0
496.0	4.0
497.0	7.0
498.0	9.0
499.0	7.0
500.0	5.0
501.0	9.0
502.0	8.0
503.0	3.0
504.0	4.0
505.0	6.0
506.0	5.0
507.0	4.0
508.0	6.0
509.0	7.0
510.0	8.0
511.0	3.0
512.0	1.0
513.0	1.0
514.0	9.0
515.0	9.0
516.0	8.0
517.0	5.0
518.0	3.0
519.0	4.0
520.0	3.0
521.0	4.0
522.0	8.0
523.0	5.0
524.0	9.0
525.0	6.0
526.0	5.0
527.0	3.0
528.0	7.0
529.0	5.0
530.0	6.0
531.0	7.0
532.0	4.0
533.0	4.0
534.0	8.0
535.0	5.0
536.0	7.0
537.0	4.0
538.0	4.0
539.0	6.0
540.0	4.0
541.0	4.0
542.0	10.0
543.0	6.0
544.0	2.0
545.0	7.0
546.0	6.0
547.0	5.0
548.0	5.0
549.0	5.0
550.0	2.0
551.0	6.0
552.0	4.0
553.0	8.0
554.0	2.0
555.0	6.0
556.0	4.0
557.0	3.0
558.0	9.0
559.0	5.0
560.0	5.0
561.0	3.0
562.0	4.0
564.0	4.0
565.0	10.0
566.0	7.0
567.0	3.0
568.0	1.0
569.0	2.0
571.0	7.0
572.0	11.0
573.0	3.0
574.0	6.0
575.0	7.0
576.0	4.0
577.0	5.0
578.0	6.0
579.0	7.0
580.0	3.0
581.0	8.0
582.0	1.0
583.0	3.0
584.0	6.0
585.0	3.0
586.0	7.0
587.0	5.0
588.0	5.0
589.0	4.0
590.0	4.0
591.0	5.0
592.0	4.0
593.0	3.0
594.0	8.0
595.0	7.0
596.0	7.0
597.0	4.0
598.0	3.0
599.0	1.0
600.0	5.0
601.0	5.0
602.0	1.0
603.0	4.0
604.0	7.0
605.0	5.0
606.0	3.0
607.0	2.0
608.0	4.0
609.0	3.0
610.0	3.0
611.0	6.0
612.0	6.0
613.0	4.0
614.0	2.0
615.0	2.0
616.0	6.0
617.0	2.0
618.0	1.0
619.0	2.0
620.0	1.0
621.0	2.0
622.0	4.0
623.0	5.0
624.0	7.0
625.0	9.0
626.0	4.0
627.0	7.0
628.0	4.0
629.0	4.0
630.0	5.0
631.0	4.0
632.0	5.0
633.0	8.0
634.0	2.0
635.0	5.0
636.0	4.0
637.0	3.0
638.0	3.0
639.0	3.0
640.0	3.0
641.0	15.0
642.0	5.0
643.0	2.0
644.0	7.0
646.0	5.0
647.0	8.0
648.0	5.0
649.0	2.0
650.0	2.0
651.0	4.0
652.0	3.0
653.0	6.0
654.0	4.0
655.0	6.0
656.0	2.0
657.0	5.0
658.0	2.0
659.0	2.0
660.0	4.0
661.0	1.0
662.0	3.0
663.0	8.0
664.0	2.0
665.0	1.0
667.0	3.0
668.0	2.0
669.0	2.0
670.0	4.0
671.0	4.0
672.0	4.0
673.0	5.0
674.0	1.0
675.0	2.0
676.0	2.0
677.0	1.0
678.0	3.0
679.0	4.0
680.0	2.0
681.0	5.0
682.0	6.0
683.0	3.0
684.0	4.0
685.0	3.0
686.0	2.0
687.0	4.0
688.0	1.0
689.0	2.0
690.0	4.0
691.0	3.0
692.0	1.0
693.0	3.0
694.0	6.0
695.0	3.0
696.0	6.0
697.0	2.0
698.0	2.0
699.0	3.0
700.0	6.0
701.0	4.0
702.0	2.0
703.0	5.0
704.0	5.0
705.0	3.0
706.0	3.0
707.0	8.0
708.0	8.0
709.0	3.0
710.0	7.0
711.0	3.0
712.0	5.0
713.0	1.0
714.0	3.0
715.0	2.0
716.0	4.0
717.0	5.0
718.0	3.0
719.0	4.0
720.0	6.0
721.0	2.0
722.0	8.0
723.0	5.0
724.0	2.0
725.0	7.0
726.0	7.0
727.0	6.0
728.0	4.0
729.0	2.0
730.0	9.0
731.0	3.0
732.0	6.0
733.0	4.0
734.0	1.0
735.0	2.0
736.0	2.0
737.0	5.0
738.0	3.0
739.0	6.0
740.0	2.0
741.0	1.0
742.0	4.0
743.0	1.0
744.0	3.0
745.0	6.0
746.0	3.0
747.0	1.0
748.0	4.0
749.0	6.0
750.0	2.0
751.0	1.0
752.0	5.0
753.0	4.0
754.0	6.0
755.0	4.0
756.0	5.0
757.0	4.0
758.0	4.0
759.0	1.0
760.0	3.0
762.0	3.0
763.0	6.0
764.0	6.0
765.0	3.0
766.0	3.0
767.0	8.0
768.0	9.0
769.0	3.0
770.0	8.0
771.0	1.0
772.0	3.0
773.0	5.0
774.0	4.0
775.0	3.0
776.0	1.0
777.0	2.0
778.0	2.0
779.0	4.0
780.0	3.0
781.0	3.0
782.0	2.0
783.0	2.0
784.0	2.0
785.0	2.0
786.0	4.0
788.0	2.0
789.0	5.0
790.0	3.0
791.0	3.0
792.0	7.0
793.0	2.0
794.0	5.0
795.0	8.0
796.0	2.0
797.0	3.0
798.0	2.0
799.0	4.0
800.0	4.0
801.0	3.0
802.0	5.0
803.0	4.0
804.0	6.0
805.0	4.0
806.0	1.0
807.0	5.0
808.0	3.0
809.0	2.0
810.0	3.0
811.0	3.0
812.0	6.0
813.0	3.0
814.0	4.0
815.0	3.0
816.0	5.0
817.0	5.0
818.0	2.0
820.0	2.0
821.0	1.0
822.0	1.0
823.0	4.0
824.0	1.0
825.0	7.0
826.0	4.0
827.0	3.0
828.0	4.0
829.0	2.0
830.0	2.0
831.0	5.0
832.0	6.0
833.0	6.0
834.0	5.0
835.0	4.0
836.0	1.0
837.0	2.0
838.0	3.0
839.0	5.0
840.0	1.0
841.0	2.0
842.0	2.0
843.0	2.0
844.0	5.0
845.0	2.0
846.0	4.0
847.0	2.0
848.0	2.0
849.0	2.0
850.0	6.0
851.0	2.0
852.0	2.0
853.0	4.0
854.0	7.0
855.0	4.0
856.0	6.0
857.0	3.0
858.0	1.0
859.0	3.0
860.0	5.0
861.0	3.0
862.0	4.0
863.0	1.0
864.0	1.0
865.0	4.0
866.0	3.0
867.0	1.0
868.0	4.0
869.0	3.0
870.0	5.0
871.0	1.0
872.0	2.0
873.0	3.0
874.0	3.0
875.0	3.0
876.0	3.0
877.0	4.0
878.0	1.0
879.0	3.0
881.0	1.0
882.0	1.0
883.0	3.0
884.0	1.0
885.0	2.0
886.0	4.0
887.0	2.0
888.0	2.0
889.0	4.0
890.0	2.0
891.0	3.0
892.0	2.0
893.0	3.0
894.0	3.0
895.0	3.0
896.0	5.0
897.0	3.0
898.0	5.0
899.0	2.0
900.0	1.0
901.0	2.0
902.0	4.0
903.0	2.0
905.0	2.0
906.0	1.0
907.0	2.0
908.0	5.0
909.0	2.0
910.0	5.0
911.0	6.0
912.0	5.0
913.0	2.0
914.0	2.0
915.0	3.0
916.0	4.0
917.0	3.0
918.0	2.0
919.0	3.0
921.0	4.0
922.0	4.0
923.0	4.0
924.0	3.0
925.0	2.0
926.0	1.0
927.0	1.0
928.0	1.0
929.0	4.0
930.0	2.0
931.0	4.0
932.0	5.0
933.0	3.0
934.0	3.0
935.0	2.0
936.0	3.0
937.0	2.0
938.0	1.0
939.0	1.0
940.0	4.0
943.0	1.0
945.0	2.0
946.0	3.0
947.0	2.0
948.0	2.0
949.0	1.0
950.0	6.0
952.0	3.0
954.0	1.0
956.0	2.0
957.0	1.0
958.0	4.0
959.0	2.0
960.0	5.0
961.0	2.0
962.0	5.0
963.0	3.0
964.0	5.0
965.0	3.0
966.0	2.0
967.0	6.0
968.0	1.0
969.0	2.0
970.0	4.0
971.0	1.0
972.0	2.0
973.0	2.0
974.0	1.0
975.0	1.0
976.0	2.0
977.0	3.0
978.0	2.0
979.0	2.0
980.0	1.0
981.0	2.0
982.0	2.0
983.0	3.0
984.0	7.0
985.0	11.0
986.0	3.0
987.0	2.0
988.0	5.0
989.0	5.0
990.0	4.0
991.0	3.0
992.0	2.0
993.0	2.0
994.0	4.0
995.0	1.0
996.0	1.0
997.0	1.0
998.0	1.0
999.0	4.0
1000.0	1.0
1001.0	1.0
1002.0	4.0
1003.0	1.0
1004.0	2.0
1005.0	1.0
1006.0	1.0
1007.0	1.0
1009.0	1.0
1010.0	4.0
1011.0	1.0
1012.0	2.0
1013.0	3.0
1015.0	2.0
1018.0	2.0
1019.0	2.0
1020.0	2.0
1021.0	4.0
1022.0	16.0
1023.0	1.0
1024.0	2.0
1025.0	3.0
1026.0	4.0
1027.0	2.0
1030.0	2.0
1031.0	2.0
1032.0	2.0
1034.0	1.0
1035.0	3.0
1038.0	1.0
1039.0	4.0
1040.0	1.0
1041.0	3.0
1042.0	2.0
1043.0	3.0
1044.0	1.0
1045.0	2.0
1047.0	2.0
1049.0	4.0
1052.0	1.0
1053.0	1.0
1054.0	1.0
1055.0	1.0
1056.0	2.0
1057.0	1.0
1058.0	2.0
1059.0	1.0
1060.0	1.0
1061.0	2.0
1062.0	1.0
1063.0	2.0
1064.0	2.0
1065.0	2.0
1066.0	2.0
1067.0	2.0
1068.0	1.0
1069.0	2.0
1070.0	1.0
1071.0	1.0
1072.0	2.0
1073.0	1.0
1075.0	4.0
1076.0	1.0
1077.0	1.0
1078.0	5.0
1079.0	1.0
1080.0	2.0
1081.0	3.0
1082.0	1.0
1083.0	1.0
1084.0	2.0
1085.0	4.0
1086.0	2.0
1087.0	4.0
1088.0	5.0
1089.0	3.0
1092.0	1.0
1093.0	1.0
1094.0	1.0
1095.0	1.0
1096.0	3.0
1098.0	1.0
1099.0	1.0
1100.0	3.0
1101.0	2.0
1102.0	2.0
1103.0	1.0
1104.0	1.0
1106.0	2.0
1107.0	3.0
1108.0	3.0
1109.0	2.0
1111.0	1.0
1113.0	2.0
1114.0	1.0
1115.0	1.0
1117.0	1.0
1119.0	1.0
1120.0	1.0
1121.0	1.0
1123.0	6.0
1124.0	1.0
1125.0	2.0
1126.0	1.0
1127.0	2.0
1128.0	1.0
1129.0	6.0
1130.0	3.0
1131.0	1.0
1133.0	2.0
1134.0	2.0
1135.0	1.0
1136.0	2.0
1138.0	3.0
1140.0	1.0
1141.0	1.0
1142.0	2.0
1143.0	4.0
1144.0	1.0
1146.0	2.0
1147.0	2.0
1148.0	2.0
1150.0	2.0
1151.0	4.0
1152.0	3.0
1153.0	5.0
1154.0	1.0
1155.0	2.0
1156.0	4.0
1157.0	2.0
1158.0	2.0
1159.0	1.0
1160.0	3.0
1161.0	1.0
1162.0	1.0
1163.0	2.0
1164.0	2.0
1165.0	2.0
1166.0	1.0
1167.0	4.0
1168.0	1.0
1169.0	3.0
1170.0	2.0
1171.0	1.0
1172.0	2.0
1173.0	2.0
1174.0	2.0
1175.0	2.0
1176.0	2.0
1178.0	2.0
1179.0	2.0
1180.0	1.0
1181.0	2.0
1182.0	1.0
1183.0	3.0
1186.0	2.0
1187.0	1.0
1188.0	2.0
1189.0	2.0
1190.0	1.0
1191.0	1.0
1192.0	1.0
1194.0	2.0
1195.0	2.0
1196.0	1.0
1197.0	1.0
1198.0	1.0
1199.0	1.0
1201.0	4.0
1202.0	1.0
1203.0	1.0
1204.0	2.0
1205.0	1.0
1206.0	6.0
1208.0	3.0
1209.0	1.0
1210.0	1.0
1211.0	4.0
1212.0	3.0
1213.0	3.0
1214.0	3.0
1215.0	2.0
1216.0	2.0
1217.0	8.0
1218.0	4.0
1219.0	1.0
1220.0	2.0
1221.0	6.0
1222.0	2.0
1223.0	1.0
1224.0	3.0
1225.0	1.0
1226.0	4.0
1227.0	5.0
1228.0	3.0
1229.0	1.0
1230.0	2.0
1231.0	2.0
1232.0	3.0
1234.0	1.0
1235.0	1.0
1236.0	5.0
1237.0	3.0
1238.0	6.0
1239.0	2.0
1240.0	1.0
1241.0	1.0
1242.0	3.0
1243.0	4.0
1244.0	3.0
1245.0	2.0
1247.0	4.0
1248.0	1.0
1249.0	1.0
1250.0	2.0
1251.0	1.0
1252.0	3.0
1253.0	3.0
1254.0	1.0
1255.0	1.0
1256.0	3.0
1257.0	3.0
1260.0	1.0
1261.0	2.0
1262.0	1.0
1263.0	2.0
1264.0	2.0
1265.0	3.0
1267.0	3.0
1268.0	3.0
1269.0	2.0
1270.0	2.0
1271.0	2.0
1272.0	1.0
1273.0	1.0
1274.0	6.0
1275.0	1.0
1276.0	2.0
1277.0	2.0
1279.0	1.0
1280.0	2.0
1281.0	4.0
1282.0	3.0
1283.0	1.0
1284.0	1.0
1285.0	2.0
1286.0	2.0
1287.0	4.0
1288.0	4.0
1289.0	2.0
1290.0	1.0
1291.0	3.0
1292.0	4.0
1293.0	2.0
1294.0	2.0
1296.0	1.0
1297.0	2.0
1298.0	1.0
1299.0	1.0
1300.0	2.0
1301.0	1.0
1302.0	4.0
1303.0	3.0
1304.0	2.0
1305.0	1.0
1306.0	1.0
1308.0	2.0
1309.0	2.0
1310.0	1.0
1311.0	6.0
1312.0	1.0
1313.0	1.0
1314.0	2.0
1315.0	1.0
1316.0	1.0
1317.0	1.0
1318.0	3.0
1319.0	1.0
1320.0	2.0
1321.0	1.0
1323.0	1.0
1324.0	1.0
1325.0	1.0
1326.0	4.0
1327.0	3.0
1328.0	1.0
1329.0	2.0
1330.0	3.0
1331.0	1.0
1332.0	2.0
1333.0	1.0
1335.0	6.0
1336.0	3.0
1337.0	2.0
1338.0	2.0
1339.0	3.0
1340.0	1.0
1341.0	1.0
1342.0	1.0
1344.0	2.0
1346.0	2.0
1347.0	3.0
1348.0	3.0
1349.0	1.0
1350.0	4.0
1352.0	5.0
1353.0	1.0
1354.0	2.0
1355.0	1.0
1356.0	3.0
1357.0	2.0
1359.0	2.0
1360.0	5.0
1362.0	3.0
1363.0	1.0
1366.0	2.0
1368.0	1.0
1369.0	1.0
1371.0	4.0
1372.0	2.0
1373.0	1.0
1374.0	3.0
1375.0	1.0
1376.0	1.0
1377.0	1.0
1378.0	3.0
1379.0	1.0
1380.0	1.0
1381.0	1.0
1382.0	1.0
1383.0	1.0
1385.0	2.0
1387.0	1.0
1388.0	1.0
1389.0	1.0
1390.0	2.0
1391.0	1.0
1392.0	2.0
1393.0	1.0
1394.0	2.0
1395.0	1.0
1396.0	2.0
1397.0	2.0
1398.0	2.0
1399.0	1.0
1400.0	1.0
1401.0	1.0
1402.0	1.0
1403.0	1.0
1405.0	1.0
1406.0	4.0
1407.0	3.0
1408.0	1.0
1409.0	2.0
1410.0	1.0
1412.0	1.0
1413.0	2.0
1415.0	3.0
1417.0	1.0
1418.0	2.0
1419.0	2.0
1420.0	2.0
1421.0	1.0
1422.0	2.0
1423.0	2.0
1424.0	3.0
1425.0	3.0
1426.0	1.0
1427.0	1.0
1428.0	2.0
1430.0	5.0
1431.0	2.0
1432.0	2.0
1433.0	2.0
1434.0	4.0
1435.0	2.0
1436.0	4.0
1438.0	2.0
1439.0	1.0
1441.0	1.0
1442.0	1.0
1445.0	1.0
1447.0	2.0
1448.0	3.0
1452.0	2.0
1453.0	1.0
1454.0	1.0
1457.0	3.0
1458.0	1.0
1460.0	1.0
1462.0	2.0
1464.0	1.0
1465.0	1.0
1467.0	2.0
1468.0	2.0
1469.0	4.0
1471.0	5.0
1472.0	2.0
1474.0	2.0
1475.0	1.0
1476.0	1.0
1477.0	1.0
1478.0	2.0
1479.0	4.0
1480.0	1.0
1481.0	1.0
1483.0	2.0
1484.0	1.0
1485.0	1.0
1486.0	1.0
1487.0	2.0
1489.0	1.0
1490.0	2.0
1492.0	2.0
1493.0	1.0
1494.0	1.0
1496.0	3.0
1497.0	2.0
1498.0	3.0
1499.0	2.0
1500.0	2.0
1501.0	3.0
1502.0	2.0
1503.0	2.0
1504.0	1.0
1505.0	2.0
1506.0	3.0
1507.0	1.0
1508.0	3.0
1509.0	6.0
1510.0	1.0
1511.0	2.0
1513.0	1.0
1514.0	1.0
1515.0	2.0
1516.0	3.0
1517.0	3.0
1518.0	2.0
1520.0	1.0
1522.0	3.0
1523.0	2.0
1525.0	1.0
1526.0	4.0
1527.0	3.0
1528.0	2.0
1530.0	1.0
1531.0	1.0
1532.0	1.0
1533.0	2.0
1534.0	2.0
1535.0	1.0
1536.0	3.0
1537.0	3.0
1538.0	3.0
1539.0	1.0
1541.0	1.0
1542.0	1.0
1543.0	3.0
1544.0	1.0
1545.0	2.0
1546.0	2.0
1547.0	3.0
1548.0	1.0
1549.0	5.0
1550.0	4.0
1551.0	2.0
1552.0	4.0
1553.0	1.0
1555.0	1.0
1556.0	2.0
1557.0	3.0
1558.0	1.0
1559.0	2.0
1560.0	1.0
1561.0	1.0
1562.0	1.0
1563.0	2.0
1564.0	3.0
1565.0	3.0
1566.0	1.0
1568.0	2.0
1569.0	2.0
1570.0	2.0
1572.0	2.0
1573.0	4.0
1574.0	1.0
1575.0	1.0
1577.0	2.0
1578.0	4.0
1579.0	4.0
1580.0	1.0
1581.0	2.0
1583.0	1.0
1584.0	2.0
1585.0	2.0
1586.0	3.0
1589.0	2.0
1590.0	2.0
1592.0	2.0
1593.0	2.0
1594.0	2.0
1596.0	1.0
1598.0	1.0
1599.0	1.0
1600.0	1.0
1602.0	1.0
1603.0	4.0
1604.0	4.0
1606.0	1.0
1607.0	1.0
1608.0	4.0
1609.0	1.0
1610.0	2.0
1611.0	1.0
1612.0	3.0
1613.0	1.0
1615.0	1.0
1616.0	1.0
1618.0	1.0
1619.0	2.0
1620.0	1.0
1621.0	1.0
1622.0	1.0
1623.0	4.0
1624.0	1.0
1626.0	1.0
1627.0	1.0
1628.0	1.0
1629.0	1.0
1630.0	2.0
1631.0	2.0
1632.0	2.0
1636.0	1.0
1637.0	1.0
1639.0	2.0
1640.0	1.0
1642.0	1.0
1645.0	1.0
1646.0	1.0
1647.0	1.0
1653.0	3.0
1656.0	2.0
1658.0	2.0
1660.0	1.0
1661.0	1.0
1662.0	2.0
1666.0	1.0
1667.0	1.0
1669.0	2.0
1671.0	3.0
1679.0	2.0
1680.0	1.0
1682.0	2.0
1686.0	1.0
1687.0	2.0
1688.0	1.0
1689.0	1.0
1692.0	1.0
1693.0	1.0
1695.0	1.0
1696.0	3.0
1697.0	1.0
1698.0	1.0
1699.0	1.0
1700.0	1.0
1704.0	2.0
1705.0	2.0
1710.0	1.0
1711.0	1.0
1717.0	1.0
1719.0	1.0
1722.0	1.0
1723.0	1.0
1724.0	1.0
1726.0	1.0
1728.0	1.0
1729.0	1.0
1731.0	1.0
1732.0	2.0
1733.0	1.0
1736.0	2.0
1738.0	1.0
1741.0	1.0
1744.0	2.0
1746.0	1.0
1752.0	2.0
1757.0	2.0
1759.0	1.0
1760.0	2.0
1763.0	2.0
1764.0	1.0
1766.0	2.0
1769.0	1.0
1770.0	1.0
1771.0	2.0
1772.0	1.0
1775.0	1.0
1776.0	1.0
1778.0	1.0
1784.0	2.0
1787.0	1.0
1789.0	2.0
1790.0	1.0
1791.0	1.0
1797.0	1.0
1799.0	1.0
1800.0	1.0
1801.0	1.0
1802.0	2.0
1803.0	2.0
1804.0	2.0
1805.0	1.0
1806.0	1.0
1807.0	3.0
1808.0	2.0
1809.0	1.0
1813.0	2.0
1814.0	1.0
1815.0	1.0
1816.0	2.0
1817.0	1.0
1819.0	2.0
1820.0	1.0
1821.0	1.0
1822.0	1.0
1823.0	1.0
1825.0	1.0
1826.0	1.0
1833.0	2.0
1835.0	3.0
1836.0	1.0
1838.0	1.0
1840.0	1.0
1843.0	1.0
1845.0	1.0
1846.0	1.0
1847.0	1.0
1848.0	1.0
1851.0	1.0
1855.0	2.0
1856.0	1.0
1859.0	1.0
1860.0	3.0
1862.0	1.0
1863.0	1.0
1865.0	5.0
1867.0	1.0
1868.0	2.0
1869.0	2.0
1870.0	1.0
1872.0	1.0
1873.0	1.0
1874.0	1.0
1876.0	2.0
1879.0	1.0
1885.0	1.0
1887.0	3.0
1888.0	1.0
1891.0	2.0
1893.0	2.0
1896.0	1.0
1897.0	2.0
1898.0	2.0
1899.0	1.0
1900.0	1.0
1901.0	2.0
1905.0	2.0
1906.0	1.0
1907.0	1.0
1909.0	2.0
1911.0	1.0
1913.0	1.0
1914.0	1.0
1917.0	1.0
1918.0	2.0
1919.0	2.0
1920.0	1.0
1921.0	1.0
1923.0	1.0
1925.0	1.0
1926.0	3.0
1927.0	1.0
1930.0	1.0
1932.0	1.0
1935.0	1.0
1936.0	1.0
1937.0	1.0
1941.0	2.0
1944.0	1.0
1947.0	1.0
1949.0	1.0
1950.0	1.0
1951.0	1.0
1952.0	2.0
1953.0	1.0
1954.0	2.0
1955.0	2.0
1956.0	1.0
1958.0	1.0
1959.0	1.0
1964.0	1.0
1965.0	1.0
1969.0	1.0
1971.0	1.0
1972.0	1.0
1978.0	1.0
1980.0	1.0
1985.0	1.0
1986.0	1.0
1987.0	1.0
1989.0	1.0
1991.0	1.0
1995.0	2.0
1998.0	1.0
2003.0	1.0
2005.0	1.0
2011.0	2.0
2012.0	1.0
2015.0	1.0
2016.0	2.0
2017.0	1.0
2019.0	1.0
2022.0	1.0
2023.0	1.0
2024.0	1.0
2027.0	1.0
2030.0	1.0
2031.0	1.0
2034.0	1.0
2036.0	1.0
2037.0	1.0
2038.0	2.0
2040.0	1.0
2043.0	1.0
2045.0	1.0
2046.0	1.0
2048.0	1.0
2049.0	1.0
2050.0	1.0
2053.0	2.0
2055.0	1.0
2060.0	1.0
2061.0	2.0
2063.0	1.0
2064.0	1.0
2065.0	1.0
2070.0	3.0
2071.0	1.0
2072.0	1.0
2073.0	2.0
2075.0	1.0
2076.0	1.0
2078.0	1.0
2081.0	1.0
2083.0	1.0
2085.0	1.0
2093.0	1.0
2094.0	1.0
2097.0	2.0
2101.0	1.0
2103.0	1.0
2110.0	1.0
2112.0	1.0
2114.0	1.0
2119.0	1.0
2122.0	1.0
2123.0	1.0
2125.0	1.0
2128.0	1.0
2131.0	1.0
2132.0	1.0
2133.0	1.0
2136.0	1.0
2137.0	1.0
2139.0	1.0
2141.0	1.0
2144.0	1.0
2145.0	1.0
2148.0	2.0
2150.0	1.0
2152.0	1.0
2153.0	1.0
2158.0	1.0
2160.0	1.0
2161.0	1.0
2162.0	1.0
2165.0	1.0
2167.0	1.0
2168.0	1.0
2172.0	1.0
2179.0	1.0
2187.0	1.0
2191.0	1.0
2192.0	1.0
2208.0	1.0
2212.0	1.0
2215.0	1.0
2216.0	1.0
2217.0	1.0
2221.0	1.0
2222.0	2.0
2229.0	1.0
2230.0	1.0
2232.0	1.0
2241.0	1.0
2243.0	2.0
2245.0	1.0
2248.0	1.0
2250.0	2.0
2251.0	2.0
2252.0	1.0
2254.0	1.0
2255.0	1.0
2264.0	1.0
2266.0	1.0
2267.0	1.0
2272.0	2.0
2273.0	1.0
2276.0	1.0
2277.0	1.0
2278.0	1.0
2286.0	1.0
2290.0	1.0
2291.0	1.0
2292.0	1.0
2293.0	1.0
2294.0	1.0
2296.0	1.0
2298.0	1.0
2300.0	2.0
2302.0	1.0
2310.0	1.0
2311.0	1.0
2314.0	1.0
2315.0	1.0
2316.0	2.0
2325.0	1.0
2326.0	1.0
2327.0	1.0
2328.0	1.0
2329.0	1.0
2333.0	2.0
2337.0	2.0
2344.0	1.0
2345.0	1.0
2358.0	2.0
2361.0	1.0
2362.0	1.0
2363.0	1.0
2364.0	1.0
2375.0	1.0
2378.0	2.0
2379.0	1.0
2381.0	2.0
2382.0	2.0
2383.0	2.0
2387.0	1.0
2388.0	2.0
2390.0	1.0
2391.0	1.0
2394.0	1.0
2397.0	1.0
2399.0	1.0
2400.0	2.0
2402.0	1.0
2409.0	2.0
2410.0	1.0
2414.0	2.0
2419.0	2.0
2420.0	1.0
2422.0	1.0
2426.0	1.0
2427.0	1.0
2428.0	1.0
2429.0	1.0
2432.0	2.0
2434.0	1.0
2438.0	1.0
2442.0	1.0
2444.0	1.0
2455.0	1.0
2456.0	1.0
2457.0	1.0
2459.0	2.0
2463.0	1.0
2469.0	1.0
2472.0	2.0
2478.0	1.0
2484.0	1.0
2493.0	2.0
2501.0	1.0
2506.0	1.0
2509.0	1.0
2511.0	1.0
2512.0	1.0
2518.0	1.0
2520.0	1.0
2522.0	1.0
2526.0	1.0
2530.0	1.0
2535.0	1.0
2548.0	1.0
2553.0	1.0
2561.0	1.0
2573.0	1.0
2582.0	1.0
2585.0	1.0
2587.0	1.0
2594.0	1.0
2595.0	1.0
2608.0	1.0
2609.0	1.0
2611.0	1.0
2612.0	1.0
2613.0	2.0
2624.0	1.0
2628.0	1.0
2630.0	1.0
2640.0	1.0
2644.0	1.0
2649.0	1.0
2655.0	1.0
2659.0	1.0
2667.0	2.0
2668.0	1.0
2673.0	1.0
2674.0	1.0
2676.0	1.0
2678.0	2.0
2680.0	1.0
2681.0	1.0
2688.0	1.0
2691.0	1.0
2695.0	1.0
2704.0	1.0
2707.0	1.0
2708.0	1.0
2709.0	2.0
2711.0	1.0
2713.0	1.0
2715.0	1.0
2718.0	1.0
2724.0	1.0
2727.0	1.0
2735.0	1.0
2738.0	1.0
2747.0	1.0
2756.0	1.0
2768.0	1.0
2770.0	1.0
2774.0	1.0
2775.0	2.0
2776.0	1.0
2779.0	1.0
2781.0	1.0
2788.0	1.0
2791.0	1.0
2795.0	2.0
2802.0	1.0
2812.0	1.0
2814.0	2.0
2815.0	1.0
2818.0	1.0
2819.0	2.0
2835.0	1.0
2843.0	2.0
2846.0	1.0
2847.0	1.0
2849.0	1.0
2854.0	1.0
2856.0	1.0
2861.0	1.0
2864.0	1.0
2871.0	1.0
2874.0	1.0
2875.0	1.0
2883.0	1.0
2899.0	1.0
2900.0	1.0
2910.0	1.0
2911.0	1.0
2917.0	1.0
2920.0	2.0
2925.0	1.0
2928.0	1.0
2938.0	1.0
2944.0	1.0
2951.0	1.0
2954.0	1.0
2960.0	1.0
2975.0	1.0
2981.0	1.0
2990.0	1.0
3008.0	1.0
3009.0	1.0
3013.0	1.0
3023.0	1.0
3049.0	1.0
3063.0	1.0
3064.0	1.0
3071.0	1.0
3079.0	2.0
3081.0	1.0
3083.0	1.0
3086.0	1.0
3088.0	1.0
3101.0	1.0
3115.0	1.0
3117.0	1.0
3122.0	1.0
3125.0	1.0
3131.0	1.0
3141.0	1.0
3153.0	1.0
3155.0	1.0
3157.0	1.0
3158.0	1.0
3172.0	1.0
3173.0	1.0
3183.0	1.0
3188.0	1.0
3191.0	1.0
3194.0	1.0
3195.0	1.0
3203.0	1.0
3204.0	1.0
3210.0	1.0
3216.0	1.0
3221.0	1.0
3227.0	1.0
3228.0	1.0
3233.0	1.0
3235.0	1.0
3236.0	1.0
3239.0	1.0
3240.0	1.0
3258.0	1.0
3259.0	1.0
3262.0	1.0
3275.0	1.0
3276.0	2.0
3284.0	1.0
3286.0	1.0
3288.0	1.0
3289.0	1.0
3298.0	2.0
3302.0	1.0
3306.0	2.0
3307.0	1.0
3308.0	1.0
3312.0	2.0
3317.0	1.0
3320.0	1.0
3321.0	1.0
3323.0	1.0
3331.0	1.0
3335.0	1.0
3338.0	1.0
3339.0	1.0
3340.0	2.0
3342.0	1.0
3348.0	1.0
3351.0	1.0
3352.0	1.0
3353.0	2.0
3356.0	1.0
3362.0	2.0
3364.0	1.0
3369.0	1.0
3370.0	2.0
3379.0	1.0
3384.0	3.0
3385.0	1.0
3387.0	1.0
3388.0	1.0
3389.0	1.0
3391.0	1.0
3394.0	1.0
3395.0	3.0
3396.0	3.0
3397.0	1.0
3406.0	2.0
3407.0	2.0
3408.0	1.0
3409.0	1.0
3410.0	2.0
3413.0	1.0
3415.0	1.0
3418.0	3.0
3420.0	3.0
3423.0	2.0
3424.0	1.0
3429.0	1.0
3437.0	1.0
3439.0	1.0
3443.0	1.0
3444.0	1.0
3445.0	2.0
3446.0	1.0
3449.0	2.0
3450.0	2.0
3452.0	2.0
3454.0	1.0
3455.0	1.0
3457.0	1.0
3458.0	1.0
3459.0	1.0
3460.0	1.0
3461.0	1.0
3463.0	2.0
3464.0	1.0
3465.0	3.0
3466.0	2.0
3470.0	2.0
3471.0	4.0
3472.0	1.0
3476.0	2.0
3477.0	1.0
3479.0	1.0
3480.0	1.0
3481.0	2.0
3482.0	2.0
3484.0	1.0
3487.0	2.0
3488.0	1.0
3490.0	1.0
3494.0	1.0
3496.0	1.0
3497.0	1.0
3498.0	1.0
3499.0	1.0
3501.0	2.0
3502.0	1.0
3503.0	1.0
3507.0	2.0
3512.0	2.0
3517.0	2.0
3521.0	1.0
3524.0	1.0
3525.0	2.0
3526.0	1.0
3529.0	2.0
3530.0	1.0
3536.0	1.0
3538.0	1.0
3539.0	1.0
3547.0	1.0
3548.0	1.0
3549.0	1.0
3550.0	1.0
3552.0	1.0
3555.0	1.0
3556.0	1.0
3560.0	1.0
3564.0	2.0
3568.0	1.0
3572.0	1.0
3573.0	1.0
3577.0	1.0
3580.0	1.0
3582.0	1.0
3584.0	2.0
3589.0	1.0
3593.0	1.0
3596.0	1.0
3600.0	1.0
3601.0	1.0
3602.0	2.0
3604.0	2.0
3607.0	1.0
3608.0	3.0
3610.0	2.0
3611.0	1.0
3614.0	1.0
3616.0	1.0
3621.0	2.0
3630.0	1.0
3631.0	2.0
3635.0	1.0
3638.0	2.0
3642.0	2.0
3645.0	1.0
3646.0	1.0
3652.0	1.0
3658.0	1.0
3659.0	1.0
3662.0	1.0
3664.0	3.0
3665.0	3.0
3666.0	1.0
3667.0	1.0
3670.0	2.0
3671.0	1.0
3674.0	3.0
3677.0	1.0
3678.0	1.0
3681.0	1.0
3682.0	1.0
3683.0	1.0
3684.0	1.0
3685.0	1.0
3686.0	1.0
3687.0	1.0
3689.0	1.0
3690.0	4.0
3691.0	2.0
3692.0	2.0
3693.0	1.0
3698.0	2.0
3699.0	1.0
3700.0	1.0
3702.0	2.0
3703.0	3.0
3707.0	1.0
3712.0	1.0
3713.0	3.0
3715.0	1.0
3716.0	1.0
3717.0	1.0
3720.0	1.0
3727.0	1.0
3728.0	1.0
3729.0	2.0
3731.0	2.0
3734.0	1.0
3735.0	1.0
3737.0	2.0
3740.0	2.0
3741.0	1.0
3743.0	1.0
3746.0	1.0
3749.0	1.0
3750.0	1.0
3752.0	1.0
3754.0	2.0
3755.0	3.0
3757.0	1.0
3758.0	1.0
3759.0	3.0
3760.0	2.0
3761.0	2.0
3762.0	1.0
3766.0	1.0
3770.0	2.0
3771.0	1.0
3773.0	1.0
3774.0	2.0
3776.0	3.0
3777.0	2.0
3778.0	2.0
3779.0	1.0
3780.0	1.0
3781.0	1.0
3782.0	1.0
3783.0	2.0
3784.0	1.0
3785.0	2.0
3792.0	1.0
3794.0	1.0
3795.0	1.0
3797.0	2.0
3801.0	1.0
3809.0	1.0
3814.0	1.0
3815.0	1.0
3818.0	1.0
3824.0	1.0
3825.0	1.0
3831.0	1.0
3833.0	1.0
3834.0	2.0
3837.0	1.0
3857.0	1.0
3863.0	1.0
3889.0	1.0
3895.0	1.0
3904.0	1.0
3908.0	1.0
3925.0	1.0
3933.0	1.0
3934.0	1.0
3935.0	1.0
3940.0	1.0
3941.0	4.0
3943.0	1.0
3947.0	1.0
3948.0	1.0
3950.0	1.0
3952.0	1.0
3955.0	2.0
3959.0	1.0
3964.0	1.0
3974.0	1.0
3976.0	2.0
3979.0	1.0
3981.0	1.0
3987.0	1.0
3988.0	1.0
3990.0	1.0
3998.0	2.0
3999.0	2.0
4001.0	1.0
4003.0	1.0
4010.0	1.0
4011.0	1.0
4013.0	1.0
4015.0	1.0
4017.0	1.0
4019.0	3.0
4022.0	1.0
4030.0	2.0
4031.0	2.0
4034.0	2.0
4035.0	1.0
4036.0	1.0
4049.0	1.0
4051.0	1.0
4057.0	2.0
4061.0	1.0
4063.0	1.0
4066.0	1.0
4069.0	1.0
4071.0	1.0
4077.0	1.0
4080.0	2.0
4085.0	1.0
4093.0	1.0
4094.0	2.0
4097.0	1.0
4099.0	2.0
4100.0	1.0
4101.0	1.0
4104.0	1.0
4106.0	2.0
4108.0	1.0
4109.0	1.0
4110.0	2.0
4111.0	1.0
4116.0	1.0
4117.0	1.0
4127.0	1.0
4130.0	1.0
4131.0	1.0
4133.0	1.0
4135.0	1.0
4136.0	2.0
4144.0	1.0
4147.0	2.0
4152.0	1.0
4155.0	1.0
4157.0	1.0
4161.0	2.0
4168.0	1.0
4169.0	3.0
4170.0	1.0
4177.0	1.0
4182.0	1.0
4183.0	1.0
4188.0	1.0
4195.0	1.0
4200.0	1.0
4222.0	2.0
4230.0	2.0
4232.0	1.0
4236.0	1.0
4237.0	2.0
4238.0	1.0
4241.0	1.0
4258.0	1.0
4262.0	1.0
4265.0	1.0
4270.0	1.0
4279.0	1.0
4284.0	1.0
4289.0	1.0
4291.0	1.0
4293.0	1.0
4298.0	1.0
4302.0	1.0
4308.0	2.0
4310.0	1.0
4311.0	1.0
4313.0	1.0
4318.0	1.0
4327.0	1.0
4328.0	1.0
4329.0	1.0
4334.0	1.0
4347.0	1.0
4357.0	1.0
4369.0	2.0
4371.0	1.0
4373.0	2.0
4374.0	1.0
4375.0	1.0
4376.0	1.0
4377.0	1.0
4379.0	1.0
4394.0	1.0
4403.0	1.0
4409.0	1.0
4410.0	1.0
4411.0	1.0
4412.0	1.0
4415.0	1.0
4417.0	1.0
4421.0	1.0
4430.0	3.0
4437.0	2.0
4441.0	1.0
4442.0	1.0
4444.0	1.0
4445.0	1.0
4446.0	1.0
4447.0	3.0
4448.0	1.0
4450.0	1.0
4451.0	2.0
4452.0	6.0
4453.0	4.0
4454.0	10.0
4458.0	1.0
4460.0	1.0
4461.0	1.0
4462.0	1.0
4463.0	1.0
4465.0	1.0
4482.0	1.0
4483.0	1.0
4498.0	2.0
4501.0	1.0
4502.0	1.0
4504.0	1.0
4507.0	1.0
4525.0	1.0
4533.0	1.0
4542.0	1.0
4548.0	1.0
4549.0	1.0
4554.0	1.0
4557.0	1.0
4560.0	1.0
4561.0	1.0
4567.0	1.0
4581.0	1.0
4582.0	1.0
4586.0	1.0
4608.0	1.0
4611.0	2.0
4615.0	1.0
4622.0	1.0
4624.0	1.0
4627.0	1.0
4631.0	1.0
4659.0	1.0
4660.0	1.0
4663.0	1.0
4678.0	1.0
4680.0	2.0
4686.0	1.0
4695.0	1.0
4704.0	1.0
4709.0	1.0
4716.0	1.0
4724.0	1.0
4729.0	1.0
4743.0	1.0
4744.0	1.0
4748.0	2.0
4755.0	1.0
4765.0	1.0
4790.0	1.0
4801.0	1.0
4804.0	1.0
4814.0	1.0
4824.0	1.0
4836.0	1.0
4847.0	1.0
4857.0	1.0
4858.0	1.0
4872.0	1.0
4874.0	1.0
4881.0	1.0
4897.0	2.0
4898.0	1.0
4904.0	2.0
4905.0	1.0
4911.0	1.0
4920.0	1.0
4938.0	1.0
4942.0	1.0
4948.0	1.0
4964.0	1.0
4971.0	1.0
4973.0	2.0
4995.0	1.0
4996.0	1.0
4997.0	2.0
5019.0	1.0
5024.0	1.0
5032.0	1.0
5036.0	2.0
5039.0	1.0
5040.0	1.0
5046.0	1.0
5047.0	1.0
5049.0	1.0
5050.0	1.0
5052.0	2.0
5053.0	1.0
5054.0	1.0
5064.0	1.0
5066.0	1.0
5070.0	1.0
5077.0	2.0
5083.0	1.0
5089.0	1.0
5091.0	2.0
5102.0	1.0
5106.0	1.0
5120.0	1.0
5132.0	1.0
5138.0	1.0
5141.0	2.0
5149.0	1.0
5150.0	1.0
5151.0	1.0
5152.0	1.0
5153.0	1.0
5156.0	2.0
5157.0	1.0
5159.0	1.0
5164.0	1.0
5167.0	1.0
5171.0	2.0
5173.0	3.0
5174.0	1.0
5176.0	2.0
5177.0	1.0
5178.0	1.0
5179.0	1.0
5183.0	1.0
5185.0	2.0
5188.0	2.0
5190.0	1.0
5191.0	1.0
5192.0	2.0
5201.0	2.0
5208.0	1.0
5209.0	1.0
5210.0	1.0
5212.0	1.0
5217.0	1.0
5228.0	1.0
5231.0	2.0
5237.0	2.0
5240.0	1.0
5243.0	1.0
5253.0	2.0
5256.0	1.0
5259.0	1.0
5260.0	1.0
5261.0	1.0
5268.0	2.0
5270.0	1.0
5271.0	1.0
5276.0	1.0
5277.0	1.0
5279.0	1.0
5282.0	1.0
5284.0	1.0
5287.0	1.0
5288.0	2.0
5290.0	1.0
5291.0	1.0
5293.0	2.0
5295.0	1.0
5297.0	1.0
5303.0	2.0
5306.0	2.0
5307.0	1.0
5310.0	2.0
5311.0	1.0
5312.0	2.0
5313.0	1.0
5315.0	1.0
5316.0	1.0
5317.0	1.0
5318.0	1.0
5320.0	2.0
5321.0	1.0
5324.0	1.0
5325.0	1.0
5327.0	1.0
5328.0	1.0
5330.0	2.0
5331.0	2.0
5332.0	1.0
5334.0	2.0
5355.0	1.0
5364.0	1.0
5366.0	1.0
5372.0	1.0
5380.0	1.0
5387.0	2.0
5390.0	2.0
5397.0	1.0
5403.0	1.0
5405.0	2.0
5407.0	1.0
5413.0	2.0
5414.0	1.0
5419.0	1.0
5420.0	1.0
5428.0	1.0
5429.0	1.0
5436.0	1.0
5438.0	1.0
5439.0	1.0
5442.0	1.0
5444.0	1.0
5446.0	1.0
5453.0	1.0
5456.0	1.0
5457.0	1.0
5460.0	2.0
5461.0	1.0
5464.0	1.0
5468.0	1.0
5482.0	1.0
5491.0	1.0
5502.0	2.0
5517.0	1.0
5527.0	1.0
5528.0	1.0
5541.0	1.0
5542.0	1.0
5554.0	1.0
5584.0	1.0
5602.0	1.0
5615.0	1.0
5625.0	1.0
5633.0	1.0
5634.0	1.0
5660.0	1.0
5673.0	1.0
5677.0	1.0
5688.0	1.0
5714.0	1.0
5719.0	1.0
5732.0	1.0
5745.0	1.0
5749.0	1.0
5753.0	1.0
5760.0	1.0
5787.0	1.0
5796.0	1.0
5801.0	1.0
5816.0	1.0
5822.0	1.0
5825.0	1.0
5863.0	2.0
5897.0	1.0
5906.0	1.0
5937.0	1.0
5942.0	1.0
5945.0	1.0
5955.0	1.0
5975.0	1.0
5980.0	1.0
5981.0	1.0
5983.0	1.0
6005.0	1.0
6085.0	1.0
6087.0	1.0
6123.0	1.0
6127.0	1.0
6133.0	1.0
6152.0	1.0
6191.0	1.0
6199.0	2.0
6224.0	2.0
6239.0	1.0
6244.0	1.0
6273.0	1.0
6274.0	1.0
6279.0	1.0
6290.0	1.0
6303.0	1.0
6318.0	1.0
6329.0	2.0
6332.0	1.0
6343.0	1.0
6358.0	1.0
6363.0	1.0
6368.0	1.0
6371.0	1.0
6390.0	1.0
6395.0	1.0
6405.0	1.0
6418.0	1.0
6431.0	1.0
6435.0	1.0
6443.0	1.0
6447.0	1.0
6450.0	1.0
6454.0	1.0
6457.0	1.0
6485.0	1.0
6493.0	1.0
6511.0	1.0
6534.0	1.0
6537.0	1.0
6538.0	1.0
6539.0	1.0
6547.0	1.0
6551.0	1.0
6553.0	1.0
6583.0	1.0
6618.0	1.0
6620.0	1.0
6654.0	1.0
6662.0	1.0
6672.0	2.0
6676.0	1.0
6679.0	1.0
6682.0	1.0
6688.0	1.0
6690.0	1.0
6701.0	1.0
6703.0	1.0
6718.0	1.0
6725.0	1.0
6731.0	1.0
6736.0	1.0
6751.0	1.0
6756.0	1.0
6774.0	1.0
6786.0	1.0
6789.0	1.0
6799.0	1.0
6808.0	1.0
6813.0	1.0
6831.0	1.0
6835.0	1.0
6837.0	1.0
6841.0	1.0
6849.0	1.0
6850.0	1.0
6851.0	1.0
6858.0	2.0
6859.0	1.0
6860.0	1.0
6873.0	1.0
6879.0	1.0
6882.0	1.0
6888.0	2.0
6896.0	1.0
6897.0	1.0
6901.0	1.0
6904.0	1.0
6905.0	1.0
6914.0	1.0
6917.0	1.0
6944.0	1.0
6945.0	1.0
6947.0	1.0
6948.0	1.0
6953.0	1.0
6954.0	1.0
6959.0	1.0
6967.0	1.0
6995.0	1.0
7002.0	1.0
7008.0	1.0
7011.0	1.0
7015.0	1.0
7018.0	1.0
7019.0	1.0
7032.0	1.0
7033.0	1.0
7037.0	1.0
7055.0	1.0
7057.0	1.0
7058.0	1.0
7060.0	1.0
7074.0	1.0
7092.0	1.0
7100.0	1.0
7102.0	1.0
7119.0	1.0
7122.0	1.0
7125.0	1.0
7136.0	1.0
7149.0	1.0
7156.0	1.0
7166.0	1.0
7172.0	1.0
7177.0	1.0
7184.0	1.0
7200.0	1.0
7202.0	1.0
7203.0	1.0
7210.0	2.0
7216.0	2.0
7217.0	1.0
7220.0	1.0
7223.0	1.0
7224.0	1.0
7233.0	1.0
7238.0	1.0
7241.0	1.0
7249.0	1.0
7258.0	1.0
7262.0	1.0
7274.0	1.0
7277.0	1.0
7279.0	1.0
7290.0	1.0
7291.0	1.0
7305.0	1.0
7322.0	1.0
7346.0	1.0
7348.0	1.0
7355.0	1.0
7361.0	1.0
7370.0	1.0
7377.0	1.0
7391.0	1.0
7400.0	1.0
7412.0	1.0
7414.0	1.0
7433.0	1.0
7439.0	1.0
7446.0	1.0
7459.0	1.0
7464.0	1.0
7466.0	1.0
7472.0	1.0
7474.0	1.0
7483.0	1.0
7486.0	1.0
7493.0	1.0
7502.0	2.0
7504.0	1.0
7509.0	1.0
7513.0	1.0
7514.0	1.0
7518.0	1.0
7524.0	1.0
7525.0	1.0
7526.0	1.0
7532.0	1.0
7535.0	1.0
7540.0	1.0
7555.0	1.0
7569.0	1.0
7583.0	1.0
7585.0	1.0
7599.0	1.0
7624.0	1.0
7630.0	1.0
7638.0	1.0
7666.0	1.0
7680.0	1.0
7683.0	1.0
7684.0	1.0
7690.0	1.0
7696.0	2.0
7710.0	1.0
7711.0	1.0
7713.0	1.0
7723.0	1.0
7725.0	1.0
7734.0	1.0
7736.0	1.0
7745.0	1.0
7748.0	1.0
7755.0	1.0
7789.0	1.0
7790.0	1.0
7801.0	1.0
7811.0	1.0
7834.0	1.0
7838.0	1.0
7848.0	1.0
7860.0	1.0
7861.0	1.0
7862.0	1.0
7887.0	1.0
7903.0	1.0
7910.0	1.0
7939.0	1.0
7945.0	1.0
7951.0	1.0
7954.0	1.0
7960.0	1.0
7961.0	1.0
7972.0	1.0
7982.0	1.0
8007.0	1.0
8020.0	1.0
8044.0	1.0
8050.0	1.0
8056.0	2.0
8062.0	1.0
8064.0	1.0
8066.0	1.0
8073.0	1.0
8078.0	1.0
8080.0	1.0
8087.0	1.0
8090.0	1.0
8094.0	1.0
8108.0	1.0
8113.0	1.0
8124.0	1.0
8127.0	1.0
8133.0	1.0
8153.0	1.0
8157.0	1.0
8163.0	2.0
8164.0	1.0
8178.0	1.0
8194.0	1.0
8198.0	1.0
8206.0	1.0
8211.0	1.0
8223.0	1.0
8233.0	1.0
8235.0	1.0
8236.0	1.0
8239.0	1.0
8241.0	3.0
8244.0	1.0
8246.0	1.0
8252.0	1.0
8255.0	1.0
8265.0	1.0
8269.0	1.0
8271.0	1.0
8275.0	2.0
8297.0	1.0
8300.0	1.0
8304.0	1.0
8306.0	1.0
8314.0	1.0
8315.0	1.0
8318.0	1.0
8319.0	1.0
8322.0	1.0
8325.0	1.0
8328.0	1.0
8331.0	1.0
8333.0	1.0
8342.0	1.0
8347.0	1.0
8351.0	1.0
8353.0	1.0
8357.0	1.0
8360.0	1.0
8363.0	1.0
8379.0	1.0
8388.0	1.0
8391.0	1.0
8394.0	2.0
8396.0	1.0
8397.0	1.0
8412.0	1.0
8424.0	1.0
8426.0	2.0
8430.0	1.0
8432.0	1.0
8433.0	1.0
8435.0	1.0
8436.0	1.0
8445.0	1.0
8449.0	1.0
8456.0	1.0
8457.0	1.0
8462.0	1.0
8470.0	1.0
8472.0	1.0
8473.0	1.0
8475.0	1.0
8479.0	1.0
8481.0	1.0
8483.0	1.0
8484.0	4.0
8485.0	4.0
8486.0	10.0
8492.0	1.0
8494.0	1.0
8496.0	1.0
8501.0	1.0
8525.0	1.0
8528.0	1.0
8532.0	1.0
8537.0	1.0
8543.0	1.0
8545.0	1.0
8547.0	1.0
8550.0	1.0
8553.0	1.0
8571.0	1.0
8583.0	1.0
8584.0	1.0
8591.0	1.0
8594.0	1.0
8599.0	1.0
8602.0	1.0
8608.0	1.0
8625.0	2.0
8630.0	1.0
8631.0	2.0
8654.0	1.0
8672.0	2.0
8676.0	1.0
8705.0	1.0
8711.0	1.0
8713.0	1.0
8723.0	1.0
8810.0	1.0
8832.0	1.0
8867.0	1.0
8897.0	1.0
8912.0	1.0
8939.0	1.0
8956.0	1.0
8970.0	1.0
9036.0	1.0
9045.0	1.0
9053.0	1.0
9058.0	1.0
9061.0	1.0
9084.0	1.0
9096.0	1.0
9109.0	1.0
9132.0	1.0
9136.0	1.0
9161.0	1.0
9211.0	1.0
9224.0	1.0
9353.0	1.0
9357.0	1.0
9366.0	1.0
9382.0	1.0
9385.0	1.0
9386.0	1.0
9416.0	1.0
9423.0	1.0
9425.0	1.0
9430.0	1.0
9431.0	2.0
9432.0	1.0
9442.0	1.0
9448.0	1.0
9449.0	1.0
9455.0	1.0
9469.0	1.0
9473.0	1.0
9493.0	1.0
9522.0	1.0
9529.0	1.0
9549.0	1.0
9550.0	1.0
9558.0	1.0
9564.0	2.0
9569.0	1.0
9594.0	1.0
9602.0	1.0
9613.0	1.0
9616.0	1.0
9634.0	1.0
9647.0	1.0
9655.0	1.0
9670.0	1.0
9677.0	1.0
9693.0	1.0
9697.0	1.0
9700.0	1.0
9710.0	1.0
9794.0	1.0
9836.0	1.0
9844.0	1.0
9854.0	2.0
9859.0	1.0
9871.0	1.0
9875.0	1.0
9892.0	1.0
9899.0	1.0
9928.0	1.0
9955.0	1.0
9957.0	1.0
9980.0	1.0
10026.0	1.0
10029.0	1.0
10046.0	1.0
10068.0	1.0
10078.0	1.0
10187.0	1.0
10216.0	1.0
10236.0	1.0
10258.0	1.0
10327.0	1.0
10330.0	1.0
10369.0	1.0
10371.0	1.0
10388.0	1.0
10403.0	1.0
10416.0	1.0
10417.0	1.0
10474.0	1.0
10486.0	1.0
10517.0	1.0
10565.0	1.0
10588.0	1.0
10616.0	1.0
10634.0	1.0
10638.0	1.0
10654.0	1.0
10704.0	1.0
10717.0	1.0
10719.0	1.0
10750.0	1.0
10760.0	1.0
10766.0	1.0
10782.0	1.0
10841.0	1.0
10843.0	1.0
10865.0	1.0
10868.0	1.0
10935.0	2.0
10939.0	1.0
10983.0	2.0
11009.0	1.0
11019.0	1.0
11087.0	1.0
11129.0	1.0
11135.0	1.0
11178.0	1.0
11193.0	1.0
11206.0	1.0
11208.0	1.0
11248.0	1.0
11286.0	1.0
11318.0	1.0
11333.0	1.0
11339.0	1.0
11369.0	1.0
11387.0	1.0
11393.0	1.0
11435.0	1.0
11480.0	1.0
11513.0	1.0
11554.0	1.0
11567.0	1.0
11588.0	1.0
11596.0	2.0
11711.0	1.0
11743.0	1.0
11785.0	1.0
11795.0	1.0
11826.0	1.0
11905.0	2.0
11952.0	1.0
11966.0	1.0
11984.0	1.0
12030.0	1.0
12057.0	1.0
12087.0	1.0
12158.0	1.0
12159.0	1.0
12161.0	1.0
12174.0	1.0
12176.0	1.0
12226.0	1.0
12240.0	1.0
12246.0	1.0
12275.0	1.0
12281.0	1.0
12285.0	1.0
12307.0	1.0
12309.0	1.0
12320.0	1.0
12334.0	1.0
12341.0	1.0
12454.0	1.0
12504.0	1.0
12532.0	1.0
12680.0	2.0
12720.0	1.0
12737.0	1.0
12826.0	1.0
12889.0	1.0
12969.0	1.0
12998.0	1.0
13007.0	1.0
13086.0	1.0
13101.0	1.0
13142.0	1.0
13169.0	1.0
13178.0	1.0
13216.0	1.0
13218.0	1.0
13303.0	1.0
13368.0	1.0
13432.0	1.0
13534.0	1.0
13548.0	1.0
13555.0	1.0
13618.0	1.0
13634.0	1.0
13646.0	1.0
13668.0	1.0
13702.0	1.0
13712.0	1.0
13743.0	1.0
13769.0	1.0
13775.0	1.0
13777.0	1.0
13809.0	1.0
13815.0	1.0
13837.0	1.0
13861.0	1.0
13880.0	1.0
13890.0	1.0
13914.0	1.0
13974.0	1.0
13985.0	1.0
13988.0	1.0
14008.0	1.0
14053.0	1.0
14084.0	1.0
14090.0	1.0
14138.0	1.0
14153.0	1.0
14167.0	1.0
14176.0	1.0
14242.0	1.0
14255.0	1.0
14287.0	1.0
14314.0	1.0
14326.0	1.0
14354.0	1.0
14430.0	1.0
14442.0	1.0
14483.0	1.0
14522.0	1.0
14539.0	1.0
14558.0	1.0
14561.0	1.0
14596.0	1.0
14601.0	1.0
14628.0	1.0
14657.0	1.0
14728.0	1.0
14772.0	1.0
14791.0	1.0
14829.0	1.0
14837.0	1.0
14861.0	1.0
14865.0	1.0
14943.0	1.0
14960.0	1.0
14977.0	1.0
14978.0	1.0
15020.0	1.0
15084.0	1.0
15086.0	1.0
15127.0	1.0
15148.0	1.0
15153.0	1.0
15172.0	1.0
15173.0	1.0
15216.0	1.0
15222.0	1.0
15233.0	1.0
15247.0	1.0
15250.0	1.0
15307.0	1.0
15325.0	1.0
15343.0	1.0
15368.0	1.0
15401.0	1.0
15434.0	1.0
15489.0	1.0
15505.0	1.0
15510.0	1.0
15544.0	1.0
15567.0	1.0
15598.0	1.0
15613.0	1.0
15653.0	1.0
15794.0	1.0
15804.0	1.0
15873.0	1.0
15884.0	1.0
15889.0	1.0
15943.0	1.0
15948.0	1.0
15988.0	1.0
16044.0	1.0
16054.0	1.0
16123.0	1.0
16165.0	1.0
16170.0	1.0
16186.0	1.0
16219.0	1.0
16240.0	1.0
16252.0	1.0
16258.0	1.0
16333.0	1.0
16344.0	1.0
16459.0	1.0
16471.0	1.0
16496.0	1.0
16520.0	1.0
16563.0	1.0
16613.0	1.0
16636.0	1.0
16641.0	1.0
16661.0	1.0
16675.0	1.0
16709.0	1.0
16830.0	1.0
16887.0	1.0
16919.0	1.0
16933.0	1.0
16943.0	1.0
16947.0	1.0
17040.0	1.0
17043.0	1.0
17054.0	1.0
17073.0	1.0
17172.0	1.0
17200.0	1.0
17258.0	1.0
17348.0	1.0
17363.0	1.0
17381.0	1.0
17395.0	1.0
17429.0	1.0
17438.0	1.0
17441.0	1.0
17451.0	1.0
17466.0	1.0
17504.0	1.0
17529.0	1.0
17541.0	1.0
17549.0	1.0
17582.0	1.0
17585.0	1.0
17665.0	1.0
17703.0	1.0
17737.0	1.0
17746.0	1.0
17771.0	1.0
17785.0	1.0
17862.0	1.0
17906.0	1.0
17991.0	1.0
17993.0	1.0
17999.0	1.0
18100.0	1.0
18116.0	1.0
18142.0	1.0
18222.0	1.0
18226.0	1.0
18241.0	1.0
18250.0	1.0
18296.0	1.0
18303.0	1.0
18309.0	1.0
18336.0	1.0
18343.0	2.0
18355.0	1.0
18366.0	1.0
18387.0	1.0
18400.0	1.0
18401.0	2.0
18430.0	1.0
18470.0	1.0
18486.0	1.0
18511.0	1.0
18514.0	1.0
18533.0	1.0
18575.0	1.0
18617.0	1.0
18624.0	1.0
18658.0	1.0
18663.0	1.0
18687.0	1.0
18719.0	1.0
18721.0	1.0
18734.0	1.0
18746.0	1.0
18749.0	1.0
18769.0	1.0
18776.0	1.0
18794.0	1.0
18831.0	1.0
18855.0	1.0
18865.0	1.0
18892.0	1.0
18945.0	1.0
19015.0	1.0
19016.0	1.0
19049.0	1.0
19115.0	1.0
19127.0	1.0
19136.0	1.0
19149.0	1.0
19178.0	1.0
19200.0	1.0
19201.0	1.0
19208.0	1.0
19254.0	1.0
19350.0	1.0
19370.0	1.0
19392.0	1.0
19410.0	1.0
19413.0	1.0
19456.0	1.0
19460.0	1.0
19464.0	1.0
19509.0	1.0
19510.0	1.0
19522.0	2.0
19643.0	1.0
19649.0	1.0
19654.0	1.0
19656.0	1.0
19665.0	1.0
19678.0	1.0
19707.0	1.0
19712.0	1.0
19748.0	1.0
19791.0	1.0
19836.0	1.0
19849.0	1.0
19850.0	1.0
19876.0	1.0
19925.0	1.0
19936.0	1.0
19938.0	1.0
19946.0	1.0
19956.0	1.0
19961.0	1.0
19974.0	1.0
20029.0	1.0
20032.0	1.0
20046.0	1.0
20122.0	1.0
20138.0	1.0
20157.0	1.0
20197.0	1.0
20219.0	1.0
20226.0	1.0
20238.0	1.0
20256.0	1.0
20271.0	1.0
20276.0	1.0
20279.0	1.0
20282.0	1.0
20295.0	1.0
20298.0	2.0
20309.0	1.0
20311.0	1.0
20315.0	2.0
20316.0	2.0
20317.0	3.0
20346.0	1.0
20349.0	1.0
20359.0	1.0
20367.0	1.0
20528.0	1.0
20540.0	1.0
20556.0	1.0
20631.0	1.0
20671.0	1.0
20708.0	1.0
20716.0	1.0
20747.0	1.0
20753.0	1.0
20757.0	1.0
20830.0	1.0
20851.0	1.0
20861.0	1.0
20864.0	1.0
20879.0	1.0
20884.0	1.0
20906.0	1.0
20922.0	1.0
20931.0	1.0
20960.0	1.0
20981.0	1.0
20982.0	1.0
20983.0	1.0
20995.0	1.0
20996.0	1.0
21014.0	1.0
21067.0	1.0
21072.0	1.0
21090.0	1.0
21097.0	1.0
21116.0	1.0
21170.0	1.0
21189.0	1.0
21201.0	1.0
21219.0	1.0
21223.0	1.0
21240.0	1.0
21337.0	1.0
21384.0	1.0
21420.0	1.0
21474.0	1.0
21487.0	1.0
21503.0	1.0
21534.0	1.0
21537.0	1.0
21538.0	1.0
21617.0	1.0
21714.0	1.0
21739.0	1.0
21766.0	1.0
21807.0	1.0
21849.0	1.0
21853.0	1.0
21989.0	1.0
22085.0	1.0
22092.0	1.0
22097.0	1.0
22145.0	1.0
22393.0	1.0
22394.0	1.0
22398.0	1.0
22411.0	1.0
22467.0	2.0
22494.0	1.0
22540.0	1.0
22551.0	1.0
22564.0	1.0
22593.0	1.0
22600.0	1.0
22631.0	1.0
22639.0	1.0
22686.0	1.0
22788.0	1.0
22827.0	1.0
22842.0	1.0
22890.0	1.0
22931.0	1.0
22955.0	1.0
22972.0	1.0
23003.0	1.0
23038.0	1.0
23071.0	1.0
23087.0	1.0
23120.0	1.0
23125.0	1.0
23143.0	1.0
23206.0	1.0
23264.0	1.0
23316.0	1.0
23330.0	1.0
23442.0	1.0
23443.0	1.0
23453.0	1.0
23478.0	1.0
23501.0	1.0
23540.0	1.0
23543.0	1.0
23549.0	1.0
23560.0	1.0
23565.0	1.0
23567.0	1.0
23575.0	1.0
23635.0	1.0
23637.0	1.0
23644.0	1.0
23667.0	1.0
23677.0	1.0
23697.0	1.0
23702.0	1.0
23728.0	1.0
23729.0	1.0
23733.0	1.0
23766.0	1.0
23807.0	1.0
23815.0	2.0
23831.0	2.0
23843.0	1.0
23872.0	1.0
23913.0	1.0
23920.0	1.0
23935.0	2.0
23948.0	1.0
23960.0	1.0
23966.0	1.0
23973.0	1.0
23980.0	1.0
23990.0	1.0
23994.0	2.0
24044.0	1.0
24051.0	1.0
24055.0	2.0
24056.0	1.0
24057.0	1.0
24065.0	1.0
24098.0	1.0
24108.0	1.0
24116.0	1.0
24190.0	1.0
24194.0	1.0
24219.0	1.0
24222.0	1.0
24229.0	1.0
24254.0	1.0
24263.0	1.0
24286.0	1.0
24309.0	1.0
24310.0	1.0
24311.0	1.0
24346.0	1.0
24413.0	1.0
24445.0	1.0
24465.0	1.0
24470.0	1.0
24482.0	1.0
24512.0	1.0
24559.0	1.0
24595.0	1.0
24606.0	1.0
24644.0	1.0
24674.0	1.0
24694.0	1.0
24741.0	1.0
24758.0	1.0
24803.0	1.0
24815.0	1.0
24820.0	1.0
24825.0	1.0
24847.0	1.0
24862.0	1.0
24867.0	1.0
24874.0	1.0
24906.0	1.0
24907.0	1.0
24913.0	1.0
24949.0	1.0
24953.0	1.0
25035.0	1.0
25049.0	1.0
25057.0	1.0
25086.0	1.0
25087.0	1.0
25152.0	1.0
25164.0	1.0
25188.0	1.0
25194.0	1.0
25232.0	1.0
25281.0	1.0
25292.0	1.0
25299.0	1.0
25327.0	1.0
25343.0	1.0
25358.0	1.0
25368.0	1.0
25406.0	1.0
25425.0	1.0
25485.0	1.0
25562.0	1.0
25586.0	1.0
25604.0	1.0
25692.0	1.0
25697.0	1.0
25699.0	1.0
25725.0	1.0
25754.0	1.0
25794.0	1.0
25797.0	1.0
25799.0	1.0
25817.0	1.0
25852.0	1.0
25860.0	1.0
25875.0	2.0
25876.0	1.0
25905.0	1.0
25911.0	1.0
25972.0	1.0
26015.0	1.0
26081.0	1.0
26090.0	1.0
26196.0	1.0
26326.0	1.0
26342.0	1.0
26467.0	1.0
26516.0	1.0
26593.0	1.0
26668.0	1.0
26674.0	1.0
26722.0	1.0
26743.0	1.0
26794.0	1.0
26810.0	1.0
26897.0	1.0
26923.0	1.0
26929.0	1.0
26988.0	1.0
27044.0	1.0
27162.0	1.0
27178.0	1.0
27193.0	1.0
27202.0	1.0
27216.0	1.0
27222.0	1.0
27242.0	1.0
27274.0	1.0
27278.0	1.0
27300.0	1.0
27501.0	1.0
27513.0	1.0
27581.0	1.0
27600.0	1.0
27695.0	1.0
27747.0	1.0
27775.0	1.0
27778.0	1.0
27793.0	1.0
27822.0	1.0
27849.0	1.0
27864.0	1.0
27876.0	1.0
28003.0	1.0
28169.0	1.0
28199.0	1.0
28221.0	1.0
28252.0	1.0
28318.0	1.0
28381.0	1.0
28429.0	1.0
28532.0	1.0
28566.0	1.0
28625.0	1.0
28630.0	1.0
28735.0	1.0
28812.0	1.0
28912.0	1.0
28957.0	1.0
28970.0	1.0
29006.0	1.0
29029.0	1.0
29121.0	1.0
29206.0	1.0
29242.0	1.0
29339.0	1.0
29470.0	1.0
29516.0	1.0
29520.0	1.0
29521.0	1.0
29527.0	1.0
29609.0	1.0
29689.0	1.0
29693.0	1.0
29737.0	1.0
29759.0	1.0
29788.0	1.0
29789.0	1.0
29815.0	1.0
29905.0	1.0
29935.0	1.0
29945.0	1.0
29989.0	1.0
30115.0	1.0
30142.0	1.0
30176.0	1.0
30193.0	1.0
30203.0	1.0
30231.0	1.0
30275.0	1.0
30306.0	1.0
30317.0	1.0
30328.0	1.0
30378.0	1.0
30413.0	1.0
30436.0	1.0
30480.0	1.0
30498.0	1.0
30519.0	1.0
30556.0	1.0
30711.0	1.0
30720.0	1.0
30729.0	1.0
30734.0	1.0
30842.0	1.0
30934.0	1.0
30977.0	1.0
31009.0	1.0
31011.0	1.0
31077.0	1.0
31116.0	1.0
31190.0	1.0
31191.0	1.0
31249.0	1.0
31272.0	1.0
31367.0	1.0
31370.0	1.0
31375.0	1.0
31376.0	1.0
31407.0	1.0
31433.0	1.0
31563.0	1.0
31579.0	1.0
31580.0	1.0
31623.0	1.0
31737.0	1.0
31757.0	1.0
31771.0	1.0
31778.0	1.0
31801.0	1.0
31831.0	1.0
31843.0	1.0
31884.0	1.0
31925.0	1.0
31928.0	1.0
32046.0	1.0
32090.0	1.0
32129.0	1.0
32131.0	1.0
32166.0	1.0
32268.0	1.0
32306.0	1.0
32362.0	1.0
32377.0	1.0
32389.0	1.0
32452.0	1.0
32513.0	1.0
32529.0	1.0
32552.0	1.0
32681.0	1.0
32729.0	1.0
32827.0	1.0
32844.0	1.0
32899.0	1.0
32910.0	1.0
32968.0	1.0
32995.0	1.0
32996.0	1.0
33011.0	1.0
33017.0	1.0
33023.0	1.0
33056.0	1.0
33072.0	1.0
33078.0	1.0
33123.0	1.0
33142.0	1.0
33190.0	1.0
33222.0	1.0
33245.0	1.0
33274.0	1.0
33294.0	1.0
33354.0	1.0
33357.0	1.0
33535.0	1.0
33586.0	1.0
33599.0	1.0
33603.0	1.0
33635.0	1.0
33721.0	1.0
33821.0	1.0
33860.0	1.0
33861.0	1.0
33890.0	1.0
33895.0	1.0
33977.0	1.0
34000.0	1.0
34032.0	1.0
34040.0	1.0
34052.0	1.0
34113.0	1.0
34122.0	1.0
34136.0	1.0
34214.0	1.0
34215.0	1.0
34309.0	1.0
34392.0	1.0
34396.0	1.0
34480.0	1.0
34613.0	1.0
34707.0	1.0
34775.0	1.0
34836.0	1.0
35039.0	1.0
35121.0	1.0
35135.0	1.0
35178.0	1.0
35198.0	1.0
35282.0	1.0
35294.0	1.0
35428.0	1.0
35437.0	1.0
35517.0	1.0
35635.0	1.0
35703.0	1.0
35813.0	1.0
35829.0	1.0
35866.0	1.0
35888.0	1.0
35913.0	1.0
35927.0	1.0
35948.0	1.0
35957.0	1.0
35994.0	1.0
36032.0	1.0
36045.0	1.0
36078.0	1.0
36107.0	1.0
36130.0	1.0
36165.0	1.0
36177.0	1.0
36224.0	1.0
36293.0	1.0
36295.0	1.0
36299.0	1.0
36301.0	1.0
36350.0	1.0
36356.0	1.0
36427.0	1.0
36480.0	1.0
36490.0	1.0
36518.0	1.0
36540.0	1.0
36594.0	1.0
36617.0	1.0
36798.0	1.0
36844.0	1.0
37040.0	1.0
37064.0	1.0
37084.0	1.0
37098.0	1.0
37139.0	1.0
37149.0	1.0
37181.0	1.0
37220.0	1.0
37261.0	1.0
37266.0	1.0
37413.0	1.0
37420.0	1.0
37466.0	1.0
37512.0	1.0
37555.0	1.0
37622.0	1.0
37766.0	1.0
37775.0	1.0
37829.0	1.0
37858.0	1.0
37903.0	1.0
37917.0	1.0
37928.0	1.0
37950.0	1.0
37977.0	1.0
37979.0	1.0
38034.0	1.0
38053.0	1.0
38082.0	1.0
38149.0	1.0
38151.0	1.0
38178.0	1.0
38181.0	1.0
38205.0	1.0
38362.0	1.0
38379.0	1.0
38392.0	1.0
38394.0	1.0
38475.0	1.0
38481.0	1.0
38519.0	1.0
38545.0	1.0
38579.0	1.0
38619.0	1.0
38658.0	1.0
38764.0	1.0
38864.0	1.0
38887.0	1.0
38921.0	1.0
38930.0	1.0
38995.0	1.0
39000.0	1.0
39035.0	1.0
39099.0	1.0
39257.0	1.0
39258.0	1.0
39340.0	1.0
39344.0	1.0
39394.0	1.0
39398.0	1.0
39462.0	1.0
39485.0	1.0
39549.0	1.0
39580.0	1.0
39582.0	1.0
39628.0	1.0
39632.0	1.0
39654.0	1.0
39660.0	1.0
39675.0	1.0
39697.0	1.0
39698.0	1.0
39919.0	1.0
39926.0	1.0
39959.0	1.0
39973.0	1.0
40016.0	2.0
40139.0	1.0
40175.0	1.0
40182.0	1.0
40234.0	1.0
40248.0	1.0
40295.0	1.0
40355.0	1.0
40387.0	1.0
40403.0	1.0
40416.0	1.0
40427.0	1.0
40429.0	1.0
40501.0	1.0
40584.0	1.0
40586.0	1.0
40602.0	1.0
40631.0	1.0
40638.0	1.0
40719.0	1.0
40751.0	1.0
40789.0	1.0
40827.0	1.0
40856.0	1.0
40867.0	1.0
40881.0	1.0
40885.0	1.0
40976.0	1.0
41023.0	1.0
41046.0	1.0
41048.0	1.0
41067.0	1.0
41102.0	1.0
41140.0	1.0
41155.0	1.0
41162.0	1.0
41197.0	1.0
41205.0	1.0
41261.0	1.0
41292.0	1.0
41293.0	1.0
41294.0	1.0
41322.0	1.0
41345.0	1.0
41360.0	1.0
41363.0	1.0
41391.0	1.0
41427.0	1.0
41444.0	1.0
41497.0	1.0
41505.0	1.0
41552.0	1.0
41559.0	1.0
41583.0	1.0
41585.0	1.0
41603.0	1.0
41609.0	1.0
41667.0	1.0
41741.0	1.0
41752.0	1.0
41765.0	1.0
41798.0	1.0
41842.0	1.0
41844.0	1.0
41920.0	1.0
41940.0	1.0
41963.0	1.0
42024.0	1.0
42040.0	1.0
42041.0	1.0
42047.0	1.0
42049.0	1.0
42060.0	1.0
42073.0	1.0
42105.0	1.0
42134.0	1.0
42170.0	1.0
42246.0	1.0
42306.0	1.0
42313.0	2.0
42349.0	1.0
42366.0	1.0
42378.0	1.0
42482.0	1.0
42502.0	2.0
42528.0	1.0
42536.0	1.0
42619.0	1.0
42631.0	1.0
42684.0	1.0
42699.0	1.0
42767.0	1.0
42769.0	1.0
42789.0	1.0
42854.0	1.0
42857.0	1.0
42940.0	1.0
42953.0	1.0
42969.0	1.0
43004.0	1.0
43039.0	1.0
43041.0	1.0
43052.0	1.0
43071.0	1.0
43075.0	1.0
43087.0	1.0
43121.0	1.0
43130.0	1.0
43178.0	1.0
43220.0	1.0
43257.0	1.0
43332.0	1.0
43376.0	1.0
43380.0	1.0
43388.0	1.0
43418.0	1.0
43421.0	1.0
43434.0	1.0
43437.0	1.0
43449.0	1.0
43452.0	1.0
43465.0	1.0
43483.0	1.0
43553.0	1.0
43556.0	1.0
43565.0	1.0
43636.0	1.0
43757.0	1.0
43769.0	1.0
43804.0	1.0
43825.0	1.0
43828.0	1.0
43842.0	1.0
43848.0	1.0
43866.0	2.0
43894.0	1.0
43943.0	1.0
43944.0	2.0
43994.0	1.0
44034.0	2.0
44075.0	1.0
44149.0	1.0
44180.0	1.0
44182.0	1.0
44184.0	1.0
44200.0	1.0
44238.0	1.0
44277.0	1.0
44278.0	1.0
44290.0	1.0
44294.0	1.0
44322.0	1.0
44329.0	1.0
44357.0	1.0
44359.0	1.0
44362.0	1.0
44373.0	1.0
44375.0	1.0
44379.0	1.0
44456.0	1.0
44462.0	1.0
44510.0	1.0
44517.0	1.0
44530.0	1.0
44539.0	1.0
44562.0	1.0
44567.0	1.0
44589.0	1.0
44604.0	1.0
44622.0	1.0
44674.0	1.0
44701.0	1.0
44714.0	1.0
44759.0	1.0
44791.0	1.0
44816.0	1.0
44859.0	1.0
44912.0	1.0
44945.0	1.0
44954.0	1.0
44981.0	1.0
44989.0	1.0
45076.0	1.0
45077.0	1.0
45079.0	1.0
45134.0	1.0
45155.0	1.0
45173.0	1.0
45250.0	1.0
45268.0	1.0
45270.0	1.0
45296.0	1.0
45324.0	1.0
45326.0	1.0
45400.0	1.0
45495.0	1.0
45582.0	1.0
45602.0	1.0
45619.0	1.0
45633.0	1.0
45667.0	1.0
45726.0	1.0
45789.0	1.0
45825.0	1.0
45828.0	1.0
45921.0	1.0
45943.0	1.0
45952.0	1.0
45971.0	2.0
45988.0	1.0
45994.0	1.0
46043.0	1.0
46046.0	1.0
46095.0	1.0
46131.0	1.0
46154.0	1.0
46183.0	1.0
46193.0	1.0
46278.0	1.0
46297.0	1.0
46327.0	1.0
46345.0	1.0
46351.0	1.0
46457.0	1.0
46494.0	1.0
46497.0	1.0
46597.0	1.0
46624.0	1.0
46648.0	1.0
46684.0	1.0
46688.0	1.0
46745.0	1.0
46781.0	1.0
46786.0	1.0
46795.0	1.0
46959.0	1.0
46983.0	1.0
46997.0	1.0
47011.0	1.0
47024.0	1.0
47047.0	1.0
47072.0	1.0
47112.0	1.0
47116.0	1.0
47170.0	1.0
47182.0	1.0
47227.0	1.0
47232.0	1.0
47253.0	1.0
47277.0	1.0
47291.0	1.0
47399.0	1.0
47487.0	1.0
47534.0	1.0
47583.0	1.0
47625.0	1.0
47690.0	1.0
47694.0	1.0
47735.0	1.0
47740.0	1.0
47790.0	1.0
47812.0	1.0
47821.0	1.0
47881.0	1.0
47943.0	1.0
48045.0	2.0
48102.0	1.0
48149.0	1.0
48179.0	1.0
48299.0	1.0
48337.0	1.0
48352.0	1.0
48369.0	1.0
48462.0	1.0
48541.0	1.0
48584.0	1.0
48587.0	1.0
48621.0	1.0
48640.0	1.0
48648.0	1.0
48650.0	1.0
48651.0	1.0
48672.0	1.0
48679.0	1.0
48711.0	1.0
48798.0	1.0
48835.0	1.0
48848.0	1.0
48870.0	1.0
48888.0	1.0
48928.0	1.0
48936.0	1.0
48966.0	1.0
48988.0	1.0
49013.0	1.0
49015.0	1.0
49058.0	1.0
49081.0	1.0
49089.0	1.0
49093.0	1.0
49101.0	1.0
49110.0	1.0
49126.0	1.0
49160.0	1.0
49216.0	1.0
49226.0	1.0
49253.0	1.0
49267.0	1.0
49332.0	1.0
49449.0	1.0
49465.0	1.0
49466.0	1.0
49487.0	1.0
49503.0	1.0
49529.0	2.0
49564.0	1.0
49575.0	1.0
49581.0	1.0
49591.0	1.0
49611.0	1.0
49630.0	1.0
49697.0	1.0
49705.0	1.0
49775.0	1.0
49800.0	1.0
49890.0	1.0
49916.0	1.0
49997.0	1.0
50052.0	1.0
50082.0	1.0
50094.0	1.0
50109.0	1.0
50115.0	1.0
50178.0	1.0
50204.0	1.0
50251.0	1.0
50267.0	1.0
50277.0	1.0
50288.0	1.0
50303.0	1.0
50306.0	1.0
50340.0	1.0
50366.0	1.0
50381.0	1.0
50393.0	1.0
50407.0	1.0
50449.0	1.0
50460.0	1.0
50490.0	1.0
50496.0	1.0
50509.0	1.0
50544.0	1.0
50584.0	1.0
50618.0	1.0
50642.0	1.0
50645.0	1.0
50689.0	1.0
50781.0	1.0
50782.0	1.0
50783.0	1.0
50785.0	1.0
50800.0	1.0
50830.0	1.0
50836.0	2.0
50902.0	1.0
51021.0	1.0
51090.0	1.0
51105.0	1.0
51130.0	1.0
51152.0	1.0
51164.0	1.0
51180.0	1.0
51181.0	1.0
51259.0	1.0
51282.0	1.0
51288.0	1.0
51324.0	1.0
51336.0	1.0
51361.0	1.0
51373.0	1.0
51403.0	1.0
51413.0	1.0
51419.0	1.0
51468.0	1.0
51539.0	1.0
51552.0	1.0
51588.0	1.0
51604.0	1.0
51618.0	1.0
51620.0	1.0
51657.0	1.0
51719.0	1.0
51788.0	1.0
51932.0	1.0
51939.0	1.0
51963.0	1.0
51975.0	1.0
52008.0	1.0
52032.0	1.0
52036.0	1.0
52043.0	1.0
52076.0	1.0
52100.0	1.0
52134.0	1.0
52151.0	1.0
52199.0	1.0
52317.0	1.0
52332.0	1.0
52349.0	1.0
52370.0	1.0
52396.0	1.0
52418.0	1.0
52468.0	1.0
52499.0	1.0
52512.0	1.0
52546.0	1.0
52605.0	1.0
52629.0	1.0
52634.0	1.0
52653.0	1.0
52670.0	1.0
52695.0	1.0
52725.0	1.0
52754.0	1.0
52768.0	2.0
52808.0	1.0
52843.0	1.0
52845.0	1.0
52847.0	1.0
52879.0	1.0
52894.0	1.0
52928.0	1.0
52947.0	1.0
52954.0	1.0
53018.0	1.0
53043.0	1.0
53050.0	1.0
53067.0	1.0
53077.0	1.0
53092.0	1.0
53094.0	1.0
53125.0	1.0
53152.0	1.0
53237.0	1.0
53253.0	2.0
53266.0	1.0
53270.0	1.0
53282.0	1.0
53290.0	1.0
53308.0	1.0
53344.0	1.0
53431.0	1.0
53470.0	1.0
53522.0	1.0
53555.0	1.0
53570.0	1.0
53644.0	1.0
53680.0	1.0
53692.0	1.0
53753.0	1.0
53771.0	1.0
53828.0	1.0
53842.0	1.0
53854.0	1.0
53856.0	1.0
53871.0	1.0
53878.0	1.0
53947.0	1.0
53980.0	1.0
54024.0	1.0
54036.0	1.0
54041.0	1.0
54102.0	1.0
54105.0	1.0
54111.0	1.0
54143.0	1.0
54147.0	1.0
54191.0	1.0
54206.0	1.0
54209.0	1.0
54325.0	1.0
54390.0	1.0
54392.0	1.0
54448.0	1.0
54452.0	1.0
54476.0	1.0
54482.0	1.0
54509.0	1.0
54515.0	1.0
54552.0	1.0
54575.0	1.0
54619.0	1.0
54625.0	1.0
54677.0	1.0
54681.0	1.0
54715.0	1.0
54722.0	1.0
54753.0	1.0
54781.0	1.0
54787.0	1.0
54862.0	1.0
54880.0	1.0
54884.0	1.0
54946.0	1.0
54966.0	1.0
54978.0	1.0
55007.0	1.0
55008.0	1.0
55012.0	1.0
55053.0	1.0
55082.0	1.0
55148.0	1.0
55170.0	1.0
55229.0	1.0
55238.0	1.0
55283.0	1.0
55305.0	1.0
55322.0	1.0
55632.0	1.0
55672.0	1.0
55747.0	1.0
55762.0	1.0
55836.0	1.0
55841.0	1.0
55889.0	1.0
55899.0	1.0
55977.0	1.0
55987.0	1.0
56010.0	1.0
56062.0	1.0
56081.0	1.0
56100.0	1.0
56116.0	1.0
56119.0	1.0
56133.0	2.0
56179.0	1.0
56195.0	1.0
56219.0	1.0
56229.0	2.0
56237.0	1.0
56256.0	1.0
56284.0	1.0
56291.0	1.0
56292.0	1.0
56294.0	2.0
56348.0	1.0
56362.0	1.0
56366.0	1.0
56428.0	1.0
56475.0	1.0
56480.0	1.0
56483.0	1.0
56503.0	1.0
56513.0	1.0
56533.0	1.0
56557.0	1.0
56564.0	1.0
56620.0	1.0
56626.0	1.0
56688.0	1.0
56733.0	1.0
56753.0	1.0
56791.0	1.0
56823.0	1.0
56836.0	1.0
56856.0	1.0
56872.0	1.0
56909.0	1.0
56919.0	1.0
56981.0	1.0
56995.0	1.0
57057.0	1.0
57074.0	1.0
57117.0	1.0
57142.0	1.0
57144.0	1.0
57190.0	1.0
57200.0	1.0
57222.0	1.0
57233.0	1.0
57279.0	1.0
57293.0	1.0
57307.0	1.0
57318.0	1.0
57325.0	1.0
57349.0	1.0
57366.0	1.0
57390.0	1.0
57408.0	1.0
57463.0	1.0
57466.0	1.0
57486.0	1.0
57487.0	1.0
57509.0	1.0
57510.0	1.0
57523.0	1.0
57535.0	1.0
57569.0	1.0
57601.0	1.0
57632.0	1.0
57655.0	1.0
57669.0	1.0
57671.0	1.0
57672.0	1.0
57675.0	1.0
57680.0	2.0
57682.0	1.0
57699.0	1.0
57765.0	1.0
57776.0	1.0
57777.0	1.0
57782.0	1.0
57805.0	1.0
57818.0	1.0
57831.0	1.0
57838.0	2.0
57840.0	1.0
57850.0	1.0
57852.0	1.0
57853.0	1.0
57854.0	1.0
57873.0	1.0
57905.0	1.0
57909.0	1.0
57919.0	1.0
57943.0	1.0
57958.0	1.0
57960.0	1.0
58020.0	1.0
58042.0	1.0
58043.0	1.0
58056.0	1.0
58064.0	1.0
58065.0	1.0
58069.0	1.0
58111.0	1.0
58131.0	1.0
58134.0	1.0
58135.0	1.0
58136.0	1.0
58147.0	1.0
58193.0	1.0
58203.0	1.0
58227.0	1.0
58233.0	1.0
58279.0	1.0
58285.0	1.0
58298.0	1.0
58299.0	1.0
58316.0	1.0
58318.0	1.0
58334.0	1.0
58342.0	1.0
58348.0	1.0
58379.0	1.0
58381.0	1.0
58386.0	1.0
58403.0	1.0
58421.0	1.0
58428.0	1.0
58449.0	1.0
58460.0	1.0
58484.0	1.0
58506.0	1.0
58515.0	1.0
58523.0	1.0
58546.0	1.0
58563.0	1.0
58591.0	1.0
58597.0	1.0
58601.0	1.0
58602.0	1.0
58614.0	1.0
58625.0	1.0
58626.0	1.0
58640.0	1.0
58656.0	1.0
58663.0	1.0
58713.0	1.0
58728.0	1.0
58758.0	1.0
58782.0	1.0
58830.0	1.0
58843.0	1.0
58882.0	1.0
58892.0	1.0
58942.0	1.0
58967.0	1.0
58968.0	1.0
58976.0	2.0
59008.0	1.0
59018.0	1.0
59044.0	1.0
59060.0	1.0
59062.0	2.0
59078.0	1.0
59088.0	1.0
59140.0	1.0
59163.0	1.0
59175.0	1.0
59179.0	1.0
59189.0	1.0
59191.0	1.0
59196.0	1.0
59199.0	1.0
59205.0	1.0
59207.0	1.0
59218.0	1.0
59236.0	1.0
59258.0	1.0
59268.0	1.0
59269.0	1.0
59273.0	1.0
59300.0	1.0
59303.0	1.0
59309.0	1.0
59381.0	1.0
59421.0	1.0
59447.0	1.0
59462.0	1.0
59477.0	1.0
59484.0	1.0
59493.0	1.0
59494.0	1.0
59521.0	1.0
59551.0	1.0
59554.0	1.0
59567.0	1.0
59579.0	1.0
59641.0	1.0
59657.0	1.0
59658.0	1.0
59667.0	1.0
59674.0	1.0
59698.0	1.0
59699.0	1.0
59720.0	2.0
59756.0	1.0
59758.0	1.0
59766.0	1.0
59770.0	2.0
59805.0	2.0
59839.0	1.0
59843.0	1.0
59853.0	1.0
59856.0	1.0
59894.0	1.0
59900.0	1.0
59905.0	1.0
59910.0	1.0
59917.0	1.0
59921.0	1.0
59933.0	1.0
59951.0	1.0
59954.0	1.0
60013.0	1.0
60033.0	1.0
60044.0	1.0
60057.0	1.0
60058.0	1.0
60083.0	1.0
60108.0	1.0
60116.0	1.0
60125.0	1.0
60157.0	1.0
60159.0	1.0
60173.0	1.0
60186.0	1.0
60202.0	1.0
60212.0	2.0
60219.0	1.0
60222.0	1.0
60248.0	1.0
60268.0	1.0
60302.0	1.0
60362.0	1.0
60404.0	1.0
60440.0	1.0
60445.0	1.0
60478.0	1.0
60493.0	1.0
60512.0	1.0
60515.0	1.0
60534.0	1.0
60555.0	1.0
60565.0	1.0
60604.0	1.0
60613.0	1.0
60662.0	1.0
60674.0	1.0
60684.0	1.0
60686.0	1.0
60690.0	1.0
60715.0	1.0
60720.0	1.0
60734.0	1.0
60735.0	1.0
60744.0	1.0
60753.0	2.0
60756.0	1.0
60796.0	1.0
60809.0	1.0
60827.0	1.0
60831.0	1.0
60845.0	1.0
60859.0	1.0
60878.0	1.0
60879.0	1.0
60884.0	1.0
60898.0	1.0
60900.0	1.0
60929.0	1.0
61008.0	1.0
61019.0	2.0
61043.0	1.0
61060.0	1.0
61064.0	1.0
61105.0	1.0
61121.0	1.0
61123.0	1.0
61211.0	1.0
61222.0	1.0
61238.0	1.0
61241.0	1.0
61253.0	1.0
61254.0	1.0
61255.0	1.0
61355.0	1.0
61378.0	1.0
61425.0	1.0
61438.0	1.0
61446.0	1.0
61450.0	1.0
61485.0	1.0
61495.0	1.0
61532.0	1.0
61573.0	1.0
61586.0	1.0
61667.0	1.0
61829.0	1.0
61847.0	1.0
61860.0	1.0
61880.0	1.0
61888.0	1.0
61930.0	1.0
61954.0	1.0
61956.0	1.0
61968.0	1.0
61970.0	1.0
62000.0	1.0
62015.0	1.0
62042.0	2.0
62050.0	1.0
62059.0	1.0
62085.0	1.0
62102.0	1.0
62165.0	1.0
62166.0	1.0
62174.0	1.0
62177.0	1.0
62184.0	1.0
62213.0	1.0
62228.0	1.0
62231.0	1.0
62246.0	1.0
62272.0	1.0
62296.0	2.0
62313.0	1.0
62352.0	1.0
62362.0	1.0
62363.0	1.0
62370.0	1.0
62378.0	1.0
62421.0	1.0
62436.0	1.0
62452.0	1.0
62460.0	1.0
62462.0	1.0
62475.0	1.0
62524.0	1.0
62566.0	1.0
62574.0	1.0
62587.0	1.0
62600.0	1.0
62606.0	2.0
62614.0	1.0
62637.0	1.0
62649.0	1.0
62666.0	1.0
62674.0	1.0
62681.0	1.0
62690.0	1.0
62709.0	2.0
62738.0	1.0
62767.0	1.0
62768.0	1.0
62785.0	1.0
62789.0	1.0
62793.0	1.0
62812.0	1.0
62823.0	1.0
62850.0	1.0
62876.0	1.0
62881.0	1.0
62922.0	1.0
62950.0	1.0
62956.0	1.0
63010.0	1.0
63016.0	1.0
63040.0	1.0
63042.0	1.0
63064.0	1.0
63080.0	1.0
63092.0	1.0
63118.0	1.0
63119.0	1.0
63128.0	1.0
63205.0	1.0
63215.0	1.0
63224.0	1.0
63253.0	1.0
63256.0	1.0
63284.0	1.0
63295.0	1.0
63301.0	1.0
63356.0	1.0
63370.0	1.0
63379.0	1.0
63386.0	1.0
63423.0	1.0
63452.0	1.0
63473.0	1.0
63477.0	1.0
63555.0	1.0
63557.0	1.0
63562.0	1.0
63578.0	1.0
63591.0	1.0
63600.0	1.0
63609.0	1.0
63610.0	1.0
63623.0	1.0
63633.0	1.0
63671.0	1.0
63709.0	1.0
63716.0	1.0
63761.0	1.0
63766.0	1.0
63803.0	1.0
63810.0	1.0
63813.0	1.0
63821.0	1.0
63822.0	1.0
63871.0	1.0
63884.0	1.0
63904.0	1.0
63905.0	1.0
63933.0	1.0
63956.0	1.0
63998.0	1.0
64010.0	1.0
64015.0	1.0
64021.0	1.0
64039.0	1.0
64060.0	1.0
64067.0	1.0
64078.0	1.0
64126.0	1.0
64135.0	2.0
64136.0	1.0
64139.0	1.0
64141.0	1.0
64171.0	1.0
64191.0	1.0
64208.0	1.0
64257.0	1.0
64260.0	1.0
64291.0	1.0
64301.0	1.0
64333.0	1.0
64345.0	1.0
64346.0	1.0
64352.0	1.0
64353.0	1.0
64356.0	1.0
64367.0	1.0
64383.0	1.0
64390.0	1.0
64420.0	1.0
64429.0	1.0
64437.0	1.0
64444.0	1.0
64459.0	1.0
64484.0	1.0
64511.0	1.0
64540.0	1.0
64543.0	1.0
64553.0	1.0
64572.0	1.0
64577.0	2.0
64601.0	1.0
64613.0	1.0
64617.0	1.0
64642.0	1.0
64656.0	1.0
64692.0	1.0
64703.0	1.0
64707.0	2.0
64754.0	1.0
64788.0	1.0
64793.0	1.0
64856.0	1.0
64862.0	1.0
64864.0	1.0
64891.0	1.0
64902.0	1.0
64954.0	1.0
64963.0	1.0
65007.0	1.0
65024.0	1.0
65060.0	1.0
65085.0	1.0
65104.0	1.0
65106.0	1.0
65135.0	1.0
65214.0	1.0
65236.0	1.0
65255.0	1.0
65265.0	1.0
65288.0	1.0
65289.0	1.0
65302.0	1.0
65320.0	1.0
65336.0	2.0
65347.0	1.0
65369.0	1.0
65374.0	1.0
65390.0	1.0
65395.0	1.0
65434.0	1.0
65436.0	1.0
65453.0	1.0
65462.0	1.0
65489.0	1.0
65492.0	1.0
65494.0	1.0
65514.0	1.0
65517.0	1.0
65519.0	1.0
65526.0	1.0
65538.0	1.0
65547.0	1.0
65565.0	1.0
65575.0	1.0
65582.0	1.0
65591.0	1.0
65598.0	1.0
65599.0	1.0
65602.0	1.0
65658.0	1.0
65664.0	1.0
65668.0	1.0
65697.0	1.0
65721.0	1.0
65730.0	1.0
65739.0	1.0
65753.0	1.0
65766.0	2.0
65775.0	1.0
65780.0	1.0
65783.0	1.0
65803.0	1.0
65804.0	1.0
65854.0	1.0
65859.0	1.0
65867.0	1.0
65874.0	1.0
65875.0	1.0
65880.0	1.0
65886.0	1.0
65892.0	1.0
65905.0	1.0
65952.0	1.0
65958.0	1.0
65999.0	1.0
66007.0	1.0
66008.0	1.0
66033.0	1.0
66054.0	1.0
66125.0	1.0
66134.0	1.0
66145.0	1.0
66180.0	1.0
66181.0	1.0
66186.0	1.0
66190.0	1.0
66207.0	1.0
66210.0	1.0
66222.0	1.0
66273.0	1.0
66304.0	1.0
66312.0	1.0
66337.0	1.0
66343.0	1.0
66349.0	1.0
66366.0	2.0
66413.0	2.0
66439.0	1.0
66445.0	1.0
66446.0	1.0
66447.0	1.0
66483.0	1.0
66487.0	1.0
66509.0	1.0
66521.0	1.0
66529.0	1.0
66567.0	1.0
66581.0	1.0
66591.0	1.0
66628.0	1.0
66683.0	1.0
66698.0	1.0
66720.0	1.0
66729.0	1.0
66757.0	1.0
66827.0	1.0
66898.0	1.0
66992.0	1.0
67006.0	1.0
67045.0	1.0
67073.0	1.0
67085.0	2.0
67095.0	1.0
67100.0	1.0
67110.0	1.0
67113.0	1.0
67127.0	1.0
67151.0	1.0
67155.0	1.0
67156.0	1.0
67163.0	1.0
67178.0	1.0
67192.0	1.0
67250.0	1.0
67272.0	1.0
67324.0	1.0
67403.0	1.0
67416.0	1.0
67449.0	1.0
67478.0	1.0
67481.0	1.0
67492.0	1.0
67494.0	1.0
67523.0	1.0
67547.0	1.0
67560.0	1.0
67568.0	1.0
67612.0	1.0
67619.0	1.0
67622.0	1.0
67656.0	1.0
67662.0	1.0
67673.0	1.0
67691.0	1.0
67722.0	1.0
67746.0	1.0
67793.0	1.0
67811.0	1.0
67832.0	1.0
67892.0	1.0
67901.0	1.0
67904.0	1.0
67915.0	1.0
67916.0	1.0
67936.0	1.0
67956.0	1.0
67974.0	1.0
67977.0	2.0
67997.0	1.0
68004.0	1.0
68066.0	1.0
68073.0	1.0
68088.0	1.0
68113.0	1.0
68245.0	1.0
68278.0	1.0
68287.0	1.0
68305.0	1.0
68309.0	1.0
68310.0	1.0
68312.0	1.0
68316.0	1.0
68380.0	1.0
68393.0	1.0
68435.0	1.0
68436.0	1.0
68468.0	1.0
68488.0	1.0
68519.0	1.0
68554.0	1.0
68581.0	1.0
68592.0	1.0
68606.0	1.0
68614.0	1.0
68618.0	1.0
68630.0	1.0
68648.0	1.0
68668.0	1.0
68702.0	1.0
68727.0	1.0
68772.0	1.0
68787.0	1.0
68839.0	1.0
68864.0	1.0
68870.0	1.0
68895.0	1.0
68912.0	1.0
68922.0	1.0
68969.0	1.0
68974.0	1.0
69043.0	1.0
69067.0	1.0
69086.0	1.0
69096.0	1.0
69099.0	1.0
69110.0	1.0
69125.0	1.0
69135.0	1.0
69136.0	1.0
69155.0	1.0
69159.0	1.0
69219.0	1.0
69234.0	1.0
69290.0	1.0
69317.0	2.0
69331.0	1.0
69349.0	1.0
69385.0	1.0
69392.0	1.0
69423.0	1.0
69424.0	1.0
69428.0	1.0
69442.0	1.0
69443.0	1.0
69450.0	1.0
69485.0	1.0
69490.0	1.0
69517.0	1.0
69519.0	1.0
69557.0	1.0
69580.0	1.0
69582.0	1.0
69585.0	1.0
69604.0	1.0
69608.0	1.0
69631.0	1.0
69680.0	1.0
69684.0	1.0
69692.0	1.0
69703.0	1.0
69719.0	1.0
69720.0	1.0
69735.0	1.0
69737.0	2.0
69738.0	1.0
69786.0	1.0
69803.0	1.0
69820.0	1.0
69830.0	1.0
69886.0	1.0
69893.0	1.0
69904.0	1.0
69907.0	1.0
69909.0	1.0
69910.0	1.0
69917.0	1.0
69960.0	1.0
69979.0	1.0
69984.0	1.0
69990.0	1.0
70033.0	1.0
70051.0	1.0
70064.0	1.0
70069.0	1.0
70072.0	1.0
70084.0	1.0
70105.0	1.0
70107.0	1.0
70166.0	1.0
70171.0	1.0
70172.0	1.0
70178.0	1.0
70180.0	1.0
70187.0	1.0
70211.0	1.0
70249.0	1.0
70288.0	1.0
70298.0	1.0
70304.0	1.0
70305.0	1.0
70316.0	1.0
70318.0	1.0
70319.0	1.0
70395.0	1.0
70415.0	1.0
70428.0	1.0
70449.0	1.0
70482.0	1.0
70493.0	1.0
70520.0	1.0
70523.0	1.0
70558.0	1.0
70567.0	1.0
70587.0	1.0
70613.0	1.0
70625.0	1.0
70637.0	1.0
70640.0	1.0
70651.0	1.0
70670.0	1.0
70679.0	1.0
70681.0	1.0
70744.0	1.0
70777.0	1.0
70800.0	1.0
70812.0	1.0
70814.0	1.0
70817.0	1.0
70819.0	1.0
70851.0	1.0
70856.0	1.0
70869.0	1.0
70875.0	1.0
70916.0	1.0
70954.0	1.0
70975.0	1.0
70986.0	1.0
70997.0	1.0
71004.0	1.0
71021.0	1.0
71041.0	1.0
71087.0	1.0
71120.0	1.0
71132.0	1.0
71146.0	1.0
71167.0	1.0
71168.0	1.0
71183.0	1.0
71196.0	1.0
71223.0	1.0
71248.0	1.0
71268.0	1.0
71331.0	1.0
71380.0	1.0
71382.0	1.0
71387.0	1.0
71396.0	1.0
71403.0	1.0
71411.0	1.0
71421.0	1.0
71470.0	1.0
71561.0	1.0
71563.0	1.0
71580.0	1.0
71614.0	1.0
71666.0	1.0
71697.0	1.0
71708.0	1.0
71745.0	1.0
71779.0	1.0
71784.0	1.0
71786.0	1.0
71839.0	1.0
71854.0	1.0
71863.0	1.0
71869.0	1.0
71881.0	1.0
71892.0	1.0
71900.0	1.0
71968.0	1.0
71993.0	1.0
72004.0	1.0
72015.0	1.0
72025.0	1.0
72052.0	1.0
72060.0	1.0
72072.0	1.0
72075.0	1.0
72080.0	1.0
72101.0	1.0
72103.0	1.0
72114.0	1.0
72124.0	1.0
72156.0	1.0
72171.0	1.0
72201.0	1.0
72205.0	1.0
72238.0	1.0
72261.0	1.0
72287.0	1.0
72289.0	1.0
72305.0	1.0
72318.0	1.0
72330.0	1.0
72343.0	1.0
72364.0	1.0
72365.0	1.0
72367.0	1.0
72370.0	1.0
72400.0	1.0
72413.0	1.0
72421.0	1.0
72452.0	1.0
72463.0	1.0
72465.0	1.0
72467.0	1.0
72469.0	1.0
72481.0	1.0
72495.0	1.0
72496.0	1.0
72532.0	1.0
72541.0	1.0
72563.0	1.0
72570.0	1.0
72589.0	1.0
72605.0	1.0
72613.0	1.0
72623.0	1.0
72626.0	1.0
72660.0	1.0
72701.0	1.0
72707.0	1.0
72714.0	1.0
72722.0	1.0
72730.0	1.0
72742.0	1.0
72747.0	1.0
72759.0	1.0
72781.0	1.0
72788.0	1.0
72830.0	1.0
72835.0	1.0
72837.0	1.0
72868.0	1.0
72869.0	1.0
72884.0	1.0
72911.0	1.0
72922.0	1.0
72947.0	1.0
72951.0	1.0
72956.0	1.0
72960.0	1.0
72978.0	1.0
72997.0	1.0
73006.0	1.0
73012.0	1.0
73034.0	1.0
73037.0	1.0
73038.0	1.0
73045.0	1.0
73046.0	1.0
73053.0	1.0
73081.0	1.0
73113.0	1.0
73125.0	1.0
73134.0	1.0
73181.0	1.0
73208.0	1.0
73217.0	1.0
73231.0	1.0
73288.0	1.0
73291.0	2.0
73322.0	1.0
73325.0	2.0
73346.0	1.0
73352.0	1.0
73354.0	1.0
73372.0	1.0
73423.0	1.0
73460.0	1.0
73484.0	1.0
73489.0	1.0
73545.0	1.0
73551.0	1.0
73609.0	1.0
73618.0	1.0
73641.0	1.0
73660.0	1.0
73684.0	1.0
73697.0	1.0
73703.0	1.0
73718.0	1.0
73743.0	1.0
73752.0	1.0
73761.0	1.0
73799.0	1.0
73805.0	1.0
73814.0	1.0
73820.0	1.0
73828.0	1.0
73832.0	1.0
73847.0	1.0
73861.0	1.0
73878.0	1.0
73890.0	1.0
73900.0	1.0
73902.0	1.0
73919.0	1.0
73920.0	1.0
73951.0	1.0
73975.0	1.0
73999.0	1.0
74007.0	1.0
74071.0	1.0
74096.0	2.0
74107.0	1.0
74119.0	1.0
74132.0	1.0
74136.0	1.0
74154.0	1.0
74166.0	1.0
74185.0	1.0
74204.0	1.0
74223.0	1.0
74244.0	1.0
74257.0	1.0
74264.0	1.0
74324.0	1.0
74350.0	1.0
74417.0	1.0
74428.0	1.0
74452.0	1.0
74493.0	1.0
74494.0	1.0
74539.0	1.0
74547.0	1.0
74570.0	1.0
74575.0	1.0
74592.0	1.0
74613.0	1.0
74668.0	1.0
74675.0	1.0
74710.0	1.0
74714.0	1.0
74737.0	1.0
74755.0	1.0
74831.0	1.0
74839.0	1.0
74860.0	1.0
74863.0	1.0
74888.0	1.0
74909.0	1.0
74935.0	1.0
74942.0	1.0
74966.0	1.0
74998.0	1.0
75060.0	1.0
75063.0	1.0
75069.0	2.0
75071.0	1.0
75075.0	1.0
75076.0	1.0
75093.0	1.0
75105.0	1.0
75124.0	1.0
75149.0	1.0
75177.0	1.0
75243.0	1.0
75274.0	1.0
75355.0	1.0
75363.0	1.0
75365.0	2.0
75367.0	1.0
75374.0	1.0
75382.0	1.0
75396.0	1.0
75405.0	1.0
75412.0	1.0
75424.0	1.0
75444.0	1.0
75446.0	1.0
75460.0	1.0
75498.0	1.0
75535.0	1.0
75537.0	1.0
75552.0	1.0
75595.0	1.0
75603.0	1.0
75605.0	1.0
75662.0	1.0
75666.0	1.0
75710.0	1.0
75749.0	1.0
75763.0	1.0
75793.0	1.0
75796.0	1.0
75799.0	1.0
75803.0	1.0
75831.0	1.0
75879.0	1.0
75891.0	1.0
75906.0	1.0
76019.0	1.0
76039.0	1.0
76083.0	1.0
76084.0	1.0
76089.0	1.0
76104.0	1.0
76112.0	1.0
76134.0	1.0
76194.0	1.0
76238.0	1.0
76268.0	1.0
76289.0	1.0
76303.0	1.0
76311.0	1.0
76312.0	1.0
76315.0	1.0
76386.0	1.0
76396.0	1.0
76402.0	1.0
76435.0	1.0
76441.0	1.0
76488.0	1.0
76525.0	1.0
76531.0	1.0
76535.0	1.0
76595.0	1.0
76607.0	1.0
76702.0	1.0
76715.0	1.0
76716.0	1.0
76719.0	1.0
76745.0	2.0
76754.0	1.0
76762.0	1.0
76766.0	1.0
76812.0	1.0
76826.0	1.0
76864.0	1.0
76869.0	1.0
76922.0	1.0
76938.0	1.0
76962.0	1.0
76973.0	1.0
76979.0	1.0
77037.0	1.0
77040.0	1.0
77121.0	1.0
77132.0	1.0
77136.0	1.0
77139.0	1.0
77159.0	1.0
77169.0	1.0
77182.0	1.0
77210.0	2.0
77211.0	1.0
77228.0	1.0
77238.0	1.0
77248.0	1.0
77264.0	1.0
77275.0	1.0
77287.0	1.0
77391.0	1.0
77396.0	1.0
77404.0	1.0
77424.0	1.0
77463.0	1.0
77468.0	1.0
77472.0	1.0
77489.0	1.0
77490.0	1.0
77502.0	1.0
77507.0	1.0
77598.0	1.0
77599.0	1.0
77602.0	1.0
77609.0	1.0
77616.0	1.0
77630.0	1.0
77636.0	1.0
77661.0	1.0
77663.0	1.0
77678.0	1.0
77713.0	1.0
77763.0	1.0
77784.0	1.0
77819.0	1.0
77843.0	1.0
77850.0	1.0
77861.0	1.0
77909.0	1.0
77931.0	1.0
77933.0	1.0
77958.0	1.0
77960.0	1.0
77973.0	1.0
77980.0	1.0
78070.0	1.0
78119.0	1.0
78156.0	1.0
78160.0	1.0
78184.0	1.0
78242.0	1.0
78256.0	1.0
78260.0	1.0
78262.0	1.0
78282.0	1.0
78329.0	1.0
78381.0	1.0
78436.0	1.0
78493.0	1.0
78505.0	1.0
78508.0	1.0
78579.0	1.0
78592.0	1.0
78613.0	1.0
78624.0	1.0
78631.0	1.0
78636.0	1.0
78637.0	1.0
78683.0	1.0
78728.0	1.0
78752.0	1.0
78789.0	1.0
78823.0	1.0
78830.0	1.0
78872.0	1.0
78889.0	1.0
78920.0	1.0
78941.0	1.0
78955.0	1.0
78981.0	1.0
79016.0	1.0
79038.0	1.0
79040.0	1.0
79067.0	1.0
79082.0	1.0
79154.0	1.0
79169.0	1.0
79174.0	1.0
79180.0	1.0
79181.0	1.0
79210.0	1.0
79227.0	1.0
79240.0	1.0
79278.0	1.0
79291.0	1.0
79307.0	1.0
79327.0	1.0
79361.0	1.0
79429.0	1.0
79473.0	1.0
79490.0	1.0
79561.0	1.0
79609.0	1.0
79616.0	1.0
79632.0	1.0
79652.0	1.0
79653.0	1.0
79697.0	1.0
79711.0	1.0
79733.0	1.0
79839.0	1.0
79869.0	1.0
79873.0	1.0
79963.0	1.0
80014.0	1.0
80030.0	1.0
80055.0	1.0
80058.0	1.0
80093.0	1.0
80110.0	1.0
80139.0	1.0
80151.0	1.0
80169.0	1.0
80182.0	1.0
80275.0	1.0
80279.0	1.0
80280.0	1.0
80284.0	2.0
80303.0	1.0
80316.0	1.0
80319.0	1.0
80339.0	1.0
80347.0	1.0
80354.0	1.0
80362.0	1.0
80427.0	1.0
80497.0	1.0
80522.0	1.0
80550.0	1.0
80613.0	1.0
80661.0	1.0
80684.0	1.0
80696.0	1.0
80751.0	1.0
80768.0	1.0
80774.0	1.0
80813.0	1.0
80904.0	1.0
80944.0	1.0
80948.0	1.0
80961.0	1.0
80967.0	1.0
81030.0	1.0
81055.0	1.0
81059.0	1.0
81068.0	1.0
81075.0	1.0
81101.0	1.0
81104.0	1.0
81148.0	1.0
81206.0	1.0
81225.0	1.0
81253.0	1.0
81257.0	1.0
81267.0	1.0
81312.0	1.0
81315.0	2.0
81351.0	2.0
81363.0	1.0
81369.0	1.0
81372.0	1.0
81402.0	1.0
81403.0	1.0
81405.0	1.0
81427.0	1.0
81469.0	1.0
81480.0	1.0
81576.0	1.0
81582.0	1.0
81583.0	1.0
81600.0	1.0
81617.0	1.0
81640.0	1.0
81653.0	1.0
81663.0	1.0
81675.0	1.0
81677.0	1.0
81703.0	1.0
81744.0	1.0
81764.0	1.0
81792.0	1.0
81805.0	1.0
81807.0	1.0
81818.0	1.0
81886.0	1.0
81900.0	1.0
81917.0	1.0
81978.0	1.0
82029.0	1.0
82031.0	1.0
82033.0	1.0
82038.0	1.0
82089.0	1.0
82142.0	1.0
82152.0	1.0
82208.0	1.0
82222.0	1.0
82308.0	1.0
82312.0	1.0
82331.0	1.0
82338.0	1.0
82389.0	1.0
82411.0	1.0
82449.0	1.0
82450.0	2.0
82466.0	1.0
82482.0	1.0
82502.0	1.0
82503.0	1.0
82525.0	1.0
82535.0	1.0
82538.0	1.0
82624.0	1.0
82686.0	1.0
82696.0	1.0
82700.0	1.0
82725.0	1.0
82748.0	1.0
82757.0	1.0
82758.0	1.0
82773.0	1.0
82802.0	1.0
82850.0	1.0
82855.0	1.0
82860.0	1.0
82866.0	1.0
82928.0	1.0
83009.0	1.0
83070.0	1.0
83083.0	1.0
83092.0	1.0
83093.0	1.0
83131.0	1.0
83135.0	1.0
83143.0	1.0
83145.0	1.0
83165.0	1.0
83236.0	1.0
83288.0	1.0
83312.0	1.0
83313.0	1.0
83334.0	1.0
83359.0	1.0
83392.0	1.0
83394.0	1.0
83410.0	1.0
83429.0	1.0
83453.0	1.0
83492.0	1.0
83495.0	1.0
83531.0	1.0
83539.0	1.0
83569.0	1.0
83580.0	1.0
83622.0	1.0
83644.0	1.0
83672.0	1.0
83682.0	1.0
83686.0	2.0
83697.0	1.0
83699.0	1.0
83705.0	1.0
83712.0	1.0
83720.0	1.0
83732.0	1.0
83747.0	1.0
83760.0	1.0
83768.0	1.0
83775.0	1.0
83805.0	1.0
83819.0	1.0
83835.0	1.0
83844.0	1.0
83851.0	1.0
83885.0	1.0
83890.0	1.0
83912.0	1.0
83927.0	1.0
83959.0	1.0
83964.0	1.0
83976.0	1.0
84012.0	1.0
84080.0	1.0
84116.0	1.0
84180.0	1.0
84267.0	1.0
84290.0	2.0
84323.0	1.0
84330.0	1.0
84348.0	1.0
84394.0	1.0
84405.0	1.0
84417.0	1.0
84421.0	1.0
84428.0	1.0
84440.0	1.0
84469.0	1.0
84491.0	1.0
84523.0	1.0
84542.0	1.0
84552.0	1.0
84562.0	1.0
84581.0	1.0
84600.0	1.0
84643.0	1.0
84647.0	1.0
84687.0	1.0
84703.0	1.0
84706.0	1.0
84719.0	1.0
84726.0	1.0
84741.0	1.0
84754.0	1.0
84770.0	1.0
84792.0	1.0
84833.0	1.0
84862.0	1.0
84886.0	1.0
84889.0	1.0
84895.0	1.0
84907.0	1.0
84909.0	1.0
84925.0	1.0
84942.0	1.0
84955.0	1.0
84992.0	1.0
85001.0	1.0
85027.0	1.0
85067.0	1.0
85070.0	1.0
85108.0	1.0
85120.0	1.0
85147.0	1.0
85167.0	1.0
85172.0	1.0
85192.0	1.0
85218.0	1.0
85223.0	1.0
85244.0	1.0
85342.0	1.0
85345.0	1.0
85401.0	1.0
85417.0	1.0
85443.0	1.0
85462.0	1.0
85472.0	1.0
85507.0	1.0
85515.0	1.0
85522.0	1.0
85529.0	1.0
85544.0	1.0
85565.0	1.0
85582.0	1.0
85609.0	2.0
85649.0	1.0
85658.0	1.0
85673.0	1.0
85679.0	1.0
85697.0	1.0
85702.0	1.0
85703.0	1.0
85710.0	1.0
85712.0	1.0
85715.0	1.0
85778.0	1.0
85853.0	1.0
85869.0	1.0
85870.0	1.0
85882.0	1.0
86023.0	1.0
86024.0	1.0
86033.0	1.0
86047.0	1.0
86065.0	1.0
86068.0	1.0
86077.0	1.0
86083.0	1.0
86086.0	1.0
86146.0	1.0
86173.0	1.0
86205.0	1.0
86267.0	1.0
86280.0	1.0
86305.0	1.0
86324.0	1.0
86346.0	1.0
86370.0	1.0
86388.0	1.0
86390.0	1.0
86413.0	1.0
86417.0	1.0
86463.0	1.0
86496.0	1.0
86533.0	1.0
86558.0	1.0
86573.0	1.0
86622.0	1.0
86647.0	1.0
86673.0	1.0
86687.0	1.0
86691.0	1.0
86698.0	1.0
86829.0	1.0
86913.0	1.0
86919.0	1.0
86928.0	1.0
86935.0	1.0
86980.0	1.0
87016.0	1.0
87031.0	1.0
87033.0	1.0
87038.0	1.0
87059.0	1.0
87111.0	1.0
87113.0	1.0
87116.0	1.0
87119.0	1.0
87126.0	1.0
87147.0	1.0
87156.0	1.0
87165.0	1.0
87194.0	2.0
87206.0	1.0
87222.0	1.0
87273.0	1.0
87300.0	1.0
87321.0	1.0
87344.0	1.0
87351.0	1.0
87360.0	1.0
87364.0	1.0
87372.0	1.0
87379.0	1.0
87420.0	1.0
87438.0	1.0
87456.0	1.0
87512.0	1.0
87547.0	1.0
87564.0	1.0
87585.0	1.0
87600.0	1.0
87604.0	1.0
87689.0	1.0
87691.0	1.0
87692.0	1.0
87725.0	1.0
87740.0	1.0
87749.0	1.0
87750.0	1.0
87771.0	1.0
87801.0	1.0
87809.0	1.0
87822.0	1.0
87841.0	1.0
87842.0	1.0
87861.0	1.0
87870.0	1.0
87880.0	1.0
87955.0	1.0
87964.0	1.0
88017.0	1.0
88019.0	1.0
88028.0	1.0
88056.0	1.0
88086.0	1.0
88099.0	1.0
88107.0	1.0
88112.0	1.0
88115.0	1.0
88125.0	1.0
88126.0	1.0
88171.0	1.0
88192.0	2.0
88201.0	1.0
88250.0	1.0
88303.0	1.0
88310.0	1.0
88316.0	1.0
88326.0	1.0
88340.0	1.0
88379.0	1.0
88396.0	1.0
88437.0	1.0
88478.0	1.0
88483.0	1.0
88512.0	1.0
88515.0	1.0
88522.0	1.0
88525.0	1.0
88537.0	1.0
88538.0	1.0
88546.0	1.0
88563.0	1.0
88570.0	1.0
88577.0	1.0
88579.0	1.0
88589.0	1.0
88602.0	1.0
88631.0	1.0
88642.0	1.0
88646.0	1.0
88664.0	1.0
88699.0	1.0
88715.0	1.0
88743.0	1.0
88754.0	1.0
88784.0	1.0
88788.0	1.0
88805.0	1.0
88827.0	1.0
88830.0	1.0
88848.0	1.0
88863.0	1.0
88873.0	1.0
88898.0	1.0
88903.0	1.0
88916.0	1.0
88958.0	1.0
88959.0	1.0
88974.0	1.0
89021.0	1.0
89029.0	1.0
89030.0	1.0
89052.0	1.0
89091.0	1.0
89121.0	1.0
89126.0	1.0
89166.0	1.0
89179.0	1.0
89192.0	1.0
89201.0	1.0
89225.0	1.0
89227.0	1.0
89243.0	1.0
89248.0	1.0
89253.0	1.0
89301.0	1.0
89335.0	1.0
89352.0	1.0
89354.0	1.0
89366.0	1.0
89374.0	1.0
89403.0	1.0
89431.0	1.0
89442.0	1.0
89453.0	1.0
89461.0	1.0
89501.0	1.0
89504.0	1.0
89516.0	1.0
89552.0	1.0
89596.0	1.0
89635.0	1.0
89637.0	1.0
89639.0	1.0
89695.0	1.0
89734.0	1.0
89760.0	1.0
89763.0	1.0
89768.0	1.0
89774.0	1.0
89776.0	1.0
89835.0	1.0
89842.0	1.0
89850.0	1.0
89863.0	1.0
89899.0	1.0
89900.0	1.0
89910.0	1.0
89949.0	1.0
89961.0	1.0
89964.0	1.0
89978.0	1.0
89990.0	1.0
90016.0	1.0
90048.0	1.0
90051.0	1.0
90064.0	1.0
90065.0	1.0
90128.0	1.0
90133.0	1.0
90193.0	1.0
90212.0	1.0
90218.0	1.0
90295.0	1.0
90332.0	1.0
90336.0	1.0
90337.0	1.0
90341.0	1.0
90358.0	1.0
90370.0	1.0
90377.0	1.0
90379.0	1.0
90392.0	1.0
90429.0	1.0
90432.0	1.0
90472.0	1.0
90518.0	1.0
90549.0	1.0
90551.0	1.0
90554.0	1.0
90601.0	1.0
90602.0	1.0
90686.0	1.0
90695.0	1.0
90703.0	1.0
90731.0	1.0
90742.0	1.0
90771.0	1.0
90823.0	1.0
90849.0	2.0
90886.0	1.0
90890.0	1.0
90893.0	1.0
90981.0	1.0
90984.0	2.0
90994.0	1.0
91066.0	1.0
91068.0	1.0
91069.0	1.0
91076.0	1.0
91083.0	1.0
91121.0	1.0
91128.0	1.0
91163.0	1.0
91185.0	1.0
91207.0	1.0
91241.0	1.0
91244.0	1.0
91283.0	1.0
91293.0	1.0
91313.0	1.0
91340.0	1.0
91378.0	1.0
91385.0	1.0
91393.0	1.0
91398.0	1.0
91414.0	1.0
91429.0	1.0
91436.0	1.0
91445.0	1.0
91464.0	1.0
91491.0	1.0
91499.0	1.0
91504.0	1.0
91512.0	1.0
91521.0	2.0
91527.0	1.0
91530.0	1.0
91578.0	1.0
91580.0	1.0
91587.0	1.0
91607.0	1.0
91618.0	1.0
91644.0	1.0
91717.0	1.0
91731.0	1.0
91745.0	1.0
91756.0	1.0
91777.0	1.0
91782.0	1.0
91795.0	1.0
91877.0	1.0
91896.0	1.0
91906.0	1.0
91935.0	1.0
91975.0	1.0
92040.0	1.0
92042.0	1.0
92051.0	1.0
92088.0	1.0
92132.0	1.0
92136.0	1.0
92150.0	1.0
92153.0	1.0
92158.0	1.0
92164.0	1.0
92179.0	1.0
92185.0	1.0
92202.0	1.0
92203.0	1.0
92209.0	1.0
92247.0	1.0
92268.0	1.0
92340.0	1.0
92358.0	2.0
92400.0	1.0
92447.0	1.0
92458.0	1.0
92470.0	1.0
92492.0	1.0
92498.0	1.0
92510.0	1.0
92529.0	1.0
92573.0	1.0
92635.0	1.0
92639.0	1.0
92681.0	1.0
92692.0	1.0
92713.0	1.0
92720.0	1.0
92730.0	1.0
92732.0	1.0
92754.0	1.0
92767.0	1.0
92786.0	1.0
92788.0	1.0
92799.0	1.0
92808.0	2.0
92848.0	1.0
92850.0	1.0
92861.0	1.0
92872.0	1.0
92885.0	1.0
92898.0	1.0
92911.0	1.0
92915.0	1.0
92928.0	1.0
92942.0	1.0
92972.0	1.0
92994.0	1.0
93046.0	1.0
93072.0	1.0
93096.0	1.0
93098.0	1.0
93152.0	1.0
93154.0	1.0
93157.0	1.0
93185.0	1.0
93212.0	1.0
93220.0	1.0
93222.0	1.0
93266.0	1.0
93278.0	1.0
93283.0	1.0
93300.0	1.0
93353.0	1.0
93355.0	1.0
93367.0	1.0
93416.0	1.0
93422.0	1.0
93454.0	1.0
93476.0	1.0
93546.0	1.0
93555.0	1.0
93643.0	1.0
93647.0	1.0
93650.0	1.0
93656.0	1.0
93668.0	1.0
93690.0	1.0
93732.0	1.0
93735.0	1.0
93738.0	1.0
93740.0	1.0
93756.0	1.0
93758.0	1.0
93761.0	1.0
93791.0	1.0
93839.0	1.0
93871.0	1.0
93873.0	1.0
93880.0	1.0
93908.0	1.0
93922.0	1.0
93928.0	1.0
93936.0	1.0
93939.0	1.0
93948.0	1.0
93951.0	1.0
93957.0	1.0
93959.0	1.0
93981.0	1.0
94002.0	1.0
94012.0	1.0
94016.0	1.0
94033.0	1.0
94042.0	1.0
94057.0	1.0
94088.0	1.0
94111.0	1.0
94121.0	1.0
94151.0	1.0
94170.0	1.0
94234.0	1.0
94272.0	1.0
94288.0	1.0
94295.0	1.0
94360.0	1.0
94401.0	1.0
94413.0	1.0
94428.0	1.0
94431.0	1.0
94436.0	1.0
94464.0	1.0
94474.0	1.0
94511.0	1.0
94532.0	1.0
94549.0	1.0
94589.0	1.0
94594.0	1.0
94596.0	1.0
94609.0	1.0
94622.0	1.0
94654.0	1.0
94660.0	1.0
94695.0	2.0
94712.0	1.0
94719.0	1.0
94731.0	1.0
94745.0	1.0
94750.0	1.0
94760.0	1.0
94762.0	1.0
94783.0	1.0
94790.0	1.0
94792.0	1.0
94851.0	1.0
94887.0	1.0
94910.0	1.0
94917.0	1.0
94918.0	1.0
94944.0	1.0
94962.0	1.0
94977.0	1.0
95018.0	1.0
95026.0	1.0
95040.0	2.0
95044.0	1.0
95048.0	1.0
95062.0	1.0
95132.0	1.0
95137.0	1.0
95142.0	1.0
95147.0	1.0
95154.0	1.0
95166.0	1.0
95186.0	1.0
95207.0	1.0
95253.0	1.0
95281.0	1.0
95291.0	2.0
95299.0	1.0
95311.0	1.0
95325.0	1.0
95380.0	1.0
95381.0	1.0
95385.0	1.0
95386.0	1.0
95389.0	2.0
95397.0	1.0
95421.0	1.0
95451.0	1.0
95483.0	1.0
95510.0	1.0
95531.0	1.0
95571.0	1.0
95624.0	1.0
95650.0	1.0
95651.0	1.0
95685.0	1.0
95720.0	1.0
95732.0	1.0
95759.0	1.0
95823.0	1.0
95863.0	1.0
95915.0	1.0
95929.0	1.0
95952.0	1.0
95963.0	1.0
95972.0	1.0
95982.0	1.0
96012.0	1.0
96051.0	1.0
96068.0	1.0
96095.0	1.0
96140.0	1.0
96156.0	1.0
96187.0	1.0
96192.0	1.0
96199.0	1.0
96224.0	1.0
96251.0	1.0
96266.0	1.0
96282.0	1.0
96327.0	1.0
96329.0	1.0
96364.0	1.0
96379.0	1.0
96384.0	1.0
96399.0	1.0
96422.0	1.0
96535.0	1.0
96599.0	1.0
96702.0	1.0
96717.0	1.0
96722.0	1.0
96727.0	1.0
96728.0	1.0
96735.0	1.0
96741.0	1.0
96742.0	1.0
96760.0	1.0
96802.0	1.0
96805.0	1.0
96829.0	1.0
96857.0	1.0
96862.0	1.0
96869.0	1.0
96930.0	2.0
96960.0	1.0
96973.0	1.0
97018.0	1.0
97038.0	1.0
97066.0	1.0
97104.0	1.0
97130.0	1.0
97138.0	2.0
97174.0	1.0
97208.0	1.0
97226.0	1.0
97232.0	1.0
97241.0	1.0
97255.0	1.0
97323.0	1.0
97331.0	1.0
97357.0	2.0
97392.0	1.0
97463.0	1.0
97479.0	1.0
97485.0	1.0
97491.0	1.0
97512.0	1.0
97532.0	1.0
97550.0	1.0
97590.0	1.0
97674.0	1.0
97692.0	1.0
97716.0	1.0
97743.0	1.0
97747.0	1.0
97763.0	1.0
97766.0	1.0
97788.0	1.0
97796.0	1.0
97809.0	1.0
97834.0	1.0
97856.0	1.0
97864.0	1.0
97878.0	1.0
97910.0	1.0
97911.0	1.0
97995.0	1.0
98001.0	1.0
98014.0	1.0
98034.0	1.0
98040.0	1.0
98063.0	1.0
98071.0	1.0
98113.0	1.0
98114.0	1.0
98132.0	1.0
98183.0	1.0
98198.0	1.0
98261.0	1.0
98278.0	1.0
98285.0	1.0
98299.0	1.0
98314.0	1.0
98367.0	1.0
98375.0	1.0
98389.0	1.0
98405.0	1.0
98416.0	1.0
98440.0	1.0
98467.0	1.0
98471.0	1.0
98480.0	1.0
98502.0	1.0
98559.0	1.0
98566.0	1.0
98580.0	1.0
98583.0	1.0
98589.0	1.0
98590.0	1.0
98598.0	1.0
98635.0	2.0
98646.0	1.0
98692.0	1.0
98720.0	1.0
98753.0	1.0
98754.0	1.0
98798.0	1.0
98826.0	1.0
98827.0	1.0
98938.0	1.0
98946.0	1.0
98947.0	1.0
98961.0	1.0
98967.0	1.0
98982.0	1.0
98985.0	1.0
98992.0	1.0
99003.0	1.0
99040.0	1.0
99045.0	1.0
99131.0	1.0
99150.0	1.0
99160.0	1.0
99164.0	1.0
99188.0	1.0
99246.0	1.0
99284.0	1.0
99353.0	1.0
99360.0	1.0
99373.0	1.0
99417.0	1.0
99442.0	1.0
99485.0	1.0
99489.0	1.0
99497.0	1.0
99500.0	1.0
99521.0	1.0
99528.0	1.0
99540.0	2.0
99549.0	1.0
99572.0	1.0
99614.0	1.0
99616.0	1.0
99720.0	1.0
99738.0	1.0
99787.0	1.0
99806.0	1.0
99807.0	1.0
99812.0	1.0
99834.0	1.0
99842.0	1.0
99857.0	1.0
99898.0	1.0
99913.0	1.0
99956.0	1.0
99964.0	1.0
99988.0	1.0
99993.0	1.0
99995.0	1.0
100024.0	2.0
100032.0	1.0
100054.0	1.0
100072.0	1.0
100077.0	1.0
100108.0	1.0
100114.0	1.0
100171.0	1.0
100285.0	1.0
100300.0	1.0
100360.0	1.0
100366.0	1.0
100376.0	1.0
100441.0	1.0
100480.0	1.0
100484.0	1.0
100490.0	1.0
100561.0	1.0
100632.0	1.0
100640.0	1.0
100641.0	1.0
100645.0	1.0
100675.0	1.0
100794.0	1.0
100838.0	1.0
100868.0	1.0
100871.0	1.0
100893.0	1.0
100910.0	1.0
100921.0	1.0
100938.0	1.0
100965.0	1.0
101003.0	1.0
101015.0	1.0
101022.0	1.0
101033.0	1.0
101058.0	1.0
101090.0	1.0
101119.0	1.0
101147.0	1.0
101148.0	2.0
101173.0	1.0
101174.0	1.0
101176.0	1.0
101205.0	1.0
101241.0	1.0
101244.0	1.0
101256.0	1.0
101311.0	1.0
101328.0	1.0
101375.0	1.0
101382.0	1.0
101426.0	1.0
101457.0	1.0
101475.0	1.0
101488.0	1.0
101493.0	1.0
101498.0	1.0
101515.0	1.0
101555.0	1.0
101573.0	1.0
101660.0	1.0
101673.0	1.0
101675.0	1.0
101701.0	1.0
101746.0	1.0
101796.0	1.0
101865.0	1.0
101881.0	1.0
101925.0	1.0
101947.0	1.0
101966.0	1.0
101974.0	1.0
101985.0	1.0
102003.0	1.0
102014.0	1.0
102043.0	1.0
102068.0	1.0
102094.0	1.0
102126.0	1.0
102127.0	1.0
102130.0	1.0
102145.0	1.0
102162.0	1.0
102182.0	1.0
102197.0	1.0
102203.0	1.0
102256.0	1.0
102310.0	1.0
102345.0	1.0
102401.0	1.0
102415.0	1.0
102435.0	1.0
102436.0	1.0
102529.0	1.0
102551.0	1.0
102563.0	1.0
102570.0	1.0
102580.0	1.0
102593.0	1.0
102601.0	1.0
102663.0	1.0
102692.0	1.0
102705.0	1.0
102707.0	1.0
102743.0	1.0
102768.0	1.0
102771.0	1.0
102778.0	1.0
102783.0	1.0
102801.0	1.0
102812.0	1.0
102834.0	1.0
102869.0	1.0
102894.0	1.0
102910.0	1.0
102916.0	1.0
102920.0	1.0
102922.0	1.0
102977.0	1.0
103024.0	1.0
103068.0	1.0
103076.0	1.0
103092.0	1.0
103093.0	1.0
103124.0	1.0
103126.0	1.0
103134.0	1.0
103164.0	1.0
103285.0	1.0
103290.0	1.0
103312.0	1.0
103372.0	1.0
103374.0	1.0
103393.0	1.0
103437.0	1.0
103440.0	1.0
103468.0	1.0
103479.0	1.0
103545.0	1.0
103567.0	1.0
103575.0	1.0
103614.0	1.0
103651.0	1.0
103662.0	1.0
103676.0	1.0
103699.0	1.0
103710.0	1.0
103772.0	1.0
103778.0	1.0
103801.0	1.0
103829.0	1.0
103858.0	1.0
103922.0	1.0
104010.0	1.0
104025.0	1.0
104087.0	1.0
104132.0	1.0
104135.0	1.0
104197.0	1.0
104213.0	1.0
104221.0	1.0
104222.0	1.0
104223.0	1.0
104233.0	1.0
104248.0	1.0
104254.0	1.0
104332.0	1.0
104341.0	1.0
104424.0	1.0
104448.0	1.0
104494.0	1.0
104527.0	1.0
104648.0	1.0
104672.0	1.0
104674.0	1.0
104713.0	2.0
104715.0	1.0
104718.0	1.0
104751.0	1.0
104768.0	1.0
104769.0	1.0
104794.0	1.0
104824.0	1.0
104866.0	1.0
104884.0	1.0
104909.0	1.0
104912.0	1.0
104914.0	1.0
104915.0	1.0
104934.0	1.0
105074.0	1.0
105119.0	1.0
105132.0	1.0
105220.0	1.0
105239.0	1.0
105251.0	1.0
105262.0	1.0
105381.0	1.0
105496.0	1.0
105527.0	1.0
105608.0	1.0
105610.0	1.0
105625.0	1.0
105687.0	1.0
105703.0	1.0
105748.0	1.0
105776.0	1.0
105811.0	1.0
105835.0	1.0
105874.0	2.0
105878.0	1.0
105885.0	1.0
105889.0	1.0
105931.0	1.0
105942.0	1.0
105961.0	1.0
105962.0	1.0
106001.0	1.0
106032.0	1.0
106046.0	1.0
106068.0	1.0
106097.0	1.0
106116.0	1.0
106129.0	1.0
106136.0	1.0
106139.0	1.0
106145.0	1.0
106193.0	1.0
106229.0	1.0
106292.0	1.0
106312.0	1.0
106346.0	1.0
106366.0	1.0
106413.0	1.0
106461.0	1.0
106475.0	1.0
106476.0	1.0
106523.0	1.0
106534.0	1.0
106547.0	1.0
106586.0	1.0
106629.0	1.0
106664.0	1.0
106705.0	1.0
106749.0	1.0
106776.0	1.0
106936.0	1.0
106985.0	1.0
106991.0	1.0
107027.0	2.0
107040.0	1.0
107041.0	1.0
107141.0	1.0
107219.0	1.0
107256.0	1.0
107278.0	1.0
107292.0	1.0
107363.0	1.0
107372.0	1.0
107376.0	1.0
107397.0	1.0
107431.0	1.0
107498.0	1.0
107625.0	1.0
107653.0	2.0
107682.0	1.0
107684.0	1.0
107703.0	1.0
107747.0	1.0
107754.0	1.0
107760.0	1.0
107801.0	1.0
107811.0	1.0
107817.0	1.0
107904.0	1.0
107977.0	1.0
108059.0	1.0
108149.0	1.0
108159.0	1.0
108197.0	1.0
108240.0	1.0
108394.0	1.0
108400.0	1.0
108403.0	1.0
108470.0	1.0
108503.0	1.0
108572.0	1.0
108588.0	1.0
108599.0	1.0
108632.0	1.0
108640.0	1.0
108672.0	1.0
108733.0	1.0
108736.0	1.0
108807.0	1.0
108830.0	1.0
108926.0	1.0
108943.0	1.0
108967.0	1.0
109000.0	1.0
109010.0	1.0
109062.0	1.0
109146.0	1.0
109165.0	1.0
109187.0	1.0
109221.0	1.0
109242.0	1.0
109253.0	1.0
109266.0	1.0
109276.0	1.0
109316.0	1.0
109392.0	1.0
109504.0	1.0
109558.0	1.0
109561.0	1.0
109590.0	1.0
109607.0	1.0
109710.0	1.0
109732.0	1.0
109735.0	1.0
109767.0	1.0
109792.0	1.0
109822.0	1.0
109855.0	1.0
109871.0	1.0
109876.0	1.0
109904.0	1.0
109908.0	1.0
109916.0	1.0
109920.0	1.0
109974.0	1.0
109977.0	1.0
109985.0	1.0
110004.0	1.0
110035.0	1.0
110064.0	1.0
110088.0	1.0
110096.0	1.0
110111.0	1.0
110125.0	1.0
110159.0	1.0
110182.0	1.0
110209.0	1.0
110281.0	1.0
110296.0	1.0
110332.0	1.0
110381.0	1.0
110398.0	1.0
110399.0	1.0
110415.0	1.0
110422.0	1.0
110434.0	1.0
110497.0	1.0
110551.0	1.0
110558.0	1.0
110559.0	1.0
110566.0	1.0
110572.0	1.0
110595.0	1.0
110621.0	1.0
110644.0	1.0
110647.0	1.0
110681.0	1.0
110683.0	1.0
110686.0	1.0
110687.0	2.0
110728.0	1.0
110732.0	1.0
110770.0	1.0
110803.0	1.0
110806.0	1.0
110874.0	1.0
110875.0	1.0
110909.0	1.0
110916.0	1.0
110920.0	1.0
110923.0	1.0
110933.0	1.0
110966.0	1.0
111032.0	1.0
111041.0	2.0
111051.0	1.0
111059.0	1.0
111110.0	1.0
111148.0	1.0
111180.0	1.0
111182.0	1.0
111194.0	1.0
111221.0	1.0
111253.0	1.0
111265.0	1.0
111345.0	1.0
111357.0	1.0
111408.0	1.0
111416.0	1.0
111443.0	1.0
111485.0	1.0
111564.0	1.0
111600.0	1.0
111674.0	1.0
111723.0	1.0
111746.0	1.0
111783.0	1.0
111820.0	1.0
111841.0	1.0
111899.0	1.0
112001.0	1.0
112002.0	1.0
112039.0	1.0
112047.0	1.0
112053.0	1.0
112100.0	1.0
112113.0	1.0
112125.0	1.0
112153.0	1.0
112161.0	1.0
112250.0	1.0
112259.0	1.0
112260.0	1.0
112267.0	1.0
112319.0	1.0
112322.0	1.0
112330.0	1.0
112399.0	1.0
112407.0	1.0
112423.0	1.0
112461.0	1.0
112464.0	1.0
112489.0	1.0
112513.0	1.0
112537.0	1.0
112559.0	1.0
112562.0	1.0
112620.0	1.0
112692.0	1.0
112733.0	1.0
112762.0	1.0
112767.0	1.0
112784.0	1.0
112804.0	1.0
112845.0	1.0
112849.0	1.0
112863.0	1.0
112877.0	1.0
112932.0	1.0
112937.0	1.0
112987.0	1.0
113030.0	1.0
113032.0	1.0
113054.0	1.0
113101.0	1.0
113108.0	1.0
113113.0	1.0
113122.0	1.0
113188.0	1.0
113219.0	1.0
113223.0	1.0
113267.0	1.0
113349.0	1.0
113355.0	1.0
113436.0	1.0
113442.0	1.0
113477.0	1.0
113523.0	1.0
113545.0	1.0
113546.0	1.0
113550.0	1.0
113563.0	1.0
113621.0	1.0
113650.0	1.0
113755.0	1.0
113783.0	1.0
113796.0	1.0
113840.0	1.0
113863.0	1.0
113864.0	1.0
113879.0	1.0
113892.0	1.0
113912.0	1.0
113916.0	1.0
114000.0	1.0
114004.0	1.0
114005.0	1.0
114016.0	1.0
114045.0	1.0
114048.0	1.0
114055.0	1.0
114184.0	1.0
114204.0	1.0
114210.0	1.0
114230.0	1.0
114252.0	1.0
114358.0	1.0
114372.0	1.0
114382.0	1.0
114387.0	1.0
114391.0	1.0
114404.0	1.0
114454.0	1.0
114478.0	1.0
114491.0	1.0
114553.0	1.0
114561.0	1.0
114611.0	1.0
114676.0	1.0
114715.0	1.0
114754.0	1.0
114766.0	1.0
114787.0	1.0
114829.0	1.0
114833.0	1.0
114906.0	1.0
114940.0	1.0
114964.0	1.0
115058.0	1.0
115073.0	1.0
115140.0	1.0
115145.0	1.0
115163.0	1.0
115222.0	1.0
115232.0	1.0
115235.0	1.0
115249.0	1.0
115281.0	1.0
115286.0	1.0
115292.0	1.0
115367.0	1.0
115490.0	1.0
115497.0	1.0
115507.0	1.0
115531.0	1.0
115606.0	1.0
115626.0	1.0
115635.0	1.0
115800.0	1.0
115809.0	1.0
115811.0	1.0
115836.0	1.0
115889.0	1.0
115917.0	1.0
115981.0	1.0
116000.0	1.0
116145.0	1.0
116179.0	1.0
116229.0	1.0
116238.0	1.0
116276.0	1.0
116318.0	1.0
116329.0	1.0
116443.0	1.0
116465.0	1.0
116552.0	1.0
116606.0	1.0
116614.0	1.0
116636.0	1.0
116661.0	1.0
116688.0	1.0
116702.0	1.0
116808.0	1.0
116817.0	1.0
116973.0	1.0
116998.0	1.0
117013.0	1.0
117039.0	1.0
117052.0	1.0
117099.0	1.0
117119.0	1.0
117131.0	1.0
117166.0	1.0
117182.0	1.0
117189.0	1.0
117329.0	1.0
117428.0	1.0
117450.0	1.0
117465.0	1.0
117481.0	1.0
117526.0	1.0
117596.0	1.0
117607.0	1.0
117627.0	1.0
117676.0	1.0
117773.0	1.0
117832.0	1.0
117893.0	1.0
117898.0	1.0
117909.0	1.0
117931.0	1.0
117960.0	1.0
117981.0	1.0
118083.0	1.0
118107.0	1.0
118143.0	1.0
118157.0	1.0
118270.0	1.0
118303.0	1.0
118618.0	1.0
118671.0	1.0
118705.0	1.0
118814.0	1.0
118879.0	1.0
118898.0	1.0
119066.0	1.0
119073.0	1.0
119244.0	1.0
119324.0	1.0
119343.0	1.0
119526.0	1.0
119581.0	1.0
119608.0	1.0
119682.0	1.0
119731.0	1.0
119751.0	1.0
119797.0	1.0
119952.0	1.0
119969.0	1.0
120277.0	1.0
120410.0	1.0
120413.0	1.0
120447.0	1.0
120478.0	1.0
120479.0	1.0
120681.0	1.0
120782.0	1.0
120798.0	1.0
120810.0	1.0
120912.0	1.0
120951.0	1.0
120958.0	1.0
120997.0	1.0
121012.0	1.0
121052.0	1.0
121126.0	1.0
121139.0	1.0
121193.0	1.0
121358.0	1.0
121389.0	1.0
121504.0	1.0
121664.0	1.0
121674.0	1.0
121684.0	1.0
121876.0	1.0
121975.0	1.0
122035.0	1.0
122256.0	1.0
122353.0	1.0
122391.0	1.0
122502.0	1.0
122554.0	1.0
122673.0	1.0
122677.0	1.0
122717.0	1.0
122764.0	1.0
122838.0	1.0
122846.0	1.0
122883.0	1.0
122911.0	1.0
123027.0	1.0
123190.0	1.0
123244.0	1.0
123249.0	1.0
123299.0	1.0
123351.0	1.0
123378.0	1.0
123396.0	1.0
123416.0	1.0
123554.0	1.0
123583.0	1.0
123602.0	1.0
123654.0	1.0
123735.0	1.0
123773.0	1.0
123801.0	1.0
123804.0	1.0
123811.0	1.0
123816.0	1.0
124081.0	1.0
124221.0	1.0
124238.0	1.0
124278.0	1.0
124301.0	1.0
124311.0	1.0
124342.0	1.0
124469.0	1.0
124496.0	1.0
124669.0	1.0
124680.0	1.0
124684.0	1.0
124689.0	1.0
124777.0	1.0
124808.0	1.0
124816.0	1.0
124989.0	1.0
125005.0	1.0
125274.0	1.0
125281.0	1.0
125556.0	1.0
125603.0	1.0
125634.0	1.0
125817.0	1.0
125820.0	1.0
125822.0	1.0
125852.0	1.0
125854.0	1.0
125878.0	1.0
125976.0	1.0
125988.0	1.0
126168.0	1.0
126353.0	1.0
126527.0	1.0
126733.0	1.0
126770.0	1.0
126798.0	1.0
126909.0	1.0
127251.0	1.0
127343.0	1.0
127360.0	1.0
127399.0	1.0
127447.0	1.0
127494.0	1.0
128328.0	1.0
128335.0	1.0
128489.0	1.0
128627.0	1.0
128643.0	1.0
128648.0	1.0
128881.0	1.0
128919.0	1.0
128958.0	1.0
129064.0	1.0
129080.0	1.0
129220.0	1.0
129357.0	1.0
129570.0	1.0
129653.0	1.0
129837.0	1.0
129977.0	1.0
130004.0	1.0
130508.0	1.0
130587.0	1.0
130641.0	1.0
130993.0	1.0
131163.0	1.0
131381.0	1.0
131443.0	1.0
131460.0	1.0
131667.0	1.0
131775.0	1.0
131879.0	1.0
132057.0	1.0
132317.0	1.0
132376.0	1.0
132395.0	1.0
132629.0	1.0
132772.0	1.0
132972.0	1.0
133155.0	1.0
133525.0	1.0
133596.0	1.0
133607.0	1.0
133623.0	1.0
133708.0	1.0
133722.0	1.0
134346.0	1.0
134398.0	1.0
134661.0	1.0
134818.0	1.0
134906.0	1.0
134996.0	1.0
135066.0	1.0
135095.0	1.0
135199.0	1.0
135455.0	1.0
135626.0	1.0
135679.0	1.0
136175.0	1.0
136357.0	1.0
136414.0	1.0
136582.0	1.0
137110.0	1.0
137170.0	1.0
137180.0	1.0
137197.0	1.0
137322.0	1.0
137350.0	1.0
137771.0	1.0
138229.0	1.0
138314.0	1.0
138397.0	1.0
138467.0	1.0
138542.0	1.0
138728.0	1.0
138862.0	1.0
139103.0	1.0
139173.0	1.0
139524.0	1.0
139536.0	1.0
139596.0	1.0
139656.0	1.0
139838.0	1.0
139956.0	1.0
139983.0	1.0
140095.0	1.0
140149.0	1.0
140213.0	1.0
140601.0	1.0
140616.0	1.0
140720.0	1.0
140748.0	1.0
140749.0	1.0
141038.0	1.0
141196.0	1.0
141275.0	1.0
141344.0	1.0
141657.0	1.0
141793.0	1.0
141901.0	1.0
142021.0	1.0
142079.0	1.0
142335.0	1.0
142496.0	1.0
142656.0	1.0
142703.0	1.0
142765.0	1.0
143267.0	1.0
143288.0	1.0
143457.0	1.0
143496.0	1.0
143663.0	1.0
143699.0	1.0
143735.0	1.0
144168.0	1.0
144514.0	1.0
144584.0	1.0
144734.0	1.0
144944.0	1.0
145258.0	1.0
145284.0	1.0
145405.0	1.0
145410.0	1.0
145565.0	1.0
145583.0	1.0
145975.0	1.0
146625.0	1.0
146898.0	1.0
147087.0	1.0
147113.0	1.0
147422.0	1.0
147702.0	1.0
147760.0	1.0
147882.0	1.0
147978.0	1.0
148039.0	1.0
148713.0	1.0
148732.0	1.0
148829.0	1.0
148864.0	1.0
149072.0	1.0
150020.0	1.0
150086.0	1.0
150445.0	1.0
150567.0	1.0
151267.0	1.0
151343.0	1.0
151346.0	1.0
151744.0	1.0
152073.0	1.0
152143.0	1.0
152372.0	1.0
152626.0	1.0
152925.0	1.0
152952.0	1.0
153122.0	1.0
153432.0	1.0
153454.0	1.0
153506.0	1.0
154149.0	1.0
154534.0	1.0
154860.0	1.0
155263.0	1.0
155642.0	1.0
155812.0	1.0
156117.0	1.0
156746.0	1.0
156771.0	1.0
157914.0	1.0
158433.0	1.0
159309.0	1.0
160523.0	1.0
161390.0	1.0
162972.0	1.0
163093.0	1.0
164822.0	1.0
164970.0	1.0
165526.0	1.0
165572.0	1.0
166194.0	1.0
166516.0	1.0
166588.0	1.0
166641.0	1.0
168307.0	1.0
168393.0	1.0
168417.0	1.0
168937.0	1.0
169257.0	1.0
169541.0	1.0
169549.0	1.0
169644.0	1.0
169837.0	1.0
170138.0	1.0
171222.0	1.0
171362.0	1.0
171778.0	1.0
173253.0	1.0
173740.0	1.0
175728.0	1.0
176063.0	1.0
176462.0	1.0
176498.0	1.0
176868.0	1.0
176955.0	1.0
177265.0	1.0
177288.0	1.0
177961.0	1.0
178086.0	1.0
178141.0	1.0
178403.0	1.0
179338.0	1.0
181117.0	1.0
181747.0	1.0
182561.0	1.0
182814.0	1.0
185860.0	1.0
187960.0	1.0
190236.0	1.0
