# Position (bp)	A	C	G	T	N
0.0	22.696501807410797	25.258763551816333	31.465550019839732	20.576699948725402	0.0024846722077366667
1.0	26.315088059041834	19.191043434328982	25.386046532639934	29.10627846549656	0.001543508492684899
2.0	27.53547622507516	21.032449066102068	25.208994814564395	26.22281636841816	2.63525840214495E-4
3.0	30.190837884173614	19.84345812160287	25.778248275976306	24.186815726920972	6.399913262352021E-4
4.0	29.483685115232323	19.97525868825872	26.044936426273374	24.495555072006553	5.646982290310606E-4
5.0	30.8868472747287	20.650788356374274	23.362883364216053	25.09906689264635	4.141120346227778E-4
6.0	23.004262342232725	22.07074087654718	22.590075014512745	32.33416883573531	7.529309720414142E-4
7.0	25.27182690418125	23.60626830092844	23.629157402478498	27.491994461439766	7.529309720414142E-4
8.0	24.837611612604967	23.403165171220266	24.09951338071277	27.65959689581619	1.1293964580621213E-4
9.0	30.818932901050566	20.193872195990945	23.749325185616307	25.237493251856165	3.764654860207071E-4
10.0	26.236896177595337	23.440887012919543	26.088832301943388	24.23327156789593	1.1293964580621213E-4
11.0	24.825715303246714	23.476726527188713	25.05144400866473	26.645850635059627	2.63525840214495E-4
12.0	25.804450273803347	22.857854914719272	23.713786843735953	27.623870321192822	3.764654860207071E-5
13.0	26.68617008861245	21.956860067025914	23.649373599077812	27.707558598735226	3.764654860207071E-5
14.0	26.370955537167305	22.129695371658023	24.207107216617487	27.292166581459977	7.529309720414142E-5
15.0	26.50505254328788	22.23439042332038	24.231012774979803	27.02943131876613	1.1293964580621213E-4
16.0	26.56792227945334	22.322445700500623	24.04752349709331	27.061732057466703	3.764654860207071E-4
17.0	26.890553200973088	22.089940616334236	23.94681897958277	27.0726119100127	7.529309720414142E-5
18.0	26.48611632934104	22.310624684239574	24.1054991819405	27.096856287312438	9.035171664496971E-4
19.0	26.70296044928897	22.276140445720078	24.13877873090473	26.878431012323222	0.0036893617630029294
20.0	26.572515158382792	22.385202497020277	24.05317047938362	26.9798884608058	0.009223404407507324
21.0	26.81157074200594	22.24907257727519	24.015260404941337	26.91238819916229	0.01170807661524399
22.0	26.65548815150176	22.371348567134714	23.98894546746849	26.969121547905612	0.015096265989430355
23.0	26.7925592349619	22.31947162316106	23.95028246205416	26.928915033998596	0.008771645824282475
24.0	26.63275813061312	22.54829801612475	24.114126946179926	26.699997929345503	0.004818977736699339
25.0	26.904599471996697	22.447519694703853	23.949527944567183	26.69695983952073	0.0013930492115341463
26.0	27.093234193577054	22.23509496165915	23.77509211518144	26.895750389508095	8.283400742644528E-4
27.0	26.99357927777041	22.432991336618752	24.021265347679925	26.552013422818792	1.5061511211788946E-4
28.0	26.528968441949775	22.972126220150972	24.65377121825687	25.845058807492354	7.531215003385281E-5
29.0	24.590805374258256	23.506975787819457	24.352988006698805	27.549230831223483	0.0
30.0	26.42143957455303	21.382928638953857	22.0497233615433	30.145908424949813	0.0
31.0	28.869242124668098	21.5473465379578	24.726295278285143	24.857116059088955	0.0
32.0	28.155749454588335	21.669391056491875	24.54294106766194	25.63191842125785	0.0
33.0	30.818226451935494	20.166372573733298	22.220765259579874	26.794409634341314	2.2608041001943163E-4
34.0	24.97680049632992	23.15235082021836	23.266482578322353	28.60266995945081	0.0016961456785600402
35.0	24.952994693807756	24.35386341905707	22.479841791897762	28.21303586143428	2.6423380312845274E-4
36.0	23.875251916922174	24.23022274219992	24.543474720618484	27.350974698791063	7.592146835156651E-5
37.0	24.96942494007444	23.66202527019956	25.934142914788687	25.433823752370394	5.831225669210895E-4
38.0	29.698176764548034	24.241438277242093	24.230657759980375	21.829375659623135	3.5153860636034896E-4
39.0	21.279786405606853	28.585361906977212	29.54245087430091	20.58912408094742	0.003276732167598782
