# Position (bp)	A	C	G	T	N
0.0	14.451489653262847	32.387829467267224	35.31549012584259	17.84102164738526	0.004169106242075811
1.0	16.757376127405944	25.453268755538804	30.999693333672045	26.78783855907909	0.0018232243041147863
2.0	18.623804770113903	28.215696672846587	30.197389556060685	22.96260457558802	5.044253908050908E-4
3.0	20.728036558807553	25.806330064616283	31.48399640557406	21.98107177146783	5.651995342755838E-4
4.0	21.020961852920983	25.416044592663127	30.82037314594801	22.74187896391754	7.414445503400131E-4
5.0	21.226317683707776	26.047038214659867	29.863459947347714	22.861288001008365	0.0018961532762793779
6.0	16.870488963233225	26.24522877393149	27.140170578434926	29.743485710722613	6.259736777460766E-4
7.0	17.07780172143977	29.227659090602458	28.402212519157526	25.29169461770815	6.320510920931259E-4
8.0	16.90432800631759	28.815519236657313	28.677871879110988	25.60212286514108	1.5801277302328147E-4
9.0	21.593022787994386	26.68160535629267	28.550659441998555	23.174366001096608	3.464126177818094E-4
10.0	18.441780133005427	29.934018727916957	29.526333618688195	22.097660888301622	2.0663208779967578E-4
11.0	17.10076827025727	28.429129387300613	30.4454392226355	24.024134384758426	5.28735048193288E-4
12.0	17.964593713303813	28.41234964628841	28.803090924317594	24.81919388446811	7.718316220752595E-4
13.0	18.210741149188003	28.20646508045342	28.652796467515067	24.928240930097214	0.001756372746297244
14.0	18.012003622625144	28.441083661321258	29.21455618527022	24.32928743653812	0.0030690942452598906
15.0	17.96095941952428	28.8093567385094	29.081053624308588	24.144181550355693	0.004448667302040079
16.0	18.364201938865342	28.32048952843276	29.036238770913446	24.27201388373153	0.007055878056924223
17.0	18.455855424633192	28.277510054170424	28.732258660102733	24.52709511870588	0.007280742387765046
18.0	17.933404422874755	28.604645113643397	28.90186106228584	24.553507561458158	0.006581839737854378
19.0	18.355468694448636	28.605781590126295	29.06082191194726	23.97045866124529	0.007469142232523574
20.0	17.92643362861869	28.452703677552815	29.31220807899861	24.298128533180797	0.010526081649089365
21.0	17.960096426687	28.348950059819988	29.497958171101825	24.17870734126128	0.014288001129912875
22.0	18.16341632366753	28.237897467456357	29.029979034135984	24.551058363476297	0.01764881126383113
23.0	18.33074577288484	28.865317569817034	28.71095124540198	24.078964816997505	0.014020594898642706
24.0	18.191839351864513	29.0928959755916	28.684602223863227	24.021168941279434	0.009493507401228321
25.0	18.420573258957265	29.047906311683537	28.462655201284914	24.06479895820829	0.004066269865992399
26.0	18.92256502150566	28.235295547877758	28.042540853467283	24.796984830544123	0.0026137466051686536
27.0	18.48205340060251	29.100467668936542	28.655600434904027	23.76094843411086	9.300614460595364E-4
28.0	17.830888499299846	29.316530208504442	29.98078574076544	22.871442951596187	3.525998340835402E-4
29.0	16.429651069225535	29.661307594091003	29.23871346022628	24.67024883917025	7.903728693447376E-5
30.0	16.977778507437822	28.07408360019129	26.83219612775496	28.11576543010571	1.763345102141765E-4
31.0	19.496680319364636	28.464774506682055	28.761001238935513	23.277331080398962	2.1285461883576066E-4
32.0	19.21640215978339	28.01996094133	29.04809150443516	23.715332510832127	2.1288361932321497E-4
33.0	21.49804752125631	26.96530434717541	26.686563056433933	24.84953755737606	5.475177582822252E-4
34.0	16.846560172988887	29.84961993768257	26.378499117901015	26.92139573368479	0.003925037742736961
35.0	16.982741542983252	31.277511544340474	25.878152047815295	25.861028338733405	5.665261275758359E-4
36.0	16.164909748792986	30.65745740349024	27.888565837276737	25.288712478869456	3.5453157057791396E-4
37.0	16.676689431279968	30.629200793166987	29.571227065093225	23.121959930265252	9.227801945682041E-4
38.0	19.911411376558423	30.7596814799526	29.277413947454107	20.049943632265304	0.0015495637695679479
39.0	14.034725620168908	34.59280993458677	33.46398538765339	17.903056219515435	0.005422838075501156
