#Insert size (bp)	insert size
28.0	1.0
33.0	1.0
34.0	2.0
35.0	2.0
36.0	3.0
37.0	6.0
38.0	20.0
39.0	43.0
40.0	206.0
41.0	1069.0
42.0	1096.0
43.0	1154.0
44.0	992.0
45.0	985.0
46.0	954.0
47.0	1034.0
48.0	1014.0
49.0	1048.0
50.0	1037.0
51.0	972.0
52.0	827.0
53.0	934.0
54.0	913.0
55.0	961.0
56.0	899.0
57.0	870.0
58.0	833.0
59.0	977.0
60.0	870.0
61.0	859.0
62.0	757.0
63.0	927.0
64.0	808.0
65.0	871.0
66.0	874.0
67.0	897.0
68.0	880.0
69.0	938.0
70.0	958.0
71.0	926.0
72.0	924.0
73.0	981.0
74.0	977.0
75.0	1000.0
76.0	1068.0
77.0	1189.0
78.0	1290.0
79.0	1387.0
80.0	1397.0
81.0	1430.0
82.0	1577.0
83.0	1814.0
84.0	2004.0
85.0	2322.0
86.0	2473.0
87.0	2742.0
88.0	3041.0
89.0	3427.0
90.0	3846.0
91.0	4258.0
92.0	4804.0
93.0	5485.0
94.0	6193.0
95.0	7011.0
96.0	7721.0
97.0	8603.0
98.0	9572.0
99.0	10484.0
100.0	11686.0
101.0	12881.0
102.0	14218.0
103.0	15709.0
104.0	17529.0
105.0	19119.0
106.0	20763.0
107.0	22574.0
108.0	24339.0
109.0	26296.0
110.0	28492.0
111.0	30472.0
112.0	32384.0
113.0	35117.0
114.0	37123.0
115.0	39449.0
116.0	42228.0
117.0	44408.0
118.0	46802.0
119.0	49390.0
120.0	51925.0
121.0	54896.0
122.0	56664.0
123.0	59918.0
124.0	62103.0
125.0	65398.0
126.0	68105.0
127.0	71041.0
128.0	73829.0
129.0	76648.0
130.0	79468.0
131.0	81402.0
132.0	83556.0
133.0	85564.0
134.0	87861.0
135.0	90252.0
136.0	93462.0
137.0	96206.0
138.0	98497.0
139.0	100409.0
140.0	101872.0
141.0	102515.0
142.0	104638.0
143.0	106787.0
144.0	108994.0
145.0	109781.0
146.0	111157.0
147.0	113934.0
148.0	116475.0
149.0	118093.0
150.0	120649.0
151.0	119354.0
152.0	119733.0
153.0	120078.0
154.0	121840.0
155.0	123203.0
156.0	124467.0
157.0	126906.0
158.0	126375.0
159.0	127921.0
160.0	128351.0
161.0	128715.0
162.0	129412.0
163.0	128618.0
164.0	128615.0
165.0	127814.0
166.0	129542.0
167.0	130657.0
168.0	130300.0
169.0	129987.0
170.0	129255.0
171.0	130343.0
172.0	131109.0
173.0	130355.0
174.0	130036.0
175.0	128809.0
176.0	126445.0
177.0	126535.0
178.0	126442.0
179.0	126010.0
180.0	124379.0
181.0	124468.0
182.0	123939.0
183.0	124329.0
184.0	122658.0
185.0	121791.0
186.0	121185.0
187.0	120288.0
188.0	119560.0
189.0	118995.0
190.0	118866.0
191.0	118772.0
192.0	116551.0
193.0	115980.0
194.0	116511.0
195.0	115106.0
196.0	114394.0
197.0	113802.0
198.0	112526.0
199.0	111392.0
200.0	110841.0
201.0	109353.0
202.0	108294.0
203.0	107665.0
204.0	107723.0
205.0	105666.0
206.0	103908.0
207.0	103436.0
208.0	102223.0
209.0	101812.0
210.0	100827.0
211.0	100541.0
212.0	98770.0
213.0	98495.0
214.0	97328.0
215.0	97091.0
216.0	96598.0
217.0	95116.0
218.0	94361.0
219.0	92275.0
220.0	92704.0
221.0	90903.0
222.0	90065.0
223.0	89143.0
224.0	87800.0
225.0	88688.0
226.0	87019.0
227.0	84869.0
228.0	85085.0
229.0	82904.0
230.0	82439.0
231.0	81545.0
232.0	79992.0
233.0	80626.0
234.0	79445.0
235.0	78862.0
236.0	78413.0
237.0	76549.0
238.0	76043.0
239.0	74676.0
240.0	73543.0
241.0	73074.0
242.0	70903.0
243.0	70935.0
244.0	69290.0
245.0	68760.0
246.0	67333.0
247.0	67113.0
248.0	66460.0
249.0	65247.0
250.0	64346.0
251.0	64545.0
252.0	63314.0
253.0	62707.0
254.0	62160.0
255.0	60603.0
256.0	59739.0
257.0	59546.0
258.0	58521.0
259.0	58622.0
260.0	57878.0
261.0	57518.0
262.0	57277.0
263.0	55948.0
264.0	54847.0
265.0	53762.0
266.0	53777.0
267.0	52477.0
268.0	51854.0
269.0	51936.0
270.0	50996.0
271.0	49877.0
272.0	49594.0
273.0	48522.0
274.0	48352.0
275.0	48077.0
276.0	47411.0
277.0	46666.0
278.0	46470.0
279.0	46118.0
280.0	45110.0
281.0	44261.0
282.0	44736.0
283.0	43370.0
284.0	43383.0
285.0	42305.0
286.0	41960.0
287.0	41323.0
288.0	40616.0
289.0	39952.0
290.0	39617.0
291.0	39282.0
292.0	38755.0
293.0	38019.0
294.0	37721.0
295.0	37213.0
296.0	36935.0
297.0	36716.0
298.0	36256.0
299.0	35704.0
300.0	35301.0
301.0	34312.0
302.0	33880.0
303.0	33680.0
304.0	33098.0
305.0	32841.0
306.0	32574.0
307.0	31915.0
308.0	31628.0
309.0	30785.0
310.0	29931.0
311.0	30022.0
312.0	30133.0
313.0	29683.0
314.0	29051.0
315.0	28659.0
316.0	28735.0
317.0	27865.0
318.0	27401.0
319.0	27376.0
320.0	27377.0
321.0	26845.0
322.0	26781.0
323.0	26225.0
324.0	25474.0
325.0	25555.0
326.0	25309.0
327.0	24685.0
328.0	24273.0
329.0	23970.0
330.0	23781.0
331.0	23204.0
332.0	23241.0
333.0	22948.0
334.0	23094.0
335.0	22233.0
336.0	22182.0
337.0	21996.0
338.0	21828.0
339.0	21258.0
340.0	20876.0
341.0	20811.0
342.0	20522.0
343.0	19824.0
344.0	19839.0
345.0	19631.0
346.0	19416.0
347.0	19254.0
348.0	18838.0
349.0	18547.0
350.0	18239.0
351.0	17924.0
352.0	17779.0
353.0	17709.0
354.0	17594.0
355.0	17209.0
356.0	16763.0
357.0	16588.0
358.0	16497.0
359.0	16273.0
360.0	16339.0
361.0	15641.0
362.0	15389.0
363.0	15518.0
364.0	15376.0
365.0	15018.0
366.0	14704.0
367.0	14545.0
368.0	14228.0
369.0	14288.0
370.0	13919.0
371.0	13714.0
372.0	13319.0
373.0	13481.0
374.0	12767.0
375.0	12945.0
376.0	13087.0
377.0	12515.0
378.0	12506.0
379.0	12243.0
380.0	12448.0
381.0	11868.0
382.0	11674.0
383.0	11356.0
384.0	11271.0
385.0	11349.0
386.0	11255.0
387.0	11287.0
388.0	11284.0
389.0	10775.0
390.0	10733.0
391.0	10486.0
392.0	10333.0
393.0	10087.0
394.0	9943.0
395.0	10091.0
396.0	9746.0
397.0	9611.0
398.0	9487.0
399.0	9348.0
400.0	9077.0
401.0	9134.0
402.0	8758.0
403.0	9083.0
404.0	8530.0
405.0	8561.0
406.0	8410.0
407.0	8419.0
408.0	8083.0
409.0	8224.0
410.0	7816.0
411.0	8079.0
412.0	7887.0
413.0	7724.0
414.0	7517.0
415.0	7447.0
416.0	7294.0
417.0	7307.0
418.0	6986.0
419.0	6993.0
420.0	7050.0
421.0	6892.0
422.0	6538.0
423.0	6657.0
424.0	6652.0
425.0	6459.0
426.0	6342.0
427.0	6347.0
428.0	6134.0
429.0	6067.0
430.0	6139.0
431.0	6045.0
432.0	6007.0
433.0	5864.0
434.0	5817.0
435.0	5834.0
436.0	5753.0
437.0	5666.0
438.0	5285.0
439.0	5315.0
440.0	5337.0
441.0	5208.0
442.0	5082.0
443.0	5139.0
444.0	5029.0
445.0	4985.0
446.0	4821.0
447.0	4654.0
448.0	4726.0
449.0	4680.0
450.0	4578.0
451.0	4589.0
452.0	4697.0
453.0	4624.0
454.0	4519.0
455.0	4346.0
456.0	4277.0
457.0	4286.0
458.0	4059.0
459.0	4233.0
460.0	4017.0
461.0	4096.0
462.0	3899.0
463.0	3913.0
464.0	4045.0
465.0	3826.0
466.0	3824.0
467.0	3891.0
468.0	3681.0
469.0	3509.0
470.0	3753.0
471.0	3624.0
472.0	3485.0
473.0	3614.0
474.0	3450.0
475.0	3374.0
476.0	3486.0
477.0	3292.0
478.0	3279.0
479.0	3170.0
480.0	3245.0
481.0	3152.0
482.0	3094.0
483.0	3067.0
484.0	3045.0
485.0	3012.0
486.0	2893.0
487.0	3046.0
488.0	2919.0
489.0	2792.0
490.0	2849.0
491.0	2816.0
492.0	2822.0
493.0	2660.0
494.0	2678.0
495.0	2706.0
496.0	2619.0
497.0	2516.0
498.0	2552.0
499.0	2370.0
500.0	2413.0
501.0	2546.0
502.0	2469.0
503.0	2334.0
504.0	2477.0
505.0	2401.0
506.0	2209.0
507.0	2265.0
508.0	2309.0
509.0	2227.0
510.0	2118.0
511.0	2156.0
512.0	2164.0
513.0	2098.0
514.0	2062.0
515.0	2017.0
516.0	2015.0
517.0	2067.0
518.0	1973.0
519.0	1991.0
520.0	2006.0
521.0	1955.0
522.0	1956.0
523.0	1804.0
524.0	1871.0
525.0	1820.0
526.0	1738.0
527.0	1743.0
528.0	1711.0
