#Position (bp)	mapping quality
3406923.0	38.37535988496674
1.0220768E7	39.099851644063904
1.7034613E7	40.644888185048806
2.3848458E7	32.36613618201264
3.0662303E7	38.99854458594793
3.7476148E7	40.063846759053696
4.4289993E7	40.365046629043725
5.1103838E7	38.47918955689002
5.7917683E7	39.67071333769605
6.4731528E7	40.436429845368124
7.1545373E7	38.01967779131474
7.8359218E7	40.265312994295854
8.5173063E7	39.14063278162705
9.1986908E7	40.060054835649204
9.8800753E7	39.031117205112885
1.05614598E8	37.621404587003326
1.12428443E8	39.75550056403562
1.19242288E8	38.31430137717916
1.26056133E8	40.1931599110939
1.300790245E8	32.88520401661697
1.33485947E8	38.62530309953545
1.39683823E8	40.20009814848529
1.46497668E8	31.232245221509388
1.53311513E8	40.35737108838368
1.60125358E8	39.85847812368332
1.66939203E8	40.089378343433594
1.73753048E8	40.97625488694817
1.80566893E8	38.7758531852877
1.87380738E8	40.71366875017968
1.94194583E8	40.55283382579966
2.01008428E8	40.32933348373688
2.07822273E8	40.80246938564371
2.14636118E8	37.033590678392805
2.21449963E8	34.68594564926774
2.28263808E8	40.892807434385425
2.35077653E8	39.179016750275515
2.41891498E8	40.32402522174261
2.48705343E8	40.767351507499825
2.52444901E8	40.53072336629247
2.558518235E8	38.41055734721774
2.62333033E8	37.030820765292816
2.69146878E8	37.298473255260625
2.75960723E8	34.988160454733375
2.82774568E8	40.48421611308809
2.89588413E8	38.33588639904429
2.96402258E8	37.7231924240242
3.03216103E8	38.985606182601174
3.10029948E8	32.1744073087516
3.16843793E8	35.6586351619011
3.23657638E8	39.32307258845378
3.30471483E8	38.21360779582353
3.37285328E8	40.87963796197097
3.44099173E8	34.33855881019911
3.50913018E8	40.4120428031907
3.57726863E8	40.855514674374575
3.64540708E8	40.041636820140965
3.704270945E8	39.23426347062728
3.73834017E8	0.0
3.78168398E8	34.16464662025017
3.84982243E8	31.732040418201226
3.91796088E8	39.91064890053067
3.98609933E8	40.10726363971964
4.05423778E8	40.016881721105925
4.12237623E8	40.60608996496923
4.19051468E8	40.4417877335994
4.25865313E8	39.77345856553811
4.32679158E8	37.453467194054554
4.39493003E8	36.6106741368647
4.46306848E8	39.65810950074429
4.53120693E8	37.073300125017006
4.59934538E8	35.52259728216512
4.66748383E8	40.5107644379942
4.73562228E8	39.04305684177778
4.80376073E8	39.769589733274124
4.87189918E8	40.455348674677495
4.91962519E8	34.85468942688389
4.953694415E8	3.057247059787731
5.00817608E8	35.77130151218822
5.07631453E8	38.570106642183696
5.14445298E8	25.198348827155034
5.21259143E8	40.461546431796386
5.28072988E8	39.87979509509695
5.34886833E8	33.568639975094904
5.41700678E8	35.921817449099635
5.48514523E8	39.54447700143772
5.55328368E8	40.41862675733211
5.62142213E8	36.529408029727904
5.68956058E8	40.41343677970849
5.75769903E8	39.26187817806154
5.82583748E8	30.419004195170956
5.89397593E8	36.39694618391191
5.96211438E8	38.43668488499029
6.03025283E8	20.753664610505115
6.09839128E8	37.01044909242337
6.15738246E8	40.20519451426528
6.191451685E8	0.0
6.23466818E8	39.84163293893184
6.30280663E8	39.71306558410046
6.37094508E8	22.73562389611764
6.43908353E8	39.5631444519928
6.50722198E8	38.466125768376166
6.57536043E8	39.28754970097692
6.64349888E8	32.614942280254226
6.71163733E8	40.378231661230586
6.77977578E8	39.06473232400491
6.84791423E8	40.45430449737838
6.91605268E8	40.3379682173364
6.98419113E8	40.293164654341815
7.05232958E8	40.025972768222516
7.12046803E8	37.16001305618719
7.18860648E8	40.56760367634662
7.222708485E8	0.0
7.25677771E8	40.37347486623676
7.32488338E8	28.247772919814214
7.39302183E8	36.29362027696369
7.46116028E8	40.02693914077051
7.52929873E8	40.12388462150883
7.59743718E8	39.721427414101804
7.66557563E8	40.59774493371933
7.73371408E8	38.85693090867034
7.80185253E8	34.19436039697644
7.86999098E8	34.664422825080266
7.93812943E8	30.987745739179427
8.00626788E8	39.397418640969796
8.07440633E8	37.74214271850063
8.14254478E8	37.757736324372495
8.190716475E8	37.510702464041486
8.2247857E8	34.409339863819504
8.27882168E8	34.4617255217384
8.34696013E8	37.1417456737952
8.41509858E8	38.440595240757574
8.48323703E8	40.610104512147295
8.55137548E8	34.60392967135404
8.61951393E8	38.50991516824729
8.68765238E8	40.61624257882148
8.75579083E8	39.785838467476395
8.82392928E8	38.79433921101805
8.89206773E8	38.34965230034981
8.96020618E8	40.02772519608689
9.02834463E8	39.84403433424712
9.09648308E8	39.503461183418324
9.14262198E8	29.810697735793404
9.176691205E8	36.7460587639311
9.23275998E8	39.681770333521264
9.30089843E8	38.94777371208889
9.36903688E8	38.31162872072932
9.43717533E8	35.20053877515353
9.50531378E8	40.53617717313412
9.57345223E8	39.95694061346888
9.64159068E8	38.693436421311965
9.70972913E8	40.144327450881136
9.77786758E8	40.44481002575472
9.84600603E8	40.01719197707737
9.91414448E8	39.71017580205088
9.98228293E8	40.370543770060905
1.00390351E9	30.825013404825736
1.0073104325E9	0.0
1.011855983E9	40.26321563454988
1.018669828E9	39.11149297785529
1.025483673E9	38.765381967900964
1.032297518E9	40.46722816469266
1.039111363E9	39.698676002702534
1.045925208E9	40.05064977404398
1.052739053E9	40.94885200006478
1.059552898E9	40.071286089099395
1.0652815955E9	38.012545359687046
1.068688518E9	0.0
1.073180588E9	35.646633066394905
1.079994433E9	38.832022947134845
1.086808278E9	35.98960577041355
1.093622123E9	31.253262752608922
1.100435968E9	39.08924852450072
1.107249813E9	40.96936101761245
1.114063658E9	37.14621609413124
1.120877503E9	40.33401233795879
1.127691348E9	39.91940243520379
1.134505193E9	39.23204907580421
1.141319038E9	35.120016546539496
1.148132883E9	40.29611264421728
1.154946728E9	38.9024196071068
1.161760573E9	40.22894684163504
1.168574418E9	29.31817126481768
1.175388263E9	39.923794057542054
1.182202108E9	20.297311051187712
1.189015953E9	37.96161783411553
1.195829798E9	39.90248212439353
1.202643643E9	40.408447261625184
1.209457488E9	37.303032536924576
1.216271333E9	37.890522270008404
1.223085178E9	40.307956142597156
1.229899023E9	40.557571151431574
1.236712868E9	37.67828448973257
1.243526713E9	38.04670853429308
1.250340558E9	40.97464564968389
1.257154403E9	39.09037516888884
1.2618183335E9	35.16088194203251
1.265225256E9	40.85692715725008
1.270782093E9	38.12004795660464
1.277595938E9	39.36843919826794
1.284409783E9	35.645278845485265
1.291223628E9	40.77798010530522
1.298037473E9	40.960598556073535
1.304851318E9	40.763845095463466
1.311665163E9	38.81432014256538
1.318479008E9	39.055735591601135
1.325292853E9	40.83888556752023
1.332106698E9	40.184189639742826
1.338920543E9	36.89029213560269
1.345734388E9	35.26906804331794
1.352548233E9	37.2417709490196
1.359362078E9	13.992988827461776
1.366175923E9	40.41831408808385
1.372989768E9	37.13301566753428
1.379803613E9	39.95295347103149
1.386617458E9	38.385739300342635
1.393431303E9	40.65822568088587
1.400245148E9	37.75674558414485
1.407058993E9	40.30765125216559
1.413872838E9	39.431080410266446
1.420686683E9	40.53401361468046
1.427500528E9	40.83910103476634
1.434314373E9	41.01468111694567
1.441128218E9	35.48036738571173
1.444861853E9	39.919242474485095
1.4482687755E9	29.949543128181798
1.454755908E9	38.17731417744968
1.461569753E9	38.893854024882394
1.468383598E9	36.97681915707986
1.475197443E9	40.38921351203677
1.482011288E9	40.035073938226084
1.488825133E9	35.71796541871836
1.495638978E9	40.010525585801474
1.502452823E9	39.76340210499752
1.509266668E9	27.404800488260776
1.516080513E9	39.410146204313115
1.522894358E9	37.01529816441433
1.529708203E9	40.06483336220942
1.536522048E9	39.22395236611723
1.543335893E9	39.987721175457764
1.550149738E9	40.40716803664272
1.556963583E9	38.34366066488676
1.563777428E9	39.640004333420215
1.570591273E9	39.63890603386991
1.577405118E9	40.810120957762514
1.584218963E9	40.14694823174157
1.591032808E9	39.684858921514156
1.597846653E9	38.761611186354926
1.6032409105E9	37.17760874079622
1.606647833E9	0.0
1.611474343E9	39.668709581757355
1.618288188E9	34.03566363734739
1.625102033E9	38.49020193321431
1.631915878E9	30.12701282774863
1.638729723E9	40.55149924337057
1.645543568E9	40.07642006499121
1.652357413E9	40.2110496768857
1.659171258E9	36.326517743393744
1.665985103E9	39.89938908110676
1.672798948E9	33.32716626959478
1.679612793E9	33.98496315995078
1.686426638E9	35.57981785759776
1.693240483E9	38.80710964451777
1.700054328E9	36.38520469275309
1.706868173E9	40.80008770426818
1.713682018E9	40.35892495844207
1.720495863E9	39.29735900920672
1.727309708E9	40.32105864029966
1.734123553E9	39.98068415393925
1.740937398E9	40.41037285010751
1.747751243E9	39.30342125433257
1.754565088E9	38.80098906955815
1.759854186E9	40.870117075658214
1.7632611085E9	12.67050123253903
1.768192778E9	37.8623327116561
1.775006623E9	17.646447273847418
1.781820468E9	38.202235862786644
1.788634313E9	39.91652665275476
1.795448158E9	40.3856476328638
1.802262003E9	38.936499981738244
1.809075848E9	37.650341188525964
1.815889693E9	39.01363787273682
1.822703538E9	39.08236912324577
1.829517383E9	40.238170978654544
1.836331228E9	40.34411183059596
1.843145073E9	22.324744298251012
1.849958918E9	39.24904999789164
1.856772763E9	37.75528339117549
1.863586608E9	37.10043302095084
1.870400453E9	40.10745458154936
1.877214298E9	40.42019961591217
1.884028143E9	40.927525818565336
1.890841988E9	39.632879931576355
1.897655833E9	40.127809459045665
1.904469678E9	40.396977891930256
1.910723823E9	38.09304777900021
1.9141307455E9	0.0
1.918097368E9	33.18914208800486
1.924911213E9	36.03965323804875
1.931725058E9	35.32110177195571
1.938538903E9	37.1468113791987
1.945352748E9	41.043850450317535
1.952166593E9	38.61559629929456
1.958980438E9	38.73069632584589
1.965794283E9	38.14271445716123
1.972608128E9	38.50693352931782
1.979421973E9	36.277718759705216
1.986235818E9	39.809592500103655
1.993049663E9	30.19301751650652
1.999863508E9	40.69290829388684
2.006677353E9	40.22549185335139
2.013491198E9	41.051149930227375
2.020305043E9	38.20800499838554
2.027118888E9	40.69751438319147
2.033932733E9	39.81863217386526
2.040746578E9	39.862026817557286
2.047560423E9	39.61221189245659
2.054374268E9	39.86225202681882
2.060544391E9	39.508473421875486
2.0639513135E9	0.0
2.068001958E9	38.5284471835702
2.074815803E9	29.472393629645392
2.081629648E9	39.15396732827907
2.088443493E9	38.97195737629311
2.095257338E9	39.40408341890043
2.102071183E9	37.14478447458437
2.108885028E9	39.646083504781394
2.115698873E9	34.88746546909578
2.122512718E9	37.198735352313655
2.129326563E9	40.20387391934506
2.136140408E9	40.96340945019545
2.142954253E9	40.38743419913758
2.149768098E9	37.360279508237674
2.156581943E9	30.604258766089657
2.163395788E9	40.827090007100885
2.170209633E9	25.95836160068273
2.177023478E9	40.65486475111626
2.183837323E9	40.45620346289886
2.190651168E9	40.89693157737832
2.197465013E9	31.839426865465754
2.204278858E9	39.95961125127272
2.2082174155E9	40.12272735618677
2.211624338E9	38.036722475934695
2.217906548E9	40.00505342188853
2.224720393E9	39.710018797873744
2.231534238E9	34.30391974653268
2.238348083E9	34.70030353815967
2.245161928E9	39.278107646374586
2.251975773E9	38.16210854000207
2.258789618E9	35.41044186155131
2.265603463E9	34.81910996140592
2.272417308E9	36.746558694074274
2.279231153E9	39.883741981936794
2.286044998E9	39.09298295775081
2.292858843E9	40.34410100957881
2.299672688E9	39.98755936578171
2.306486533E9	39.409137870580274
2.313300378E9	40.023408978678475
2.320114223E9	40.505654396181725
2.326928068E9	40.92437125756171
2.333741913E9	40.493951163399736
2.3376495495E9	34.250858196847304
2.341056472E9	2.3300615349863003
2.347369603E9	36.51359811007009
2.354183448E9	40.04547866663045
2.360997293E9	40.212836266667125
2.367811138E9	40.93728097142844
2.374624983E9	30.562622872813332
2.381438828E9	39.83687824076247
2.388252673E9	39.57889806440101
2.395066518E9	32.65834142118476
2.401880363E9	40.853501078696894
2.408694208E9	40.511054417319784
2.415508053E9	36.871158005626945
2.422321898E9	37.76443857259431
2.429135743E9	35.76171234999779
2.435949588E9	40.54629368827548
2.442763433E9	40.44091978616755
2.449577278E9	40.52213778507346
2.456391123E9	40.37617741363202
2.4612717095E9	37.77078443246889
2.462753523E9	0.0
2.4646867815E9	3.782034285714286
2.470018813E9	36.9623668989089
2.476832658E9	37.13829732033244
2.483646503E9	37.41258270468853
2.490460348E9	4.492885954526299
2.497274193E9	35.69064110610828
2.504088038E9	38.412905492294044
2.510901883E9	38.306248503053126
2.517715728E9	37.13519745076416
2.524529573E9	38.49600015048489
2.531343418E9	32.60477100786389
2.538157263E9	37.20796256435903
2.544971108E9	23.21411923862796
2.551784953E9	25.99827889353904
2.558598798E9	12.929539806057075
2.565412643E9	38.93519098276316
2.572226488E9	35.56106038251552
2.579040333E9	28.05919527422343
2.585854178E9	13.053618515869372
2.592668023E9	33.59469833628067
2.599481868E9	37.16366036407523
2.606295713E9	34.08560958269554
2.613109558E9	37.55456402767708
2.619923403E9	39.85826361410638
2.626737248E9	38.11673710913648
2.631968571E9	5.794419407122455
2.6353754935E9	3.0805585392051555
2.640364938E9	2.074191135667238
2.647178783E9	1.619156189607626
2.653992628E9	1.4151536568128091
2.660806473E9	1.542199902802527
2.667620318E9	1.122710292412727
2.674434163E9	1.338846821463611
2.681248008E9	1.387355730773626
2.688061853E9	1.1039538517005167
2.694875698E9	1.347710917840272
2.701689543E9	1.1537214289450286
2.708503388E9	1.3759353486979946
2.715317233E9	1.424813744868481
2.7221309125E9	13.740830695832596
