# Position (bp)	A	C	G	T	N
0.0	18.802857752959042	27.909326873384245	31.921041523178822	21.36200990544015	0.004763945037742132
1.0	19.603064335839704	24.267016049047438	26.979196317520003	29.148809300963862	0.0019139966289889124
2.0	22.840246699061492	25.21222830409301	25.350216813972605	26.59672630808918	5.818747837159049E-4
3.0	25.445738368892567	23.53272721294161	27.04522053499994	23.975603253110876	7.106300550062328E-4
4.0	26.024163996975634	22.53185553975497	26.96839077898326	24.474834485098757	7.551991873759617E-4
5.0	26.79909245361393	23.366731955493464	25.244362648531588	24.58694813757481	0.0028648047862097955
6.0	21.87447816974184	23.28716367389895	22.983784065921114	31.853927838018738	6.462524193610688E-4
7.0	22.403756425135644	25.70824065429863	24.396808790696817	27.490567685952822	6.264439160856337E-4
8.0	21.87623865047044	25.52596033109517	24.68810025955082	27.90948038928463	2.2036959893921503E-4
9.0	27.46467302004601	22.84724900496936	24.4496380689324	25.238023927483443	4.159785687841363E-4
10.0	23.82673739887016	25.94050278339184	26.341912198016892	23.89061982193344	2.2779778766750318E-4
11.0	22.182483063234486	25.514226268967384	26.157997673293202	26.144691311217933	6.016832869913399E-4
12.0	23.0183375238222	25.21103236570776	24.772209640521226	26.997390427778495	0.001030042170322623
13.0	23.595485503444007	24.736794512727656	24.638665663564062	27.026627778613037	0.0024265416512407947
14.0	23.40480637485176	24.71555484509057	25.223796470005865	26.652279255525137	0.003563054526668881
15.0	23.31936239597317	25.043172632888812	25.249780274177418	26.381142938753893	0.0065417582067124275
16.0	23.698192592927136	24.768010237826832	25.052579195881737	26.47122458346184	0.009993389902456988
17.0	23.817296170996507	24.79783441557091	24.866847240982526	26.507399862568604	0.01062230988145205
18.0	23.551104551855392	24.900860917169357	25.003325352487366	26.535587362729547	0.009121815758337844
19.0	23.719635297722792	24.97817350545338	25.052009701412565	26.241522703416987	0.00865879199427455
20.0	23.628181914163022	24.92466083385479	25.11745947229751	26.31965734458694	0.010040435097736146
21.0	23.70460064373674	24.86183568965384	25.191548226673454	26.229387519097873	0.01262792083808985
22.0	23.75904183892636	24.74797146070082	24.835767699343368	26.641795605166614	0.015423395862835624
23.0	23.777174047612114	25.02426046438659	24.889426458653613	26.296627483466338	0.012511545881346668
24.0	23.781587621875904	25.294919081374694	24.746533998322562	26.168624358236226	0.008334940190613593
25.0	24.021570837098338	25.123085945051947	24.71838325552218	26.133275128812546	0.003684833514987206
26.0	24.375488757969247	24.65841704343508	24.420477337096138	26.54321215433604	0.002404707163503767
27.0	24.190543514183748	25.028789128844526	25.03289549288653	25.74685053270786	9.213313773369125E-4
28.0	23.44284765133333	25.730213244222654	25.935088479231993	24.89149394999572	3.566752163037034E-4
29.0	21.59432780249884	26.156982002586133	25.491330337476004	26.757228566663176	1.312907758494631E-4
30.0	22.740126001799684	24.19870952722827	22.83019701429732	30.23075190465604	2.1555201868553555E-4
31.0	25.121522058485713	24.64547486046256	25.393294144217528	24.839406615417072	3.0232141712817356E-4
32.0	24.84961965644332	24.30533905678288	25.410596101668776	25.434031259005064	4.1392609996399586E-4
33.0	28.043730114804603	23.03616046443688	23.317362479932076	25.60211955665811	6.273841683299993E-4
34.0	22.017846814396346	25.478582154853473	23.126983450948018	29.373150078002748	0.0034375017994142994
35.0	21.96648166597094	27.082127229311205	22.604973742680635	28.345733282928727	6.840791085001457E-4
36.0	21.339501385694113	26.85437474476776	24.15232071967628	27.653321975616247	4.811742455996051E-4
37.0	23.736315546598764	25.61498278090314	25.702626228024833	24.94526424007707	8.1120439619387E-4
38.0	25.944374564672007	27.38651691551537	25.623759298265025	21.043453388874514	0.0018958326730850676
39.0	19.742301263141034	31.773871735301974	28.226410951784175	20.25210282977881	0.00531321999400898
