# Position (bp)	A	C	G	T	N
0.0	23.11674709439292	24.192131920874964	28.531694855944608	24.1568109784667	0.0026151503208100093
1.0	24.433874665802392	19.792792558179436	24.474754170398818	31.29656526813388	0.002013337485477162
2.0	26.454368252994236	20.81387198281135	22.79456932851037	29.936960652601464	2.2978308258163265E-4
3.0	29.57894766788773	19.926099572231436	24.497557405832158	25.996607526336973	7.878277117084547E-4
4.0	29.318855102508422	19.768960769900254	24.93436410376829	25.97705408021443	7.65943608605442E-4
5.0	30.677037251339144	20.61634606820356	22.565552189537343	26.14057209860014	4.923923198177843E-4
6.0	22.429028212329197	21.800659017880843	21.681511018536494	34.087937329180896	8.64422072568999E-4
7.0	24.887926036983696	23.428912883105845	22.657881220528953	29.024360727051178	9.191323303265306E-4
8.0	24.473813153965388	23.22838884637294	23.11116664810165	29.186390626425883	2.4072513413313896E-4
9.0	30.52824723434176	19.97659714014164	22.947145295344573	26.547693010677037	3.173194949936832E-4
10.0	26.063113315667024	23.189106881303033	25.125248193084314	25.622411247378558	1.2036256706656948E-4
11.0	24.37860636341573	23.18301215858884	24.34676499340085	28.091310107151134	3.0637744344217684E-4
12.0	25.337863196781633	22.57497329592319	22.92076400905389	29.16630101977732	9.847846396355684E-5
13.0	26.131916935822897	21.76423292826588	22.81077450685815	29.292999034692212	7.659436086054421E-5
14.0	25.96452543118796	21.825913272861722	23.305092627748998	28.90437018973736	9.847846396355684E-5
15.0	26.042629795162608	21.94349655883421	23.482594588017534	28.53114775336703	1.313046186180758E-4
16.0	26.199582582617413	22.006380529100714	23.273743650053934	28.520030628990707	2.626092372361516E-4
17.0	26.429092113910258	21.85294014019394	23.23229515877683	28.485541282500353	1.313046186180758E-4
18.0	26.15377915482281	21.989354696886572	23.33264471355569	28.52277708393013	0.0014443508047988338
19.0	26.25293602598256	21.99166346976394	23.43985493465735	28.310698240758835	0.004847328837317298
20.0	26.245889344783386	22.070479067089437	23.31847475679649	28.354860360820716	0.010296470509967444
21.0	26.397338280307785	22.025715134192225	23.29456637415645	28.268779241265012	0.01360097007852235
22.0	26.28978885560803	21.997440872983134	23.23572002091245	28.460122896746203	0.01692735375018027
23.0	26.349816950419598	22.013646051330916	23.28192830461446	28.34422468671265	0.010384006922379493
24.0	26.291182610311342	22.20721272283225	23.334763521598415	28.160789927885467	0.006051217372530778
25.0	26.486367118734172	22.250276503005995	23.20662070813003	28.055400620491678	0.0013350496381304183
26.0	26.759504162891577	21.911805728297278	23.045748963175765	28.282153206273	7.87939362375392E-4
27.0	26.707056786868826	22.085485976147226	23.48335127825559	27.72388707372419	2.1888500416647607E-4
28.0	26.14501654942538	22.744583279657103	23.99551210185966	27.114844288956984	4.378010087154141E-5
29.0	24.15448165524597	23.13318137849376	23.693330132670958	29.018984941233803	2.1892355506896145E-5
30.0	26.01404647958901	20.917938930044144	21.268871015735726	31.79909978338661	4.379124450994641E-5
31.0	28.591552580688713	21.12609263085373	24.04550525755971	26.236794782330097	5.474856775009338E-5
32.0	27.97801007761922	21.141611052262206	23.82977567615638	27.050537481786773	6.571217541470954E-5
33.0	30.77110604741986	19.709711487565645	21.636191935203062	27.88279330954346	1.972202679763261E-4
34.0	24.782440279239754	22.70462567883568	22.61653798244519	29.894663258678868	0.0017328008005101014
35.0	24.558565323012456	23.984610122818324	21.931652029109237	29.524930739398137	2.4178566184648634E-4
36.0	23.551063328024142	23.796949868189618	24.174142789430935	28.47772216770508	1.2184665023066125E-4
37.0	25.564707072521166	22.441174096938134	25.922794589869703	26.070699068038106	6.251726328974933E-4
38.0	29.18287537752428	24.54449800835311	25.22388751838079	21.047950980609397	7.881151324273284E-4
39.0	22.181292908602828	28.407184840536665	28.659460613752675	20.74823820079267	0.0038234363151638433
