#Position (bp)	insert size
3406923.0	221.50345462920313
1.0220768E7	248.46315372424723
1.7034613E7	222.50836009301295
2.3848458E7	235.3374613003096
3.0662303E7	207.574209486166
3.7476148E7	216.86811116344796
4.4289993E7	229.07125324356548
5.1103838E7	234.9655330882353
5.7917683E7	239.99008207934335
6.4731528E7	246.60955056179776
7.1545373E7	226.1532071988925
7.8359218E7	277.0981770129441
8.5173063E7	236.67475119793588
9.1986908E7	237.54072164948454
9.8800753E7	220.29692784667418
1.05614598E8	239.40161104718067
1.12428443E8	277.29185779816515
1.19242288E8	232.77866339668915
1.26056133E8	249.61082077051927
1.300790245E8	229.3649449618967
1.33485947E8	258.84004066762685
1.39683823E8	227.2949550671768
1.46497668E8	241.58333333333334
1.53311513E8	226.97024221453287
1.60125358E8	233.27526421219866
1.66939203E8	224.90460720614294
1.73753048E8	226.68083437892096
1.80566893E8	271.2310552634953
1.87380738E8	229.95808983135748
1.94194583E8	231.91870290020552
2.01008428E8	272.81739515414955
2.07822273E8	240.20606425300036
2.14636118E8	231.63058680449984
2.21449963E8	225.49437696806118
2.28263808E8	232.81706413864612
2.35077653E8	261.36083964211974
2.41891498E8	230.99209401709402
2.48705343E8	257.3156698188502
2.52444901E8	225.4801412180053
2.558518235E8	240.96921675774135
2.62333033E8	230.67839859216895
2.69146878E8	223.64533268928872
2.75960723E8	254.4829149232915
2.82774568E8	218.80040424456797
2.89588413E8	233.6554354736173
2.96402258E8	217.50085689802913
3.03216103E8	232.07098121085596
3.10029948E8	249.05180343742435
3.16843793E8	284.36673773987206
3.23657638E8	225.56133676092546
3.30471483E8	221.30456079242407
3.37285328E8	232.5177993527508
3.44099173E8	234.26388888888889
3.50913018E8	240.19748263888889
3.57726863E8	234.34112052925366
3.64540708E8	247.43675201276565
3.704270945E8	224.86385946783776
3.73834017E8	0.0
3.78168398E8	248.49827586206897
3.84982243E8	256.5335879187641
3.91796088E8	211.52735457063713
3.98609933E8	219.8743727189781
4.05423778E8	245.56537467700258
4.12237623E8	221.36787301587302
4.19051468E8	224.40502841398313
4.25865313E8	243.85986256618227
4.32679158E8	227.75175438596492
4.39493003E8	226.53611057037182
4.46306848E8	259.8630988786952
4.53120693E8	211.84677763551002
4.59934538E8	242.78046511627906
4.66748383E8	220.22919896640826
4.73562228E8	244.18548387096774
4.80376073E8	219.47414965986394
4.87189918E8	221.96777517564402
4.91962519E8	319.2227674190383
4.953694415E8	240.82608695652175
5.00817608E8	255.3393665158371
5.07631453E8	257.3959192533102
5.14445298E8	330.8033980582524
5.21259143E8	229.03108714095262
5.28072988E8	237.8442064264849
5.34886833E8	281.76292335115863
5.41700678E8	235.7845717234262
5.48514523E8	251.51861489191353
5.55328368E8	231.95422149122808
5.62142213E8	241.2787659811006
5.68956058E8	234.47524407252442
5.75769903E8	218.49456226209898
5.82583748E8	250.56738544474393
5.89397593E8	237.9266802443992
5.96211438E8	238.36444141689373
6.03025283E8	252.65918367346939
6.09839128E8	244.5347137637028
6.15738246E8	216.50626283367558
6.191451685E8	0.0
6.23466818E8	235.93860050308712
6.30280663E8	234.45977917981074
6.37094508E8	271.0431654676259
6.43908353E8	217.65938268232722
6.50722198E8	231.544901065449
6.57536043E8	240.293893129771
6.64349888E8	263.42062415196744
6.71163733E8	256.2188328912467
6.77977578E8	220.6775054358569
6.84791423E8	236.74055415617127
6.91605268E8	254.5035311609466
6.98419113E8	236.6553511342668
7.05232958E8	229.51759897517232
7.12046803E8	222.36582430806257
7.18860648E8	241.7002317934343
7.222708485E8	0.0
7.25677771E8	240.1729176814418
7.32488338E8	222.36582667486172
7.39302183E8	241.4344388540918
7.46116028E8	243.41311427951075
7.52929873E8	230.8153932479192
7.59743718E8	220.1577581733264
7.66557563E8	214.36308181938736
7.73371408E8	216.52462562396008
7.80185253E8	232.65879017013233
7.86999098E8	251.31063122923587
7.93812943E8	246.80576441102758
8.00626788E8	242.36180308422303
8.07440633E8	241.0953282828283
8.14254478E8	235.9789090909091
8.190716475E8	253.9820788530466
8.2247857E8	229.4956340956341
8.27882168E8	228.33519428316214
8.34696013E8	233.71478611612355
8.41509858E8	250.23549673676578
8.48323703E8	250.2865045549775
8.55137548E8	287.78220353238015
8.61951393E8	219.44440868865647
8.68765238E8	223.34381342943541
8.75579083E8	247.5661713650882
8.82392928E8	226.95075757575756
8.89206773E8	250.92520325203253
8.96020618E8	258.17527190898863
9.02834463E8	218.22363923218512
9.09648308E8	225.01120721159702
9.14262198E8	280.0431034482759
9.176691205E8	226.85062611806796
9.23275998E8	220.07204438753735
9.30089843E8	244.18088284102222
9.36903688E8	221.26977128685587
9.43717533E8	232.5687685146001
9.50531378E8	229.75750237416904
9.57345223E8	231.47671285604312
9.64159068E8	221.42632197414807
9.70972913E8	212.95461139896372
9.77786758E8	229.42558409706984
9.84600603E8	220.99815498154982
9.91414448E8	238.21992433795714
9.98228293E8	215.81470025040505
1.00390351E9	229.26158680282796
1.0073104325E9	0.0
1.011855983E9	269.5009293963495
1.018669828E9	252.53138476281745
1.025483673E9	224.56787196206284
1.032297518E9	247.41709122368547
1.039111363E9	225.31583118684367
1.045925208E9	229.40756745362563
1.052739053E9	251.6390088067691
1.059552898E9	232.68070395977372
1.0652815955E9	234.34892086330936
1.068688518E9	0.0
1.073180588E9	255.73969707643536
1.079994433E9	241.55112400290065
1.086808278E9	230.46359832635983
1.093622123E9	225.40767386091127
1.100435968E9	241.3100167879127
1.107249813E9	237.64630446773305
1.114063658E9	235.81276279990107
1.120877503E9	238.1152825683205
1.127691348E9	224.1029707157205
1.134505193E9	236.1187161639598
1.141319038E9	260.7640866873065
1.148132883E9	228.36713995943205
1.154946728E9	237.5816590521275
1.161760573E9	227.99043695748125
1.168574418E9	271.3172628304821
1.175388263E9	226.5327278421547
1.182202108E9	283.6146245059289
1.189015953E9	238.76572847682118
1.195829798E9	216.85963769060342
1.202643643E9	280.6583897667419
1.209457488E9	220.31702127659574
1.216271333E9	392.0359955005624
1.223085178E9	221.65791292328956
1.229899023E9	224.31836100824273
1.236712868E9	227.73563880883765
1.243526713E9	242.7050554203839
1.250340558E9	224.85899094437258
1.257154403E9	241.52676399026765
1.2618183335E9	216.0708041958042
1.265225256E9	213.8203356367226
1.270782093E9	223.31763826606877
1.277595938E9	222.21093336158492
1.284409783E9	237.686905732138
1.291223628E9	251.72559971356964
1.298037473E9	258.48659670761424
1.304851318E9	206.55574128244416
1.311665163E9	220.87745358090186
1.318479008E9	259.427371541502
1.325292853E9	222.2435056415639
1.332106698E9	225.9906125322694
1.338920543E9	225.48559539052496
1.345734388E9	245.08940252943742
1.352548233E9	241.41585212426207
1.359362078E9	255.2191103789127
1.366175923E9	220.59276066990816
1.372989768E9	245.9568253968254
1.379803613E9	240.1524764633647
1.386617458E9	243.70401948842874
1.393431303E9	248.14228896103896
1.400245148E9	233.31603773584905
1.407058993E9	249.15695701357467
1.413872838E9	230.80602006688963
1.420686683E9	237.06967044048218
1.427500528E9	243.921675263512
1.434314373E9	233.43535721126221
1.441128218E9	248.65397170837866
1.444861853E9	244.43175614194723
1.4482687755E9	221.74329501915707
1.454755908E9	253.52164261931188
1.461569753E9	232.6553171641791
1.468383598E9	232.74784408416696
1.475197443E9	218.18010377170225
1.482011288E9	279.03490929081914
1.488825133E9	237.38524590163934
1.495638978E9	222.41477963106152
1.502452823E9	211.40015766653528
1.509266668E9	227.06928104575164
1.516080513E9	349.5359940320776
1.522894358E9	260.24844720496895
1.529708203E9	236.10914320314865
1.536522048E9	258.13307093993063
1.543335893E9	242.44559276557686
1.550149738E9	236.04921533041528
1.556963583E9	236.12980466288596
1.563777428E9	236.74916138650764
1.570591273E9	219.6329346826127
1.577405118E9	216.32921471718836
1.584218963E9	217.43545472796626
1.591032808E9	266.94302788844624
1.597846653E9	238.9041791044776
1.6032409105E9	231.2680412371134
1.606647833E9	0.0
1.611474343E9	233.43927770565324
1.618288188E9	229.70716510903426
1.625102033E9	222.73315738296986
1.631915878E9	241.8014598540146
1.638729723E9	237.4402063875645
1.645543568E9	239.1693095877043
1.652357413E9	228.5071513065921
1.659171258E9	244.6003775959723
1.665985103E9	220.95797647596208
1.672798948E9	274.7259786476868
1.679612793E9	227.76173285198556
1.686426638E9	239.9141689373297
1.693240483E9	237.46335190741536
1.700054328E9	241.70323129251702
1.706868173E9	218.96924906557933
1.713682018E9	240.21094849423022
1.720495863E9	246.84946032948307
1.727309708E9	239.9476254631189
1.734123553E9	231.02845849802372
1.740937398E9	227.8890806612551
1.747751243E9	278.1796343670057
1.754565088E9	252.05340643720174
1.759854186E9	280.2299841458581
1.7632611085E9	264.8
1.768192778E9	246.65670592371242
1.775006623E9	268.5836820083682
1.781820468E9	234.24233870967743
1.788634313E9	240.9161858487701
1.795448158E9	237.67038131041892
1.802262003E9	225.75075834175937
1.809075848E9	257.9717948717949
1.815889693E9	242.07277486910994
1.822703538E9	223.26688947242778
1.829517383E9	220.19295713667196
1.836331228E9	243.28987240829346
1.843145073E9	253.331223628692
1.849958918E9	241.37872683319904
1.856772763E9	236.76590248627704
1.863586608E9	230.41542816702054
1.870400453E9	234.46709025741285
1.877214298E9	245.89840739789366
1.884028143E9	252.91313789359393
1.890841988E9	244.43924528301886
1.897655833E9	264.41795571731876
1.904469678E9	254.4077080227486
1.910723823E9	221.52505560643726
1.9141307455E9	0.0
1.918097368E9	225.77501413227813
1.924911213E9	231.68912373403788
1.931725058E9	224.096376540904
1.938538903E9	254.73798076923077
1.945352748E9	216.05139633679227
1.952166593E9	236.41128069011282
1.958980438E9	234.0320272572402
1.965794283E9	218.6928182437032
1.972608128E9	234.75174076057846
1.979421973E9	238.87166962699823
1.986235818E9	228.65264567983925
1.993049663E9	261.3071553228621
1.999863508E9	251.71591574019894
2.006677353E9	232.49586109428628
2.013491198E9	217.91015055852355
2.020305043E9	258.4116321009919
2.027118888E9	246.60862831858407
2.033932733E9	245.77074333382987
2.040746578E9	253.86836050815245
2.047560423E9	225.64789314238502
2.054374268E9	227.60215933256993
2.060544391E9	231.64152371342078
2.0639513135E9	0.0
2.068001958E9	277.9774259747875
2.074815803E9	269.141245972073
2.081629648E9	280.1380428488709
2.088443493E9	259.1481011319158
2.095257338E9	261.76128037022755
2.102071183E9	250.9687836383208
2.108885028E9	261.2295274434987
2.115698873E9	232.65705521472393
2.122512718E9	290.2498518079431
2.129326563E9	215.44505428946425
2.136140408E9	233.99078102341
2.142954253E9	228.0520648593869
2.149768098E9	236.00528700906344
2.156581943E9	231.20931022765885
2.163395788E9	236.6808195625179
2.170209633E9	268.29823825503354
2.177023478E9	226.49845850289802
2.183837323E9	224.25854287556416
2.190651168E9	245.7258610135636
2.197465013E9	243.95915721231768
2.204278858E9	253.04763989841493
2.2082174155E9	230.06211180124222
2.211624338E9	251.58312092891532
2.217906548E9	225.07046678635547
2.224720393E9	230.26948457285536
2.231534238E9	225.39578969417678
2.238348083E9	255.78313253012047
2.245161928E9	221.66559226430297
2.251975773E9	270.25572139303483
2.258789618E9	219.46488178025035
2.265603463E9	239.94323557237465
2.272417308E9	275.57572443958446
2.279231153E9	266.0855552979365
2.286044998E9	229.5532972972973
2.292858843E9	235.65690423162584
2.299672688E9	254.6448992105465
2.306486533E9	269.8589494163424
2.313300378E9	251.84532220992594
2.320114223E9	230.62722478576137
2.326928068E9	219.19647453018015
2.333741913E9	235.2404062725766
2.3376495495E9	233.52289156626506
2.341056472E9	792.1910910264687
2.347369603E9	242.45019011406845
2.354183448E9	215.21117697725086
2.360997293E9	260.61770690129225
2.367811138E9	230.26875981161695
2.374624983E9	238.57882241215574
2.381438828E9	261.3394936952546
2.388252673E9	266.9073190135243
2.395066518E9	249.39478921657317
2.401880363E9	254.87550163322445
2.408694208E9	248.0960380792384
2.415508053E9	239.89606533036377
2.422321898E9	250.37562688064193
2.429135743E9	248.60230179028133
2.435949588E9	216.6898593634345
2.442763433E9	268.2640992355402
2.449577278E9	253.19700149925038
2.456391123E9	243.36805031446542
2.4612717095E9	238.2827078218169
2.462753523E9	0.0
2.4646867815E9	242.20289855072463
2.470018813E9	264.63829103758434
2.476832658E9	250.0301602262017
2.483646503E9	265.1291324606168
2.490460348E9	288.63157894736844
2.497274193E9	238.83185146443515
2.504088038E9	236.0548902195609
2.510901883E9	251.96444249341528
2.517715728E9	243.8252688172043
2.524529573E9	234.1218905472637
2.531343418E9	247.94238059135708
2.538157263E9	258.96642161732564
2.544971108E9	260.23718712753276
2.551784953E9	249.97336561743342
2.558598798E9	245.20529110132958
2.565412643E9	311.8491171749599
2.572226488E9	220.95419553502694
2.579040333E9	275.06920415224914
2.585854178E9	263.3401109057301
2.592668023E9	227.4372340425532
2.599481868E9	249.37310924369748
2.606295713E9	233.3426724137931
2.613109558E9	317.67421224194135
2.619923403E9	214.6547511765295
2.626737248E9	244.46132208157525
2.631968571E9	543.5624557260921
2.6353754935E9	263.1290322580645
2.640364938E9	206.03205128205127
2.647178783E9	219.21678321678323
2.653992628E9	240.82954545454547
2.660806473E9	224.05357142857142
2.667620318E9	225.0810810810811
2.674434163E9	201.94444444444446
2.681248008E9	222.71917808219177
2.688061853E9	219.6153846153846
2.694875698E9	226.03468208092485
2.701689543E9	203.256
2.708503388E9	217.09032258064516
2.715317233E9	228.11827956989248
2.7221309125E9	424.69086251067466
