#Position (bp)	mapping quality
3406923.0	37.11691486356377
1.0220768E7	37.76071375390877
1.7034613E7	40.30252747496972
2.3848458E7	36.587134359160146
3.0662303E7	38.9339322577611
3.7476148E7	40.586674012950766
4.4289993E7	40.22955856977481
5.1103838E7	36.360706208674536
5.7917683E7	40.04295600059136
6.4731528E7	40.15227933519954
7.1545373E7	35.620225184775855
7.8359218E7	40.29428060040423
8.5173063E7	38.4420959332542
9.1986908E7	39.87469917506402
9.8800753E7	39.37387325336611
1.05614598E8	36.39788634422942
1.12428443E8	38.29360873874293
1.19242288E8	36.562571994655116
1.26056133E8	40.29866787318022
1.300790245E8	34.080221607821954
1.33485947E8	35.56962517262418
1.39683823E8	40.471111083830976
1.46497668E8	29.797320492587005
1.53311513E8	40.625666822896264
1.60125358E8	40.02238613872467
1.66939203E8	39.92354178773991
1.73753048E8	39.9925001677594
1.80566893E8	39.31880206216579
1.87380738E8	40.76350031376046
1.94194583E8	40.444793365998464
2.01008428E8	40.74195494215588
2.07822273E8	40.667664044831334
2.14636118E8	39.66509871655866
2.21449963E8	37.15733891793395
2.28263808E8	40.892042895509825
2.35077653E8	39.47732550677266
2.41891498E8	40.4571487444071
2.48705343E8	40.820388686416614
2.52444901E8	41.04534606205251
2.558518235E8	39.46678762998832
2.62333033E8	37.516902534075584
2.69146878E8	37.1923831078834
2.75960723E8	34.81118051435949
2.82774568E8	40.22667468405173
2.89588413E8	34.595095674800874
2.96402258E8	36.973104872802
3.03216103E8	34.967315352968065
3.10029948E8	25.152734031807885
3.16843793E8	34.25253417158196
3.23657638E8	39.930828110717314
3.30471483E8	39.4270049894564
3.37285328E8	40.57711724277466
3.44099173E8	32.076391144938974
3.50913018E8	36.73204257953531
3.57726863E8	40.37615895742028
3.64540708E8	40.465273503119
3.704270945E8	38.77396007111949
3.73834017E8	0.0
3.78168398E8	35.34561218107706
3.84982243E8	37.06336835706843
3.91796088E8	40.303794296199115
3.98609933E8	40.180197209641804
4.05423778E8	39.37250530068306
4.12237623E8	40.41344511672497
4.19051468E8	40.74432434638943
4.25865313E8	40.09732392688122
4.32679158E8	33.91793677790805
4.39493003E8	35.366770374442645
4.46306848E8	39.66469551033682
4.53120693E8	36.26331830761881
4.59934538E8	29.953730648352927
4.66748383E8	39.8963795497228
4.73562228E8	31.69819533230325
4.80376073E8	39.28139819337115
4.87189918E8	40.159564024408084
4.91962519E8	31.770466282833773
4.953694415E8	2.283500455788514
5.00817608E8	33.554092722326374
5.07631453E8	38.19619156121577
5.14445298E8	33.64644677850181
5.21259143E8	40.343236720086566
5.28072988E8	37.94964963627752
5.34886833E8	13.51813563853489
5.41700678E8	36.9040713618999
5.48514523E8	39.68655469318256
5.55328368E8	39.925927134741805
5.62142213E8	33.186987132799224
5.68956058E8	39.69419708443276
5.75769903E8	38.637357448114656
5.82583748E8	30.255222952417768
5.89397593E8	35.41743664455776
5.96211438E8	35.02897710808461
6.03025283E8	16.530388864679193
6.09839128E8	32.593441303539024
6.15738246E8	40.0675525683321
6.191451685E8	0.0
6.23466818E8	38.59051832688478
6.30280663E8	39.24990324760087
6.37094508E8	21.151880787909867
6.43908353E8	38.78947242664628
6.50722198E8	37.711806008434415
6.57536043E8	36.375203585482126
6.64349888E8	26.769140942323315
6.71163733E8	31.28243567469182
6.77977578E8	40.1294805005353
6.84791423E8	37.30405437197752
6.91605268E8	39.7970846880322
6.98419113E8	40.07478743503758
7.05232958E8	40.436405404193245
7.12046803E8	38.77729039556181
7.18860648E8	40.32909879749997
7.222708485E8	0.0
7.25677771E8	39.884963823005414
7.32488338E8	38.91967857869397
7.39302183E8	39.387562468853645
7.46116028E8	40.00100576208431
7.52929873E8	39.9948337870328
7.59743718E8	39.519319002713836
7.66557563E8	40.222707416335815
7.73371408E8	38.878211360111585
7.80185253E8	36.16901080789083
7.86999098E8	25.63146376539736
7.93812943E8	30.74992205038663
8.00626788E8	34.970449181322465
8.07440633E8	34.55232043500253
8.14254478E8	39.968496949865276
8.190716475E8	37.2219837885113
8.2247857E8	37.48477370958358
8.27882168E8	35.460919738282065
8.34696013E8	36.7360333416484
8.41509858E8	37.794621680497336
8.48323703E8	40.594291714490346
8.55137548E8	34.43511001161019
8.61951393E8	33.151028287985056
8.68765238E8	40.53337165683013
8.75579083E8	39.745542965192186
8.82392928E8	37.46214820691417
8.89206773E8	36.117339950692084
8.96020618E8	40.220728631232284
9.02834463E8	39.221633066735
9.09648308E8	39.97376765112709
9.14262198E8	26.385868095006224
9.176691205E8	36.21068734800004
9.23275998E8	38.92999001750677
9.30089843E8	38.37908862987315
9.36903688E8	37.14139460421398
9.43717533E8	35.524309736569705
9.50531378E8	40.09665231521017
9.57345223E8	40.008612052559165
9.64159068E8	38.9065836533863
9.70972913E8	40.543618291705165
9.77786758E8	40.494718781143064
9.84600603E8	39.86573387365777
9.91414448E8	40.04499224080986
9.98228293E8	39.41193404048938
1.00390351E9	33.80936560203575
1.0073104325E9	0.0
1.011855983E9	39.6096412042026
1.018669828E9	37.94978155513644
1.025483673E9	34.77800023817321
1.032297518E9	40.66577646750713
1.039111363E9	37.243108244037884
1.045925208E9	39.72336924135373
1.052739053E9	40.85596172840307
1.059552898E9	40.351248507832956
1.0652815955E9	38.458292613928606
1.068688518E9	0.0
1.073180588E9	33.99579414272524
1.079994433E9	26.551868878672796
1.086808278E9	31.908254485452304
1.093622123E9	24.226825011534835
1.100435968E9	35.547977573647636
1.107249813E9	40.999562144835245
1.114063658E9	37.50000308407814
1.120877503E9	39.43484666395187
1.127691348E9	38.99519041789366
1.134505193E9	37.693249990323956
1.141319038E9	38.792846171291906
1.148132883E9	38.60844266344623
1.154946728E9	39.26200495790735
1.161760573E9	38.332865495361624
1.168574418E9	23.86218840607912
1.175388263E9	37.4493279916282
1.182202108E9	17.732432365535505
1.189015953E9	38.5323790822654
1.195829798E9	39.85258406002971
1.202643643E9	40.23624578162689
1.209457488E9	35.87937201059105
1.216271333E9	36.3122243831572
1.223085178E9	39.38079982451887
1.229899023E9	40.165898762513095
1.236712868E9	40.111755140957996
1.243526713E9	34.05931674278773
1.250340558E9	40.786743386747766
1.257154403E9	38.643631816673896
1.2618183335E9	38.37910562414266
1.265225256E9	40.87249982780271
1.270782093E9	36.99221049391066
1.277595938E9	39.86538081383393
1.284409783E9	38.50106084074171
1.291223628E9	40.8892871216192
1.298037473E9	40.82505095573065
1.304851318E9	40.36730163805758
1.311665163E9	38.736049501501306
1.318479008E9	36.296502787633045
1.325292853E9	40.800640158346305
1.332106698E9	40.382403123234916
1.338920543E9	31.042904078852473
1.345734388E9	34.25376095582784
1.352548233E9	40.24056276579389
1.359362078E9	22.70652194880434
1.366175923E9	40.746710388820645
1.372989768E9	37.64386692324479
1.379803613E9	39.453557951827264
1.386617458E9	37.10603107646305
1.393431303E9	40.53198438531145
1.400245148E9	34.86207201020308
1.407058993E9	39.32881570033309
1.413872838E9	39.293362741335514
1.420686683E9	40.60178807909054
1.427500528E9	40.66849970565445
1.434314373E9	41.102091588022
1.441128218E9	32.73818855341567
1.444861853E9	39.84944781998306
1.4482687755E9	19.92627282593309
1.454755908E9	27.716113387406974
1.461569753E9	34.42144296560127
1.468383598E9	35.93741556878945
1.475197443E9	40.57311986916927
1.482011288E9	39.28833119113993
1.488825133E9	33.6044967569825
1.495638978E9	39.521753850660964
1.502452823E9	39.91817477294384
1.509266668E9	34.093691716044695
1.516080513E9	37.02582858202383
1.522894358E9	29.94847654912701
1.529708203E9	40.17357645807669
1.536522048E9	38.4464906779512
1.543335893E9	39.36295694617992
1.550149738E9	40.07113513916991
1.556963583E9	35.34663510314508
1.563777428E9	36.00669199190088
1.570591273E9	37.77514476478587
1.577405118E9	40.57860334931721
1.584218963E9	39.41910214599591
1.591032808E9	38.69620297132876
1.597846653E9	38.105530518436936
1.6032409105E9	35.93877632418634
1.606647833E9	0.0
1.611474343E9	38.811080564717834
1.618288188E9	30.543802652106084
1.625102033E9	37.94864242629156
1.631915878E9	25.995371640780785
1.638729723E9	40.33180136398906
1.645543568E9	37.97042519483916
1.652357413E9	40.14263825737975
1.659171258E9	31.895713643993663
1.665985103E9	39.97638098663002
1.672798948E9	22.170367415680538
1.679612793E9	31.465090018880026
1.686426638E9	33.58850453004517
1.693240483E9	36.049800711667714
1.700054328E9	32.80414420735921
1.706868173E9	38.76395488074591
1.713682018E9	40.66309205982069
1.720495863E9	38.655057960846015
1.727309708E9	39.942113772530725
1.734123553E9	39.953110373196
1.740937398E9	40.85046293790322
1.747751243E9	39.31718556493188
1.754565088E9	35.50798258714049
1.759854186E9	40.75111369695286
1.7632611085E9	12.746835443037975
1.768192778E9	36.782553130856996
1.775006623E9	14.83124475671141
1.781820468E9	35.96723166683432
1.788634313E9	39.98870299394686
1.795448158E9	40.71894677226592
1.802262003E9	37.964559097547465
1.809075848E9	30.063619280127206
1.815889693E9	37.16410923617059
1.822703538E9	38.47817975920849
1.829517383E9	40.16139128996534
1.836331228E9	39.08899237449746
1.843145073E9	18.10450640940928
1.849958918E9	35.99655056072272
1.856772763E9	34.78590542359493
1.863586608E9	38.3985701360677
1.870400453E9	39.81834945429303
1.877214298E9	40.611159633374925
1.884028143E9	40.49135658233225
1.890841988E9	39.4478273199937
1.897655833E9	39.481893836302035
1.904469678E9	40.262732879630065
1.910723823E9	39.621713867051746
1.9141307455E9	0.0
1.918097368E9	28.31306988683611
1.924911213E9	35.46005143993259
1.931725058E9	37.57286679116528
1.938538903E9	31.564488683421928
1.945352748E9	40.74951726826484
1.952166593E9	39.12524209274436
1.958980438E9	37.54212494078181
1.965794283E9	40.367130013390295
1.972608128E9	37.39059985516575
1.979421973E9	35.837260325712634
1.986235818E9	39.59668481439217
1.993049663E9	25.378852215023638
1.999863508E9	40.509502516052784
2.006677353E9	40.1591088148844
2.013491198E9	36.754670475363994
2.020305043E9	39.15977055578743
2.027118888E9	39.803755620206296
2.033932733E9	38.591790149367945
2.040746578E9	39.76847956261715
2.047560423E9	39.47778628613609
2.054374268E9	39.23002151662583
2.060544391E9	39.295020530330184
2.0639513135E9	0.0
2.068001958E9	38.97591493390627
2.074815803E9	30.74169081994745
2.081629648E9	38.84909905333105
2.088443493E9	39.462119502080185
2.095257338E9	39.07081777070933
2.102071183E9	36.09573907046558
2.108885028E9	39.31153285314978
2.115698873E9	35.44122725258606
2.122512718E9	36.81385153477103
2.129326563E9	39.57865268463147
2.136140408E9	40.31609789102164
2.142954253E9	40.48994912873467
2.149768098E9	31.152857914333627
2.156581943E9	39.12638557344124
2.163395788E9	40.99046009727591
2.170209633E9	31.797803070684267
2.177023478E9	40.22194025823858
2.183837323E9	40.753075676487846
2.190651168E9	41.071931756843696
2.197465013E9	38.23012557377712
2.204278858E9	39.74333450545695
2.2082174155E9	41.18047681913489
2.211624338E9	40.60820992343003
2.217906548E9	38.756308299281386
2.224720393E9	38.92516246524168
2.231534238E9	32.089774141963446
2.238348083E9	32.81169510181618
2.245161928E9	38.33294605976446
2.251975773E9	34.899272788349684
2.258789618E9	38.78926126627641
2.265603463E9	30.218239954185357
2.272417308E9	35.43476894488017
2.279231153E9	40.07591620616574
2.286044998E9	38.961976455036485
2.292858843E9	40.45088002468002
2.299672688E9	40.401686851335114
2.306486533E9	39.422866574160395
2.313300378E9	40.03751519706683
2.320114223E9	40.92555007574228
2.326928068E9	41.240717701724776
2.333741913E9	40.233841532074734
2.3376495495E9	33.664028384279476
2.341056472E9	10.251453825600802
2.347369603E9	32.87466883458467
2.354183448E9	39.895099132751106
2.360997293E9	40.16309536904631
2.367811138E9	40.8697349606715
2.374624983E9	33.118931410829376
2.381438828E9	38.435022818636945
2.388252673E9	39.39627590866636
2.395066518E9	40.07297501344943
2.401880363E9	40.43771563285078
2.408694208E9	40.30447573754606
2.415508053E9	39.59133312712651
2.422321898E9	33.59831372302271
2.429135743E9	25.034236599068457
2.435949588E9	40.44734304082092
2.442763433E9	40.52479936921465
2.449577278E9	40.73596108198281
2.456391123E9	40.06383760938899
2.4612717095E9	39.435162048260175
2.462753523E9	0.0
2.4646867815E9	3.5204880713895466
2.470018813E9	35.74060545953726
2.476832658E9	31.30189882386283
2.483646503E9	37.135859808301404
2.490460348E9	3.951457591346788
2.497274193E9	34.020250038284466
2.504088038E9	37.26736098103123
2.510901883E9	35.49028726418202
2.517715728E9	34.79084304639646
2.524529573E9	29.041761295875723
2.531343418E9	31.118826354808395
2.538157263E9	35.44714999156068
2.544971108E9	19.176878612716763
2.551784953E9	25.09199099874647
2.558598798E9	11.852886843075074
2.565412643E9	37.792638769644256
2.572226488E9	35.277898754500576
2.579040333E9	17.775072287323088
2.585854178E9	12.580895605157355
2.592668023E9	34.0281213133442
2.599481868E9	35.25269497055269
2.606295713E9	34.83204022833465
2.613109558E9	37.65404475821963
2.619923403E9	40.00478242346936
2.626737248E9	36.33685748516992
2.631968571E9	5.364732055618188
2.6353754935E9	2.8486047691527143
2.640364938E9	1.760948007216664
2.647178783E9	1.1771580345285524
2.653992628E9	1.3540239726027397
2.660806473E9	1.0
2.667620318E9	1.102540298759389
2.674434163E9	1.853127196064652
2.681248008E9	0.9862074873640024
2.688061853E9	1.0
2.694875698E9	0.9942356959863364
2.701689543E9	1.2232151924443992
2.708503388E9	1.2813488759367193
2.715317233E9	1.3644193244516216
2.7221309125E9	12.120642174418766
