# Position (bp)	A	C	G	T	N
0.0	22.509667059470083	26.31889142244158	29.899864852725138	21.269215221044398	0.0023614443187943224
1.0	25.931697122142488	19.814648088650273	24.94839501051586	29.303195579112018	0.0020641995793656666
2.0	26.87209690971158	21.625908908358788	24.8059982667329	26.69574821124721	2.4770394952388E-4
3.0	29.8026327957387	20.55823883152432	25.444496480622288	24.193674103509867	9.577886048256693E-4
4.0	29.43788047326647	20.481434093575285	25.79560857227407	24.28441631701878	6.605438653970133E-4
5.0	30.803901700504127	21.268455595599193	23.224639739375814	24.70224333907566	7.596254452065653E-4
6.0	22.51500095118317	22.709531119542586	22.435999904881683	32.33879096693053	6.770574620319386E-4
7.0	24.81143124002579	24.342610231560258	23.401450818545957	27.44388019319587	6.275166721271626E-4
8.0	24.3776190564263	24.101462179900444	23.913917262917593	27.60675379680614	2.4770394952388E-4
9.0	30.524706322197442	20.6683019530961	23.682644342045467	25.123934542745115	4.128399158731333E-4
10.0	25.9899075502806	23.947671054439386	25.86347945444361	24.198842859256597	9.9081579809552E-5
11.0	24.467188804574132	23.904521026432324	24.966246208478214	26.661697174986	3.4678552933343197E-4
12.0	25.383016360350457	23.36528604191547	23.67111785159429	27.58053020534988	4.9540789904776E-5
13.0	26.1766267874317	22.597668015937604	23.528605512634883	27.69705014320591	4.9540789904776E-5
14.0	25.94302544943405	22.703288980014584	24.08673205170209	27.266870950866107	8.256798317462666E-5
15.0	26.025362242255785	22.815053002039758	24.17367613798497	26.985776508946408	1.3210877307940266E-4
16.0	26.18414047390059	22.85394252211501	24.03947013813293	26.92203402593559	4.128399158731333E-4
17.0	26.40060069859119	22.708887089273823	23.950065525951448	26.940347604603726	9.9081579809552E-5
18.0	26.057349078937637	22.851993917712086	24.12941969900337	26.960064838985826	0.0011724653610796986
19.0	26.163746182056457	22.864560764751264	24.16421384711316	26.802805858231434	0.004673347847683869
20.0	26.111298999143933	22.96854688276139	24.04247561272049	26.868331809678818	0.009346695695367738
21.0	26.34831865164502	22.82575381265919	24.036316041175663	26.776565753178538	0.013045741341591012
22.0	26.196855943309483	22.894268725097497	23.97077357613164	26.9217532947928	0.01634846066857608
23.0	26.267319460150713	22.902277819465436	23.960138819898752	26.860041984168088	0.01022191631701878
24.0	26.205808092276307	23.10506080626828	24.075586350581855	26.607517052194417	0.006027698679141305
25.0	26.382399435585462	23.104431882815284	23.977510617453913	26.534386413886818	0.0012716502585248459
26.0	26.638200282384684	22.81224952975799	23.831694897702853	26.7170625386776	7.927514768712279E-4
27.0	26.580735969810572	22.903463483527894	24.21528270633302	26.30027009354423	2.477467842880311E-4
28.0	26.012809623999743	23.558644761866063	24.734357878615796	25.694105148196343	8.258732205322654E-5
29.0	24.106749207881524	23.98601318895228	24.381837034291244	27.525400568874954	0.0
30.0	25.95869041768027	21.847358573947954	22.06770938737749	30.12615901835018	8.260264411063799E-5
31.0	28.400869478438505	22.02260141657045	24.70710618198112	24.869373355601216	4.956740870178991E-5
32.0	27.882787204628972	21.967385294464663	24.530944245397848	25.618883255508518	0.0
33.0	30.60185957232514	20.429248275895123	22.20595184125162	26.76282461820293	1.1569232518600435E-4
34.0	24.638022829277713	23.685954260766405	23.34849465771624	28.32572621928195	0.0018020329576948792
35.0	24.390204329768626	25.042043741384717	22.669697281750846	27.897855976138292	1.9867095751785805E-4
36.0	23.099366479076995	25.071080697963428	25.003408577295627	26.826044360614993	9.988504895615961E-5
37.0	24.135403328465184	24.47185622088462	26.76877227673161	24.62338869981179	5.794741067960553E-4
38.0	28.588342451718567	25.19537501025315	25.37658397302449	20.839150588552396	5.479764513969718E-4
39.0	20.531351621853304	29.66231176737837	30.502826127125893	19.299751062479807	0.0037594211626329143
