# Position (bp)	A	C	G	T	N
0.0	15.726618640774964	31.73974015997713	31.79851624718517	20.730722012196605	0.004402939866121978
1.0	17.18338922890071	25.180754374857955	29.3570123579778	28.277057582279568	0.0017864559839576252
2.0	20.336218600192076	27.013388560665053	26.978240881848603	25.671654783223257	4.97174071007075E-4
3.0	23.061027443081787	25.038486750437407	29.1033693149725	22.796526623966436	5.898675418728009E-4
4.0	23.5947101015912	24.199783586025568	28.70466099006233	23.500133267931066	7.120543898321666E-4
5.0	23.83502213815018	25.452177710911144	27.2851826706017	23.42537598367786	0.002241496659116643
6.0	18.716029422930056	25.28731815963686	24.745845036235142	31.25021330031648	5.940808814576065E-4
7.0	19.285942588529217	28.150960755185505	26.24001743985521	26.32247249552986	6.067209002120237E-4
8.0	18.85439970823466	27.51151063307871	26.864590259888054	26.7693266518756	1.7274692297703453E-4
9.0	24.392577578747108	24.961365782677124	26.611406470897492	24.034334167209416	3.1600046886042903E-4
10.0	20.611345461740306	28.59664360312667	27.89333610627256	22.89853578865417	1.3904020629858875E-4
11.0	18.957702368174928	27.44319554505067	28.569438069427576	25.029032016409104	6.320009377208581E-4
12.0	19.814017292051254	27.466550086369246	26.704192635234087	26.014106597997095	0.0011333883483127386
13.0	20.581611924290332	26.81542058693337	26.6474810844226	25.953451361334235	0.0020350430194611626
14.0	20.440427128143078	26.78209307081756	27.38431833769259	25.389782364999753	0.003379098347014187
15.0	20.320810417330442	27.177148430307696	27.3839854838654	25.11259096705497	0.005464701441493019
16.0	20.67331526035363	26.901440127896763	27.25683532187513	25.159910983931923	0.008498305942553137
17.0	20.673521713993285	26.91392003974696	27.06713813374842	25.336041218595557	0.009378893915777533
18.0	20.259375712844392	26.975784504870663	27.23230947215197	25.52476091193859	0.007769398194381748
19.0	20.53004064777231	27.034821819132958	27.398424598622523	25.028555909036022	0.008157025436183874
20.0	20.564590032367715	26.909361206316202	27.48005805307814	25.035352025786313	0.010638682451634443
21.0	20.523459411340845	26.866191328930284	27.805702856248182	24.790700249454982	0.013946154025706932
22.0	20.72264925355212	26.606877130843827	27.20489748481323	25.44858794558489	0.016988185205936663
23.0	20.820963319423978	26.964269447785387	27.176402669201188	25.02476811674928	0.013596446840168058
24.0	20.719638814124522	27.3085194523289	26.993953619542243	24.968289547704853	0.009598566299484286
25.0	21.094348528936035	26.933853477682966	27.076938402310763	24.890738462071347	0.004121128998880426
26.0	21.32319622047483	26.437944598738344	26.730835886188625	25.505507488106282	0.0025158064919185512
27.0	21.226012981879144	26.97447284821687	27.51236700569696	24.286270579717353	8.765844896803248E-4
28.0	20.34977799643697	27.727308724733497	28.508003798803035	23.41447957953709	4.2990048941641895E-4
29.0	18.74571344015209	27.907674893222485	27.979568755692846	25.36692067113359	1.2223979899393274E-4
30.0	19.58397414296003	26.09577339473526	25.03787309791844	29.28219807774608	1.8128664019066633E-4
31.0	22.075451593276597	26.632018445804906	27.742980052001005	23.549267391011654	2.8251790583728797E-4
32.0	21.779021900158504	26.082403763205903	27.998379784214723	24.13986980071464	3.247517062328119E-4
33.0	24.855706116664795	24.650821313572575	25.627909365258823	24.86505262760804	5.105768957709591E-4
34.0	19.010357238234217	27.213024384171174	25.247533365506154	28.52538575712516	0.003699254963293763
35.0	19.058110189922992	28.803761027656215	24.33894164127805	27.798586127054207	6.01014088532084E-4
36.0	18.321439268426058	28.425761915217944	26.109765322941364	27.142611639992676	4.218534219577774E-4
37.0	20.579794082288426	27.38667934117029	27.79706619154409	24.235733049902024	7.27335095168313E-4
38.0	23.02818658391061	29.523379161664643	27.568134980263704	19.87860357303069	0.0016957011303534973
39.0	17.76910981426205	31.375369885888922	32.56164444017325	18.288330636109094	0.005545223566686882
