#Coverage	Number of genomic locations
0.0	2.511948163E9
1.0	1.0027498E8
2.0	3.8448347E7
3.0	2.2278722E7
4.0	1.4541596E7
5.0	9879845.0
6.0	6875587.0
7.0	4877716.0
8.0	3533327.0
9.0	2614138.0
10.0	1963875.0
11.0	1495901.0
12.0	1158920.0
13.0	915198.0
14.0	725858.0
15.0	586367.0
16.0	474142.0
17.0	388620.0
18.0	321830.0
19.0	269886.0
20.0	228007.0
21.0	193458.0
22.0	166631.0
23.0	141816.0
24.0	122577.0
25.0	105899.0
26.0	92507.0
27.0	81271.0
28.0	71760.0
29.0	63485.0
30.0	56022.0
31.0	49979.0
32.0	44757.0
33.0	40997.0
34.0	36839.0
35.0	33165.0
36.0	29699.0
37.0	27013.0
38.0	24489.0
39.0	22515.0
40.0	20501.0
41.0	18971.0
42.0	17194.0
43.0	15846.0
44.0	14622.0
45.0	13452.0
46.0	12368.0
47.0	11441.0
48.0	10612.0
49.0	10213.0
50.0	9253.0
51.0	8634.0
52.0	8015.0
53.0	7462.0
54.0	7123.0
55.0	6486.0
56.0	6092.0
57.0	5680.0
58.0	5149.0
59.0	4872.0
60.0	4418.0
61.0	4249.0
62.0	3978.0
63.0	3813.0
64.0	3624.0
65.0	3340.0
66.0	3118.0
67.0	3027.0
68.0	2842.0
69.0	2602.0
70.0	2471.0
71.0	2212.0
72.0	2111.0
73.0	2057.0
74.0	1851.0
75.0	1706.0
76.0	1666.0
77.0	1577.0
78.0	1464.0
79.0	1339.0
80.0	1282.0
81.0	1221.0
82.0	1112.0
83.0	1046.0
84.0	1007.0
85.0	949.0
86.0	927.0
87.0	883.0
88.0	769.0
89.0	742.0
90.0	665.0
91.0	701.0
92.0	609.0
93.0	615.0
94.0	603.0
95.0	502.0
96.0	489.0
97.0	492.0
98.0	430.0
99.0	439.0
100.0	444.0
101.0	434.0
102.0	374.0
103.0	422.0
104.0	361.0
105.0	381.0
106.0	327.0
107.0	331.0
108.0	290.0
109.0	305.0
110.0	288.0
111.0	280.0
112.0	260.0
113.0	278.0
114.0	290.0
115.0	233.0
116.0	235.0
117.0	189.0
118.0	246.0
119.0	180.0
120.0	199.0
121.0	187.0
122.0	206.0
123.0	209.0
124.0	192.0
125.0	173.0
126.0	192.0
127.0	176.0
128.0	167.0
129.0	174.0
130.0	153.0
131.0	160.0
132.0	184.0
133.0	174.0
134.0	205.0
135.0	132.0
136.0	159.0
137.0	152.0
138.0	126.0
139.0	140.0
140.0	126.0
141.0	166.0
142.0	122.0
143.0	114.0
144.0	122.0
145.0	130.0
146.0	112.0
147.0	117.0
148.0	104.0
149.0	121.0
150.0	125.0
151.0	96.0
152.0	101.0
153.0	93.0
154.0	99.0
155.0	104.0
156.0	113.0
157.0	112.0
158.0	128.0
159.0	98.0
160.0	100.0
161.0	80.0
162.0	103.0
163.0	73.0
164.0	100.0
165.0	85.0
166.0	89.0
167.0	92.0
168.0	103.0
169.0	75.0
170.0	103.0
171.0	85.0
172.0	106.0
173.0	111.0
174.0	72.0
175.0	82.0
176.0	91.0
177.0	70.0
178.0	70.0
179.0	88.0
180.0	82.0
181.0	94.0
182.0	86.0
183.0	80.0
184.0	73.0
185.0	73.0
186.0	67.0
187.0	75.0
188.0	70.0
189.0	95.0
190.0	78.0
191.0	77.0
192.0	86.0
193.0	83.0
194.0	71.0
195.0	61.0
196.0	73.0
197.0	70.0
198.0	73.0
199.0	64.0
200.0	50.0
201.0	55.0
202.0	64.0
203.0	67.0
204.0	103.0
205.0	70.0
206.0	72.0
207.0	74.0
208.0	72.0
209.0	73.0
210.0	87.0
211.0	60.0
212.0	72.0
213.0	58.0
214.0	50.0
215.0	63.0
216.0	57.0
217.0	86.0
218.0	61.0
219.0	48.0
220.0	48.0
221.0	62.0
222.0	53.0
223.0	69.0
224.0	69.0
225.0	64.0
226.0	65.0
227.0	68.0
228.0	51.0
229.0	50.0
230.0	63.0
231.0	59.0
232.0	50.0
233.0	61.0
234.0	62.0
235.0	70.0
236.0	77.0
237.0	43.0
238.0	58.0
239.0	59.0
240.0	65.0
241.0	45.0
242.0	54.0
243.0	77.0
244.0	54.0
245.0	47.0
246.0	70.0
247.0	50.0
248.0	64.0
249.0	61.0
250.0	52.0
251.0	54.0
252.0	44.0
253.0	50.0
254.0	43.0
255.0	71.0
256.0	57.0
257.0	48.0
258.0	46.0
259.0	65.0
260.0	50.0
261.0	48.0
262.0	55.0
263.0	63.0
264.0	34.0
265.0	47.0
266.0	54.0
267.0	55.0
268.0	61.0
269.0	53.0
270.0	53.0
271.0	55.0
272.0	50.0
273.0	52.0
274.0	51.0
275.0	45.0
276.0	40.0
277.0	47.0
278.0	61.0
279.0	52.0
280.0	52.0
281.0	36.0
282.0	49.0
283.0	49.0
284.0	47.0
285.0	52.0
286.0	55.0
287.0	52.0
288.0	53.0
289.0	57.0
290.0	44.0
291.0	48.0
292.0	55.0
293.0	37.0
294.0	46.0
295.0	36.0
296.0	40.0
297.0	43.0
298.0	50.0
299.0	39.0
300.0	51.0
301.0	38.0
302.0	48.0
303.0	47.0
304.0	44.0
305.0	54.0
306.0	49.0
307.0	44.0
308.0	47.0
309.0	52.0
310.0	60.0
311.0	43.0
312.0	57.0
313.0	45.0
314.0	41.0
315.0	64.0
316.0	42.0
317.0	39.0
318.0	45.0
319.0	48.0
320.0	37.0
321.0	38.0
322.0	57.0
323.0	47.0
324.0	64.0
325.0	46.0
326.0	45.0
327.0	37.0
328.0	43.0
329.0	43.0
330.0	43.0
331.0	46.0
332.0	38.0
333.0	40.0
334.0	46.0
335.0	48.0
336.0	41.0
337.0	45.0
338.0	35.0
339.0	56.0
340.0	38.0
341.0	42.0
342.0	54.0
343.0	50.0
344.0	41.0
345.0	41.0
346.0	43.0
347.0	60.0
348.0	36.0
349.0	52.0
350.0	51.0
351.0	41.0
352.0	48.0
353.0	41.0
354.0	38.0
355.0	45.0
356.0	43.0
357.0	39.0
358.0	39.0
359.0	45.0
360.0	35.0
361.0	47.0
362.0	40.0
363.0	33.0
364.0	37.0
365.0	36.0
366.0	44.0
367.0	34.0
368.0	41.0
369.0	41.0
370.0	29.0
371.0	46.0
372.0	32.0
373.0	40.0
374.0	37.0
375.0	33.0
376.0	36.0
377.0	38.0
378.0	43.0
379.0	30.0
380.0	37.0
381.0	31.0
382.0	28.0
383.0	40.0
384.0	35.0
385.0	35.0
386.0	44.0
387.0	42.0
388.0	33.0
389.0	33.0
390.0	33.0
391.0	31.0
392.0	31.0
393.0	28.0
394.0	34.0
395.0	37.0
396.0	35.0
397.0	28.0
398.0	40.0
399.0	33.0
400.0	39.0
401.0	36.0
402.0	43.0
403.0	35.0
404.0	37.0
405.0	47.0
406.0	45.0
407.0	33.0
408.0	30.0
409.0	35.0
410.0	27.0
411.0	27.0
412.0	46.0
413.0	38.0
414.0	35.0
415.0	34.0
416.0	43.0
417.0	34.0
418.0	25.0
419.0	32.0
420.0	30.0
421.0	32.0
422.0	45.0
423.0	37.0
424.0	32.0
425.0	40.0
426.0	36.0
427.0	31.0
428.0	30.0
429.0	30.0
430.0	44.0
431.0	41.0
432.0	34.0
433.0	29.0
434.0	30.0
435.0	39.0
436.0	28.0
437.0	31.0
438.0	37.0
439.0	35.0
440.0	33.0
441.0	41.0
442.0	40.0
443.0	36.0
444.0	37.0
445.0	35.0
446.0	38.0
447.0	27.0
448.0	34.0
449.0	27.0
450.0	26.0
451.0	34.0
452.0	38.0
453.0	22.0
454.0	34.0
455.0	45.0
456.0	29.0
457.0	23.0
458.0	28.0
459.0	34.0
460.0	31.0
461.0	34.0
462.0	44.0
463.0	25.0
464.0	38.0
465.0	33.0
466.0	33.0
467.0	37.0
468.0	34.0
469.0	37.0
470.0	29.0
471.0	25.0
472.0	29.0
473.0	21.0
474.0	28.0
475.0	25.0
476.0	28.0
477.0	35.0
478.0	32.0
479.0	29.0
480.0	29.0
481.0	34.0
482.0	30.0
483.0	24.0
484.0	27.0
485.0	20.0
486.0	32.0
487.0	30.0
488.0	30.0
489.0	39.0
490.0	34.0
491.0	25.0
492.0	32.0
493.0	33.0
494.0	27.0
495.0	20.0
496.0	40.0
497.0	25.0
498.0	19.0
499.0	25.0
500.0	27.0
501.0	26.0
502.0	36.0
503.0	38.0
504.0	30.0
505.0	25.0
506.0	30.0
507.0	13.0
508.0	22.0
509.0	17.0
510.0	35.0
511.0	24.0
512.0	29.0
513.0	29.0
514.0	19.0
515.0	26.0
516.0	28.0
517.0	29.0
518.0	28.0
519.0	27.0
520.0	28.0
521.0	21.0
522.0	26.0
523.0	28.0
524.0	18.0
525.0	31.0
526.0	26.0
527.0	30.0
528.0	28.0
529.0	28.0
530.0	23.0
531.0	25.0
532.0	23.0
533.0	20.0
534.0	26.0
535.0	20.0
536.0	32.0
537.0	30.0
538.0	26.0
539.0	20.0
540.0	11.0
541.0	19.0
542.0	22.0
543.0	23.0
544.0	28.0
545.0	15.0
546.0	20.0
547.0	28.0
548.0	23.0
549.0	27.0
550.0	24.0
551.0	16.0
552.0	15.0
553.0	32.0
554.0	26.0
555.0	19.0
556.0	23.0
557.0	22.0
558.0	24.0
559.0	20.0
560.0	19.0
561.0	20.0
562.0	14.0
563.0	21.0
564.0	21.0
565.0	17.0
566.0	18.0
567.0	16.0
568.0	23.0
569.0	29.0
570.0	18.0
571.0	16.0
572.0	20.0
573.0	21.0
574.0	24.0
575.0	28.0
576.0	22.0
577.0	24.0
578.0	22.0
579.0	14.0
580.0	30.0
581.0	31.0
582.0	21.0
583.0	22.0
584.0	24.0
585.0	25.0
586.0	28.0
587.0	19.0
588.0	30.0
589.0	20.0
590.0	24.0
591.0	24.0
592.0	25.0
593.0	23.0
594.0	18.0
595.0	22.0
596.0	25.0
597.0	17.0
598.0	13.0
599.0	24.0
600.0	23.0
601.0	24.0
602.0	22.0
603.0	13.0
604.0	16.0
605.0	28.0
606.0	26.0
607.0	20.0
608.0	19.0
609.0	15.0
610.0	21.0
611.0	15.0
612.0	16.0
613.0	21.0
614.0	21.0
615.0	21.0
616.0	20.0
617.0	20.0
618.0	20.0
619.0	14.0
620.0	23.0
621.0	21.0
622.0	26.0
623.0	26.0
624.0	30.0
625.0	25.0
626.0	22.0
627.0	26.0
628.0	26.0
629.0	32.0
630.0	24.0
631.0	25.0
632.0	18.0
633.0	22.0
634.0	14.0
635.0	20.0
636.0	26.0
637.0	22.0
638.0	25.0
639.0	24.0
640.0	26.0
641.0	26.0
642.0	29.0
643.0	23.0
644.0	27.0
645.0	27.0
646.0	18.0
647.0	26.0
648.0	25.0
649.0	24.0
650.0	26.0
651.0	30.0
652.0	26.0
653.0	41.0
654.0	30.0
655.0	25.0
656.0	30.0
657.0	30.0
658.0	27.0
659.0	18.0
660.0	31.0
661.0	25.0
662.0	30.0
663.0	20.0
664.0	26.0
665.0	24.0
666.0	32.0
667.0	20.0
668.0	30.0
669.0	29.0
670.0	22.0
671.0	23.0
672.0	22.0
673.0	21.0
674.0	26.0
675.0	32.0
676.0	23.0
677.0	28.0
678.0	20.0
679.0	27.0
680.0	28.0
681.0	30.0
682.0	24.0
683.0	19.0
684.0	18.0
685.0	18.0
686.0	23.0
687.0	17.0
688.0	26.0
689.0	29.0
690.0	28.0
691.0	33.0
692.0	24.0
693.0	30.0
694.0	20.0
695.0	19.0
696.0	24.0
697.0	27.0
698.0	22.0
699.0	32.0
700.0	21.0
701.0	23.0
702.0	26.0
703.0	36.0
704.0	29.0
705.0	20.0
706.0	21.0
707.0	24.0
708.0	23.0
709.0	24.0
710.0	23.0
711.0	18.0
712.0	25.0
713.0	28.0
714.0	27.0
715.0	22.0
716.0	23.0
717.0	18.0
718.0	21.0
719.0	19.0
720.0	19.0
721.0	28.0
722.0	24.0
723.0	24.0
724.0	25.0
725.0	27.0
726.0	30.0
727.0	20.0
728.0	28.0
729.0	23.0
730.0	29.0
731.0	16.0
732.0	19.0
733.0	25.0
734.0	18.0
735.0	23.0
736.0	15.0
737.0	17.0
738.0	31.0
739.0	26.0
740.0	21.0
741.0	23.0
742.0	19.0
743.0	26.0
744.0	28.0
745.0	21.0
746.0	20.0
747.0	24.0
748.0	17.0
749.0	16.0
750.0	23.0
751.0	14.0
752.0	16.0
753.0	16.0
754.0	18.0
755.0	22.0
756.0	23.0
757.0	18.0
758.0	17.0
759.0	23.0
760.0	49.0
761.0	22.0
762.0	17.0
763.0	14.0
764.0	22.0
765.0	21.0
766.0	26.0
767.0	25.0
768.0	22.0
769.0	25.0
770.0	22.0
771.0	21.0
772.0	24.0
773.0	19.0
774.0	22.0
775.0	30.0
776.0	19.0
777.0	11.0
778.0	17.0
779.0	25.0
780.0	10.0
781.0	21.0
782.0	21.0
783.0	23.0
784.0	22.0
785.0	18.0
786.0	18.0
787.0	26.0
788.0	18.0
789.0	16.0
790.0	18.0
791.0	16.0
792.0	24.0
793.0	30.0
794.0	17.0
795.0	22.0
796.0	16.0
797.0	20.0
798.0	19.0
799.0	22.0
800.0	19.0
801.0	19.0
802.0	18.0
803.0	19.0
804.0	16.0
805.0	15.0
806.0	25.0
807.0	26.0
808.0	32.0
809.0	29.0
810.0	29.0
811.0	28.0
812.0	25.0
813.0	22.0
814.0	25.0
815.0	27.0
816.0	21.0
817.0	23.0
818.0	27.0
819.0	37.0
820.0	25.0
821.0	21.0
822.0	23.0
823.0	19.0
824.0	14.0
825.0	27.0
826.0	18.0
827.0	21.0
828.0	23.0
829.0	20.0
830.0	23.0
831.0	17.0
832.0	23.0
833.0	23.0
834.0	19.0
835.0	15.0
836.0	19.0
837.0	17.0
838.0	15.0
839.0	41.0
840.0	19.0
841.0	15.0
842.0	17.0
843.0	23.0
844.0	23.0
845.0	22.0
846.0	19.0
847.0	16.0
848.0	21.0
849.0	21.0
850.0	19.0
851.0	16.0
852.0	16.0
853.0	19.0
854.0	13.0
855.0	22.0
856.0	22.0
857.0	13.0
858.0	19.0
859.0	15.0
860.0	19.0
861.0	9.0
862.0	16.0
863.0	16.0
864.0	20.0
865.0	14.0
866.0	22.0
867.0	18.0
868.0	15.0
869.0	14.0
870.0	21.0
871.0	12.0
872.0	20.0
873.0	19.0
874.0	18.0
875.0	15.0
876.0	15.0
877.0	20.0
878.0	16.0
879.0	13.0
880.0	17.0
881.0	22.0
882.0	9.0
883.0	15.0
884.0	9.0
885.0	21.0
886.0	10.0
887.0	16.0
888.0	14.0
889.0	19.0
890.0	9.0
891.0	17.0
892.0	13.0
893.0	18.0
894.0	17.0
895.0	15.0
896.0	16.0
897.0	12.0
898.0	10.0
899.0	11.0
900.0	14.0
901.0	13.0
902.0	16.0
903.0	16.0
904.0	13.0
905.0	11.0
906.0	12.0
907.0	10.0
908.0	12.0
909.0	16.0
910.0	19.0
911.0	6.0
912.0	13.0
913.0	14.0
914.0	9.0
915.0	17.0
916.0	15.0
917.0	11.0
918.0	19.0
919.0	16.0
920.0	14.0
921.0	13.0
922.0	14.0
923.0	18.0
924.0	14.0
925.0	10.0
926.0	13.0
927.0	14.0
928.0	11.0
929.0	10.0
930.0	19.0
931.0	9.0
932.0	9.0
933.0	16.0
934.0	18.0
935.0	6.0
936.0	16.0
937.0	16.0
938.0	10.0
939.0	17.0
940.0	15.0
941.0	19.0
942.0	10.0
943.0	15.0
944.0	15.0
945.0	14.0
946.0	14.0
947.0	16.0
948.0	12.0
949.0	16.0
950.0	13.0
951.0	7.0
952.0	13.0
953.0	19.0
954.0	9.0
955.0	11.0
956.0	14.0
957.0	16.0
958.0	11.0
959.0	16.0
960.0	9.0
961.0	15.0
962.0	12.0
963.0	11.0
964.0	16.0
965.0	17.0
966.0	13.0
967.0	10.0
968.0	9.0
969.0	18.0
970.0	10.0
971.0	15.0
972.0	16.0
973.0	16.0
974.0	17.0
975.0	15.0
976.0	13.0
977.0	16.0
978.0	14.0
979.0	14.0
980.0	5.0
981.0	16.0
982.0	18.0
983.0	15.0
984.0	13.0
985.0	15.0
986.0	9.0
987.0	13.0
988.0	18.0
989.0	10.0
990.0	11.0
991.0	10.0
992.0	15.0
993.0	11.0
994.0	13.0
995.0	7.0
996.0	17.0
997.0	13.0
998.0	13.0
999.0	12.0
1000.0	12.0
1001.0	12.0
1002.0	14.0
1003.0	13.0
1004.0	11.0
1005.0	11.0
1006.0	6.0
1007.0	15.0
1008.0	12.0
1009.0	14.0
1010.0	11.0
1011.0	11.0
1012.0	10.0
1013.0	11.0
1014.0	15.0
1015.0	18.0
1016.0	9.0
1017.0	18.0
1018.0	13.0
1019.0	14.0
1020.0	6.0
1021.0	17.0
1022.0	14.0
1023.0	11.0
1024.0	15.0
1025.0	20.0
1026.0	9.0
1027.0	9.0
1028.0	13.0
1029.0	8.0
1030.0	8.0
1031.0	12.0
1032.0	19.0
1033.0	13.0
1034.0	8.0
1035.0	11.0
1036.0	11.0
1037.0	8.0
1038.0	8.0
1039.0	7.0
1040.0	3.0
1041.0	20.0
1042.0	13.0
1043.0	11.0
1044.0	19.0
1045.0	6.0
1046.0	14.0
1047.0	16.0
1048.0	12.0
1049.0	9.0
1050.0	13.0
1051.0	15.0
1052.0	9.0
1053.0	13.0
1054.0	14.0
1055.0	13.0
1056.0	13.0
1057.0	9.0
1058.0	7.0
1059.0	8.0
1060.0	8.0
1061.0	16.0
1062.0	11.0
1063.0	13.0
1064.0	10.0
1065.0	8.0
1066.0	13.0
1067.0	12.0
1068.0	11.0
1069.0	8.0
1070.0	7.0
1071.0	12.0
1072.0	9.0
1073.0	20.0
1074.0	8.0
1075.0	9.0
1076.0	10.0
1077.0	10.0
1078.0	9.0
1079.0	10.0
1080.0	7.0
1081.0	9.0
1082.0	7.0
1083.0	6.0
1084.0	9.0
1085.0	17.0
1086.0	12.0
1087.0	8.0
1088.0	11.0
1089.0	10.0
1090.0	7.0
1091.0	7.0
1092.0	7.0
1093.0	10.0
1094.0	11.0
1095.0	15.0
1096.0	9.0
1097.0	18.0
1098.0	15.0
1099.0	12.0
1100.0	7.0
1101.0	7.0
1102.0	13.0
1103.0	10.0
1104.0	8.0
1105.0	10.0
1106.0	4.0
1107.0	10.0
1108.0	7.0
1109.0	19.0
1110.0	9.0
1111.0	7.0
1112.0	14.0
1113.0	13.0
1114.0	11.0
1115.0	10.0
1116.0	10.0
1117.0	10.0
1118.0	16.0
1119.0	9.0
1120.0	13.0
1121.0	15.0
1122.0	11.0
1123.0	16.0
1124.0	13.0
1125.0	12.0
1126.0	16.0
1127.0	18.0
1128.0	13.0
1129.0	11.0
1130.0	11.0
1131.0	14.0
1132.0	33.0
1133.0	19.0
1134.0	11.0
1135.0	11.0
1136.0	10.0
1137.0	6.0
1138.0	9.0
1139.0	8.0
1140.0	15.0
1141.0	10.0
1142.0	7.0
1143.0	11.0
1144.0	13.0
1145.0	5.0
1146.0	9.0
1147.0	8.0
1148.0	10.0
1149.0	7.0
1150.0	8.0
1151.0	3.0
1152.0	6.0
1153.0	12.0
1154.0	7.0
1155.0	8.0
1156.0	9.0
1157.0	8.0
1158.0	5.0
1159.0	11.0
1160.0	8.0
1161.0	8.0
1162.0	11.0
1163.0	7.0
1164.0	6.0
1165.0	10.0
1166.0	16.0
1167.0	10.0
1168.0	7.0
1169.0	8.0
1170.0	3.0
1171.0	13.0
1172.0	14.0
1173.0	8.0
1174.0	9.0
1175.0	13.0
1176.0	10.0
1177.0	8.0
1178.0	10.0
1179.0	13.0
1180.0	11.0
1181.0	7.0
1182.0	10.0
1183.0	14.0
1184.0	14.0
1185.0	22.0
1186.0	12.0
1187.0	8.0
1188.0	11.0
1189.0	5.0
1190.0	9.0
1191.0	13.0
1192.0	10.0
1193.0	13.0
1194.0	14.0
1195.0	9.0
1196.0	10.0
1197.0	7.0
1198.0	7.0
1199.0	10.0
1200.0	6.0
1201.0	9.0
1202.0	7.0
1203.0	9.0
1204.0	10.0
1205.0	8.0
1206.0	12.0
1207.0	11.0
1208.0	8.0
1209.0	9.0
1210.0	8.0
1211.0	10.0
1212.0	11.0
1213.0	8.0
1214.0	13.0
1215.0	8.0
1216.0	8.0
1217.0	13.0
1218.0	7.0
1219.0	4.0
1220.0	13.0
1221.0	11.0
1222.0	15.0
1223.0	17.0
1224.0	9.0
1225.0	6.0
1226.0	3.0
1227.0	13.0
1228.0	8.0
1229.0	10.0
1230.0	6.0
1231.0	5.0
1232.0	5.0
1233.0	7.0
1234.0	13.0
1235.0	5.0
1236.0	17.0
1237.0	9.0
1238.0	6.0
1239.0	5.0
1240.0	15.0
1241.0	5.0
1242.0	8.0
1243.0	7.0
1244.0	11.0
1245.0	9.0
1246.0	8.0
1247.0	10.0
1248.0	4.0
1249.0	7.0
1250.0	7.0
1251.0	9.0
1252.0	7.0
1253.0	15.0
1254.0	6.0
1255.0	10.0
1256.0	7.0
1257.0	6.0
1258.0	8.0
1259.0	8.0
1260.0	7.0
1261.0	7.0
1262.0	5.0
1263.0	9.0
1264.0	4.0
1265.0	9.0
1266.0	8.0
1267.0	5.0
1268.0	10.0
1269.0	5.0
1270.0	9.0
1271.0	7.0
1272.0	8.0
1273.0	14.0
1274.0	7.0
1275.0	5.0
1276.0	8.0
1277.0	7.0
1278.0	6.0
1279.0	6.0
1280.0	9.0
1281.0	10.0
1282.0	5.0
1283.0	7.0
1284.0	6.0
1285.0	3.0
1286.0	7.0
1287.0	7.0
1288.0	11.0
1289.0	4.0
1290.0	7.0
1291.0	7.0
1292.0	11.0
1293.0	12.0
1294.0	11.0
1295.0	7.0
1296.0	12.0
1297.0	9.0
1298.0	11.0
1299.0	9.0
1300.0	10.0
1301.0	9.0
1302.0	6.0
1303.0	5.0
1304.0	9.0
1305.0	10.0
1306.0	9.0
1307.0	12.0
1308.0	9.0
1309.0	10.0
1310.0	5.0
1311.0	6.0
1312.0	8.0
1313.0	6.0
1314.0	8.0
1315.0	9.0
1316.0	6.0
1317.0	6.0
1318.0	13.0
1319.0	13.0
1320.0	4.0
1321.0	8.0
1322.0	11.0
1323.0	4.0
1324.0	4.0
1325.0	3.0
1326.0	10.0
1327.0	4.0
1328.0	8.0
1329.0	6.0
1330.0	9.0
1331.0	7.0
1332.0	3.0
1333.0	8.0
1334.0	8.0
1335.0	9.0
1336.0	9.0
1337.0	6.0
1338.0	4.0
1339.0	5.0
1340.0	7.0
1341.0	9.0
1342.0	5.0
1343.0	5.0
1344.0	6.0
1345.0	4.0
1346.0	7.0
1347.0	3.0
1348.0	5.0
1349.0	10.0
1350.0	7.0
1351.0	7.0
1352.0	8.0
1353.0	3.0
1354.0	6.0
1355.0	11.0
1356.0	4.0
1357.0	6.0
1358.0	5.0
1359.0	3.0
1360.0	5.0
1361.0	3.0
1362.0	3.0
1363.0	8.0
1364.0	8.0
1365.0	8.0
1366.0	2.0
1367.0	11.0
1368.0	9.0
1369.0	8.0
1370.0	5.0
1371.0	6.0
1372.0	3.0
1373.0	4.0
1374.0	9.0
1375.0	7.0
1376.0	6.0
1377.0	7.0
1378.0	5.0
1379.0	2.0
1380.0	5.0
1381.0	6.0
1382.0	2.0
1383.0	5.0
1384.0	5.0
1385.0	2.0
1386.0	3.0
1387.0	4.0
1388.0	8.0
1389.0	5.0
1390.0	3.0
1391.0	6.0
1392.0	9.0
1393.0	6.0
1394.0	8.0
1395.0	6.0
1396.0	7.0
1397.0	7.0
1398.0	8.0
1399.0	5.0
1400.0	10.0
1401.0	5.0
1402.0	8.0
1403.0	6.0
1404.0	6.0
1405.0	5.0
1406.0	8.0
1407.0	8.0
1408.0	4.0
1409.0	3.0
1410.0	11.0
1411.0	3.0
1412.0	9.0
1413.0	4.0
1414.0	7.0
1415.0	6.0
1416.0	3.0
1417.0	7.0
1418.0	6.0
1419.0	11.0
1420.0	6.0
1421.0	10.0
1422.0	9.0
1423.0	5.0
1424.0	4.0
1425.0	9.0
1426.0	5.0
1427.0	7.0
1428.0	8.0
1429.0	4.0
1430.0	12.0
1431.0	6.0
1432.0	4.0
1433.0	5.0
1434.0	5.0
1435.0	3.0
1436.0	7.0
1437.0	7.0
1438.0	5.0
1439.0	8.0
1440.0	5.0
1441.0	6.0
1442.0	6.0
1443.0	7.0
1444.0	9.0
1445.0	3.0
1446.0	6.0
1447.0	5.0
1448.0	14.0
1449.0	4.0
1450.0	2.0
1451.0	2.0
1452.0	7.0
1453.0	7.0
1454.0	5.0
1455.0	6.0
1456.0	7.0
1457.0	7.0
1458.0	6.0
1459.0	1.0
1460.0	4.0
1461.0	3.0
1462.0	3.0
1463.0	4.0
1464.0	4.0
1465.0	6.0
1466.0	3.0
1467.0	3.0
1468.0	9.0
1469.0	5.0
1470.0	5.0
1471.0	5.0
1472.0	6.0
1473.0	2.0
1474.0	4.0
1475.0	2.0
1476.0	4.0
1477.0	8.0
1478.0	11.0
1479.0	5.0
1480.0	9.0
1481.0	9.0
1482.0	9.0
1483.0	3.0
1484.0	8.0
1485.0	4.0
1486.0	3.0
1487.0	3.0
1488.0	8.0
1489.0	4.0
1490.0	8.0
1491.0	11.0
1492.0	3.0
1493.0	2.0
1494.0	8.0
1495.0	5.0
1496.0	10.0
1497.0	3.0
1498.0	7.0
1499.0	6.0
1500.0	1.0
1501.0	3.0
1502.0	5.0
1503.0	3.0
1504.0	7.0
1505.0	3.0
1506.0	2.0
1507.0	7.0
1508.0	7.0
1509.0	5.0
1510.0	5.0
1511.0	13.0
1512.0	6.0
1513.0	10.0
1514.0	5.0
1515.0	1.0
1516.0	5.0
1517.0	3.0
1518.0	2.0
1519.0	3.0
1520.0	5.0
1521.0	9.0
1522.0	4.0
1523.0	4.0
1524.0	6.0
1525.0	4.0
1526.0	8.0
1527.0	7.0
1528.0	4.0
1529.0	6.0
1530.0	6.0
1531.0	7.0
1532.0	6.0
1533.0	3.0
1534.0	5.0
1535.0	7.0
1536.0	2.0
1537.0	4.0
1538.0	7.0
1539.0	8.0
1540.0	5.0
1541.0	7.0
1542.0	8.0
1543.0	9.0
1544.0	6.0
1545.0	7.0
1546.0	8.0
1547.0	2.0
1548.0	6.0
1549.0	3.0
1550.0	10.0
1551.0	3.0
1552.0	9.0
1553.0	5.0
1554.0	5.0
1555.0	6.0
1556.0	5.0
1557.0	6.0
1558.0	4.0
1559.0	10.0
1560.0	8.0
1561.0	3.0
1562.0	3.0
1563.0	5.0
1564.0	4.0
1565.0	7.0
1566.0	4.0
1567.0	5.0
1568.0	7.0
1569.0	6.0
1570.0	2.0
1571.0	5.0
1572.0	3.0
1573.0	8.0
1574.0	5.0
1575.0	2.0
1576.0	4.0
1577.0	2.0
1578.0	3.0
1579.0	8.0
1580.0	3.0
1581.0	4.0
1582.0	4.0
1583.0	6.0
1584.0	2.0
1585.0	2.0
1586.0	5.0
1587.0	5.0
1588.0	10.0
1589.0	9.0
1590.0	2.0
1591.0	2.0
1592.0	3.0
1593.0	3.0
1594.0	3.0
1595.0	1.0
1596.0	4.0
1597.0	6.0
1598.0	2.0
1599.0	5.0
1600.0	3.0
1601.0	3.0
1602.0	3.0
1603.0	1.0
1604.0	3.0
1605.0	2.0
1606.0	10.0
1607.0	5.0
1608.0	3.0
1609.0	4.0
1610.0	6.0
1611.0	5.0
1612.0	4.0
1613.0	2.0
1614.0	7.0
1615.0	4.0
1616.0	6.0
1617.0	3.0
1618.0	2.0
1619.0	5.0
1620.0	6.0
1621.0	2.0
1622.0	4.0
1623.0	4.0
1624.0	9.0
1625.0	4.0
1626.0	5.0
1627.0	3.0
1628.0	1.0
1629.0	3.0
1630.0	8.0
1631.0	5.0
1632.0	4.0
1633.0	6.0
1634.0	2.0
1635.0	5.0
1636.0	5.0
1637.0	6.0
1638.0	2.0
1639.0	5.0
1640.0	3.0
1641.0	2.0
1642.0	6.0
1643.0	4.0
1644.0	6.0
1645.0	1.0
1646.0	4.0
1647.0	1.0
1648.0	2.0
1649.0	5.0
1650.0	5.0
1651.0	5.0
1652.0	6.0
1653.0	4.0
1654.0	1.0
1655.0	7.0
1656.0	4.0
1657.0	2.0
1658.0	3.0
1659.0	6.0
1660.0	5.0
1661.0	2.0
1662.0	4.0
1663.0	2.0
1664.0	1.0
1665.0	4.0
1666.0	5.0
1667.0	5.0
1668.0	3.0
1669.0	4.0
1670.0	1.0
1671.0	2.0
1672.0	1.0
1673.0	6.0
1674.0	5.0
1675.0	5.0
1676.0	2.0
1677.0	7.0
1678.0	4.0
1679.0	4.0
1680.0	4.0
1681.0	3.0
1682.0	3.0
1683.0	4.0
1684.0	2.0
1685.0	5.0
1686.0	2.0
1688.0	2.0
1689.0	2.0
1690.0	4.0
1691.0	2.0
1692.0	1.0
1693.0	5.0
1694.0	2.0
1695.0	6.0
1696.0	2.0
1697.0	4.0
1698.0	1.0
1699.0	5.0
1700.0	3.0
1701.0	3.0
1702.0	1.0
1703.0	1.0
1704.0	5.0
1705.0	2.0
1706.0	3.0
1707.0	4.0
1708.0	5.0
1709.0	6.0
1710.0	2.0
1711.0	2.0
1712.0	5.0
1713.0	1.0
1714.0	6.0
1715.0	6.0
1716.0	3.0
1717.0	3.0
1718.0	5.0
1719.0	3.0
1720.0	1.0
1721.0	5.0
1722.0	5.0
1724.0	4.0
1725.0	1.0
1726.0	1.0
1727.0	5.0
1728.0	3.0
1729.0	1.0
1730.0	2.0
1732.0	2.0
1733.0	4.0
1735.0	2.0
1736.0	1.0
1737.0	5.0
1738.0	1.0
1739.0	4.0
1740.0	1.0
1741.0	2.0
1742.0	2.0
1743.0	1.0
1744.0	6.0
1745.0	3.0
1746.0	6.0
1747.0	4.0
1748.0	3.0
1749.0	5.0
1750.0	2.0
1751.0	2.0
1752.0	6.0
1753.0	3.0
1754.0	2.0
1755.0	1.0
1756.0	4.0
1757.0	5.0
1758.0	3.0
1759.0	2.0
1760.0	5.0
1761.0	2.0
1762.0	2.0
1763.0	1.0
1764.0	2.0
1765.0	5.0
1766.0	6.0
1767.0	2.0
1768.0	1.0
1769.0	6.0
1770.0	4.0
1772.0	5.0
1773.0	2.0
1774.0	3.0
1775.0	5.0
1776.0	3.0
1777.0	7.0
1778.0	6.0
1780.0	3.0
1781.0	7.0
1782.0	5.0
1783.0	4.0
1784.0	3.0
1785.0	4.0
1786.0	7.0
1787.0	2.0
1788.0	3.0
1789.0	5.0
1790.0	2.0
1791.0	3.0
1792.0	7.0
1793.0	5.0
1794.0	3.0
1795.0	3.0
1796.0	1.0
1797.0	4.0
1798.0	6.0
1799.0	4.0
1800.0	3.0
1801.0	3.0
1802.0	4.0
1803.0	2.0
1804.0	7.0
1805.0	1.0
1806.0	3.0
1807.0	3.0
1808.0	1.0
1809.0	2.0
1810.0	3.0
1811.0	5.0
1812.0	4.0
1814.0	1.0
1815.0	2.0
1816.0	2.0
1817.0	3.0
1818.0	5.0
1819.0	3.0
1820.0	3.0
1821.0	3.0
1822.0	1.0
1823.0	3.0
1824.0	3.0
1825.0	4.0
1826.0	4.0
1827.0	4.0
1828.0	4.0
1829.0	4.0
1830.0	3.0
1831.0	7.0
1833.0	3.0
1834.0	2.0
1835.0	1.0
1837.0	7.0
1838.0	3.0
1839.0	2.0
1840.0	4.0
1841.0	2.0
1842.0	2.0
1843.0	5.0
1844.0	3.0
1845.0	1.0
1846.0	3.0
1847.0	4.0
1848.0	6.0
1849.0	5.0
1850.0	3.0
1851.0	2.0
1852.0	1.0
1853.0	3.0
1854.0	4.0
1855.0	4.0
1856.0	5.0
1857.0	2.0
1858.0	3.0
1859.0	3.0
1860.0	2.0
1861.0	3.0
1862.0	5.0
1863.0	4.0
1864.0	2.0
1865.0	1.0
1866.0	2.0
1867.0	1.0
1868.0	2.0
1869.0	2.0
1870.0	4.0
1871.0	3.0
1872.0	5.0
1873.0	4.0
1874.0	6.0
1875.0	3.0
1876.0	3.0
1877.0	7.0
1878.0	4.0
1879.0	2.0
1880.0	5.0
1881.0	4.0
1882.0	4.0
1883.0	2.0
1884.0	2.0
1885.0	4.0
1886.0	2.0
1887.0	8.0
1888.0	2.0
1889.0	4.0
1890.0	1.0
1891.0	6.0
1892.0	3.0
1893.0	4.0
1894.0	5.0
1895.0	8.0
1896.0	3.0
1897.0	2.0
1898.0	3.0
1899.0	1.0
1900.0	3.0
1901.0	3.0
1902.0	2.0
1903.0	2.0
1904.0	4.0
1906.0	7.0
1907.0	5.0
1908.0	2.0
1909.0	1.0
1910.0	3.0
1911.0	1.0
1912.0	3.0
1913.0	2.0
1914.0	4.0
1915.0	5.0
1916.0	5.0
1917.0	2.0
1918.0	4.0
1919.0	1.0
1920.0	4.0
1921.0	3.0
1922.0	3.0
1923.0	3.0
1924.0	6.0
1925.0	3.0
1926.0	2.0
1927.0	3.0
1928.0	1.0
1929.0	2.0
1931.0	1.0
1932.0	2.0
1933.0	4.0
1934.0	2.0
1935.0	3.0
1936.0	4.0
1937.0	4.0
1938.0	1.0
1939.0	3.0
1940.0	2.0
1941.0	3.0
1942.0	4.0
1943.0	2.0
1944.0	2.0
1945.0	3.0
1946.0	5.0
1947.0	5.0
1948.0	4.0
1949.0	3.0
1950.0	1.0
1951.0	3.0
1953.0	2.0
1954.0	6.0
1955.0	4.0
1956.0	6.0
1957.0	5.0
1958.0	5.0
1959.0	3.0
1960.0	4.0
1961.0	1.0
1962.0	5.0
1963.0	3.0
1964.0	1.0
1965.0	4.0
1966.0	3.0
1967.0	2.0
1968.0	3.0
1969.0	2.0
1970.0	1.0
1971.0	3.0
1972.0	2.0
1973.0	3.0
1974.0	3.0
1975.0	2.0
1976.0	3.0
1977.0	5.0
1979.0	2.0
1980.0	2.0
1981.0	4.0
1982.0	4.0
1983.0	1.0
1984.0	1.0
1985.0	1.0
1986.0	6.0
1987.0	3.0
1988.0	2.0
1989.0	3.0
1990.0	4.0
1991.0	1.0
1992.0	1.0
1993.0	3.0
1995.0	2.0
1996.0	1.0
1997.0	4.0
1998.0	3.0
1999.0	2.0
2000.0	5.0
2001.0	5.0
2002.0	6.0
2003.0	1.0
2004.0	2.0
2006.0	2.0
2007.0	2.0
2008.0	3.0
2009.0	4.0
2010.0	3.0
2011.0	1.0
2012.0	5.0
2013.0	4.0
2014.0	6.0
2015.0	2.0
2017.0	1.0
2018.0	2.0
2019.0	4.0
2020.0	6.0
2021.0	2.0
2022.0	3.0
2023.0	1.0
2024.0	2.0
2025.0	6.0
2026.0	2.0
2027.0	1.0
2028.0	2.0
2029.0	4.0
2032.0	6.0
2033.0	4.0
2034.0	5.0
2035.0	3.0
2036.0	8.0
2037.0	6.0
2038.0	4.0
2039.0	3.0
2040.0	5.0
2041.0	2.0
2042.0	4.0
2043.0	7.0
2044.0	5.0
2045.0	5.0
2046.0	4.0
2047.0	2.0
2048.0	3.0
2049.0	3.0
2050.0	4.0
2051.0	1.0
2052.0	4.0
2053.0	8.0
2054.0	4.0
2055.0	2.0
2056.0	7.0
2057.0	3.0
2058.0	4.0
2059.0	6.0
2060.0	4.0
2061.0	8.0
2062.0	4.0
2063.0	6.0
2064.0	3.0
2065.0	3.0
2066.0	3.0
2067.0	2.0
2069.0	1.0
2070.0	5.0
2071.0	2.0
2072.0	4.0
2073.0	2.0
2074.0	4.0
2075.0	4.0
2076.0	3.0
2077.0	6.0
2078.0	2.0
2079.0	2.0
2080.0	4.0
2082.0	3.0
2083.0	2.0
2084.0	3.0
2085.0	4.0
2086.0	3.0
2087.0	4.0
2088.0	3.0
2089.0	2.0
2090.0	4.0
2092.0	5.0
2093.0	3.0
2094.0	4.0
2095.0	6.0
2097.0	5.0
2098.0	4.0
2099.0	3.0
2100.0	3.0
2101.0	3.0
2102.0	4.0
2103.0	3.0
2104.0	2.0
2105.0	2.0
2106.0	4.0
2107.0	4.0
2108.0	2.0
2109.0	1.0
2110.0	4.0
2111.0	4.0
2112.0	1.0
2113.0	2.0
2114.0	3.0
2115.0	2.0
2116.0	1.0
2117.0	3.0
2118.0	3.0
2119.0	1.0
2120.0	4.0
2121.0	3.0
2122.0	3.0
2123.0	1.0
2124.0	2.0
2125.0	1.0
2126.0	2.0
2127.0	3.0
2128.0	3.0
2129.0	6.0
2130.0	5.0
2131.0	2.0
2132.0	1.0
2133.0	1.0
2134.0	5.0
2135.0	2.0
2136.0	1.0
2137.0	2.0
2138.0	1.0
2139.0	4.0
2140.0	2.0
2141.0	5.0
2142.0	5.0
2143.0	4.0
2144.0	3.0
2145.0	2.0
2146.0	5.0
2147.0	2.0
2148.0	2.0
2149.0	3.0
2150.0	1.0
2151.0	1.0
2152.0	5.0
2153.0	5.0
2154.0	2.0
2155.0	4.0
2156.0	3.0
2157.0	2.0
2159.0	4.0
2160.0	2.0
2161.0	1.0
2162.0	3.0
2163.0	4.0
2164.0	1.0
2165.0	4.0
2166.0	1.0
2167.0	1.0
2168.0	3.0
2169.0	5.0
2170.0	2.0
2171.0	3.0
2172.0	1.0
2173.0	5.0
2174.0	5.0
2175.0	1.0
2176.0	3.0
2177.0	5.0
2181.0	5.0
2182.0	6.0
2183.0	2.0
2184.0	2.0
2185.0	1.0
2186.0	2.0
2187.0	3.0
2188.0	4.0
2189.0	1.0
2190.0	2.0
2191.0	1.0
2192.0	1.0
2193.0	4.0
2195.0	4.0
2196.0	3.0
2197.0	2.0
2198.0	6.0
2200.0	2.0
2201.0	4.0
2202.0	1.0
2204.0	2.0
2205.0	4.0
2206.0	2.0
2207.0	3.0
2208.0	2.0
2209.0	4.0
2210.0	3.0
2211.0	3.0
2212.0	3.0
2213.0	3.0
2214.0	2.0
2215.0	3.0
2217.0	2.0
2218.0	1.0
2219.0	3.0
2220.0	2.0
2221.0	3.0
2222.0	5.0
2223.0	7.0
2224.0	9.0
2225.0	2.0
2226.0	5.0
2227.0	4.0
2228.0	1.0
2229.0	1.0
2230.0	2.0
2231.0	5.0
2232.0	3.0
2233.0	5.0
2234.0	6.0
2235.0	10.0
2236.0	5.0
2237.0	1.0
2238.0	2.0
2239.0	2.0
2242.0	4.0
2243.0	4.0
2244.0	1.0
2245.0	3.0
2246.0	2.0
2247.0	1.0
2248.0	4.0
2249.0	3.0
2250.0	1.0
2251.0	1.0
2252.0	3.0
2253.0	2.0
2254.0	1.0
2255.0	2.0
2257.0	6.0
2258.0	2.0
2259.0	1.0
2260.0	4.0
2261.0	2.0
2262.0	5.0
2263.0	1.0
2264.0	2.0
2266.0	2.0
2267.0	2.0
2268.0	2.0
2269.0	3.0
2270.0	8.0
2271.0	5.0
2272.0	4.0
2273.0	3.0
2274.0	4.0
2275.0	2.0
2277.0	4.0
2278.0	1.0
2279.0	1.0
2280.0	4.0
2281.0	5.0
2282.0	1.0
2283.0	4.0
2284.0	6.0
2285.0	1.0
2286.0	3.0
2288.0	1.0
2289.0	1.0
2291.0	2.0
2292.0	3.0
2293.0	1.0
2294.0	3.0
2295.0	1.0
2297.0	1.0
2298.0	1.0
2299.0	1.0
2300.0	3.0
2301.0	3.0
2302.0	3.0
2303.0	3.0
2304.0	4.0
2305.0	2.0
2306.0	1.0
2307.0	3.0
2308.0	2.0
2309.0	2.0
2310.0	4.0
2311.0	3.0
2312.0	3.0
2313.0	5.0
2314.0	4.0
2315.0	4.0
2316.0	3.0
2318.0	1.0
2319.0	6.0
2320.0	4.0
2321.0	3.0
2322.0	3.0
2324.0	1.0
2325.0	2.0
2326.0	4.0
2327.0	3.0
2328.0	4.0
2329.0	1.0
2330.0	2.0
2331.0	2.0
2332.0	5.0
2335.0	2.0
2336.0	3.0
2337.0	4.0
2338.0	3.0
2339.0	2.0
2340.0	4.0
2341.0	5.0
2342.0	3.0
2343.0	4.0
2344.0	4.0
2345.0	1.0
2346.0	2.0
2347.0	2.0
2348.0	2.0
2349.0	2.0
2350.0	5.0
2351.0	2.0
2352.0	1.0
2353.0	2.0
2354.0	2.0
2355.0	5.0
2356.0	1.0
2357.0	2.0
2358.0	6.0
2359.0	3.0
2360.0	1.0
2361.0	5.0
2362.0	2.0
2363.0	4.0
2364.0	10.0
2365.0	1.0
2366.0	1.0
2368.0	1.0
2369.0	3.0
2370.0	2.0
2371.0	2.0
2372.0	4.0
2373.0	2.0
2374.0	5.0
2375.0	1.0
2379.0	4.0
2380.0	1.0
2381.0	4.0
2382.0	2.0
2383.0	2.0
2384.0	2.0
2385.0	1.0
2387.0	5.0
2388.0	2.0
2389.0	1.0
2390.0	2.0
2391.0	3.0
2392.0	2.0
2393.0	2.0
2394.0	2.0
2395.0	3.0
2396.0	1.0
2397.0	2.0
2398.0	1.0
2399.0	2.0
2400.0	4.0
2401.0	3.0
2402.0	3.0
2403.0	3.0
2404.0	1.0
2405.0	2.0
2406.0	2.0
2407.0	4.0
2408.0	4.0
2409.0	1.0
2410.0	2.0
2412.0	3.0
2414.0	3.0
2415.0	2.0
2416.0	2.0
2417.0	1.0
2419.0	2.0
2421.0	1.0
2422.0	4.0
2423.0	1.0
2424.0	2.0
2425.0	3.0
2426.0	1.0
2427.0	1.0
2428.0	4.0
2429.0	4.0
2430.0	2.0
2431.0	2.0
2432.0	2.0
2433.0	5.0
2434.0	2.0
2435.0	2.0
2436.0	2.0
2438.0	3.0
2439.0	2.0
2440.0	1.0
2441.0	1.0
2442.0	2.0
2443.0	4.0
2445.0	1.0
2446.0	1.0
2447.0	1.0
2448.0	1.0
2449.0	1.0
2450.0	2.0
2451.0	2.0
2452.0	1.0
2453.0	1.0
2454.0	4.0
2455.0	4.0
2456.0	1.0
2457.0	4.0
2458.0	2.0
2459.0	2.0
2460.0	7.0
2461.0	1.0
2462.0	1.0
2463.0	3.0
2464.0	2.0
2465.0	2.0
2466.0	3.0
2467.0	1.0
2470.0	2.0
2471.0	2.0
2472.0	1.0
2473.0	3.0
2474.0	2.0
2476.0	3.0
2477.0	2.0
2478.0	1.0
2479.0	4.0
2480.0	1.0
2481.0	1.0
2483.0	2.0
2485.0	2.0
2487.0	1.0
2488.0	1.0
2489.0	2.0
2491.0	2.0
2492.0	1.0
2495.0	1.0
2496.0	3.0
2497.0	2.0
2498.0	2.0
2501.0	1.0
2502.0	5.0
2503.0	1.0
2505.0	2.0
2506.0	4.0
2507.0	2.0
2508.0	3.0
2509.0	5.0
2510.0	1.0
2511.0	5.0
2512.0	2.0
2513.0	3.0
2514.0	2.0
2515.0	1.0
2516.0	3.0
2517.0	3.0
2518.0	4.0
2519.0	6.0
2520.0	3.0
2521.0	3.0
2522.0	1.0
2524.0	2.0
2525.0	1.0
2526.0	7.0
2527.0	4.0
2528.0	1.0
2530.0	2.0
2531.0	1.0
2532.0	4.0
2533.0	4.0
2534.0	1.0
2535.0	1.0
2536.0	3.0
2537.0	3.0
2538.0	2.0
2539.0	5.0
2540.0	2.0
2541.0	7.0
2543.0	1.0
2544.0	3.0
2545.0	2.0
2546.0	4.0
2547.0	11.0
2548.0	4.0
2549.0	1.0
2550.0	4.0
2551.0	5.0
2552.0	2.0
2553.0	2.0
2554.0	1.0
2555.0	3.0
2556.0	1.0
2557.0	4.0
2560.0	2.0
2561.0	2.0
2564.0	2.0
2566.0	2.0
2567.0	2.0
2568.0	5.0
2569.0	2.0
2570.0	3.0
2571.0	3.0
2573.0	2.0
2574.0	1.0
2575.0	1.0
2577.0	4.0
2578.0	2.0
2579.0	2.0
2580.0	3.0
2581.0	2.0
2582.0	2.0
2584.0	3.0
2585.0	1.0
2586.0	1.0
2587.0	1.0
2588.0	1.0
2589.0	2.0
2590.0	1.0
2591.0	3.0
2592.0	5.0
2593.0	2.0
2594.0	2.0
2595.0	1.0
2596.0	3.0
2597.0	3.0
2599.0	4.0
2600.0	2.0
2601.0	2.0
2602.0	1.0
2603.0	1.0
2604.0	2.0
2605.0	1.0
2606.0	1.0
2607.0	2.0
2608.0	2.0
2609.0	4.0
2612.0	4.0
2613.0	2.0
2615.0	5.0
2616.0	1.0
2618.0	1.0
2619.0	5.0
2620.0	5.0
2621.0	2.0
2622.0	1.0
2623.0	3.0
2624.0	3.0
2625.0	3.0
2626.0	2.0
2627.0	1.0
2628.0	2.0
2629.0	2.0
2630.0	3.0
2632.0	1.0
2633.0	1.0
2634.0	1.0
2635.0	1.0
2637.0	2.0
2639.0	3.0
2640.0	2.0
2641.0	1.0
2642.0	4.0
2643.0	2.0
2644.0	3.0
2645.0	2.0
2646.0	1.0
2647.0	1.0
2648.0	2.0
2649.0	5.0
2650.0	2.0
2651.0	4.0
2652.0	5.0
2653.0	3.0
2655.0	3.0
2656.0	1.0
2657.0	2.0
2658.0	3.0
2659.0	2.0
2660.0	1.0
2661.0	3.0
2662.0	2.0
2663.0	5.0
2664.0	2.0
2666.0	1.0
2668.0	4.0
2669.0	1.0
2670.0	2.0
2671.0	2.0
2673.0	4.0
2674.0	2.0
2676.0	3.0
2677.0	2.0
2678.0	3.0
2679.0	2.0
2681.0	2.0
2682.0	3.0
2683.0	2.0
2686.0	2.0
2687.0	1.0
2688.0	1.0
2691.0	2.0
2693.0	1.0
2695.0	1.0
2697.0	2.0
2698.0	2.0
2699.0	1.0
2700.0	1.0
2701.0	1.0
2702.0	1.0
2703.0	3.0
2704.0	2.0
2705.0	1.0
2706.0	2.0
2707.0	1.0
2708.0	1.0
2709.0	1.0
2710.0	3.0
2711.0	4.0
2712.0	1.0
2714.0	2.0
2715.0	4.0
2716.0	2.0
2717.0	2.0
2718.0	2.0
2719.0	1.0
2721.0	1.0
2723.0	2.0
2725.0	3.0
2726.0	5.0
2727.0	1.0
2728.0	1.0
2729.0	4.0
2731.0	4.0
2732.0	1.0
2733.0	3.0
2735.0	2.0
2736.0	1.0
2737.0	1.0
2739.0	2.0
2741.0	1.0
2743.0	1.0
2744.0	2.0
2747.0	1.0
2751.0	2.0
2752.0	2.0
2753.0	2.0
2754.0	2.0
2755.0	2.0
2756.0	1.0
2757.0	2.0
2758.0	2.0
2759.0	1.0
2760.0	1.0
2762.0	1.0
2763.0	1.0
2764.0	2.0
2765.0	1.0
2766.0	1.0
2768.0	1.0
2769.0	2.0
2770.0	4.0
2771.0	2.0
2773.0	2.0
2774.0	1.0
2775.0	1.0
2776.0	1.0
2777.0	2.0
2782.0	1.0
2783.0	1.0
2784.0	3.0
2785.0	2.0
2786.0	3.0
2788.0	3.0
2789.0	2.0
2790.0	2.0
2791.0	4.0
2792.0	1.0
2793.0	2.0
2794.0	1.0
2795.0	1.0
2796.0	1.0
2797.0	1.0
2799.0	1.0
2801.0	2.0
2802.0	2.0
2803.0	1.0
2804.0	2.0
2805.0	2.0
2806.0	1.0
2807.0	1.0
2808.0	2.0
2809.0	1.0
2810.0	2.0
2811.0	1.0
2812.0	2.0
2815.0	2.0
2816.0	1.0
2817.0	1.0
2818.0	3.0
2819.0	2.0
2820.0	1.0
2821.0	1.0
2823.0	2.0
2825.0	3.0
2827.0	1.0
2828.0	1.0
2832.0	1.0
2834.0	3.0
2837.0	2.0
2839.0	1.0
2840.0	1.0
2843.0	1.0
2844.0	2.0
2845.0	2.0
2846.0	1.0
2847.0	1.0
2848.0	1.0
2850.0	2.0
2852.0	2.0
2853.0	1.0
2854.0	3.0
2856.0	2.0
2858.0	1.0
2859.0	4.0
2860.0	2.0
2861.0	1.0
2862.0	5.0
2863.0	1.0
2864.0	2.0
2866.0	1.0
2867.0	3.0
2868.0	1.0
2869.0	1.0
2871.0	3.0
2872.0	2.0
2873.0	1.0
2874.0	2.0
2875.0	3.0
2876.0	5.0
2877.0	7.0
2878.0	1.0
2879.0	3.0
2880.0	2.0
2881.0	2.0
2883.0	3.0
2885.0	1.0
2888.0	1.0
2889.0	1.0
2890.0	2.0
2892.0	2.0
2895.0	2.0
2896.0	1.0
2899.0	2.0
2901.0	1.0
2902.0	2.0
2903.0	2.0
2905.0	4.0
2906.0	1.0
2907.0	1.0
2908.0	1.0
2909.0	1.0
2910.0	2.0
2911.0	2.0
2912.0	1.0
2914.0	3.0
2917.0	1.0
2919.0	1.0
2920.0	1.0
2921.0	2.0
2924.0	1.0
2925.0	2.0
2926.0	2.0
2928.0	1.0
2929.0	2.0
2932.0	3.0
2933.0	1.0
2934.0	1.0
2936.0	3.0
2937.0	1.0
2938.0	1.0
2939.0	3.0
2940.0	3.0
2941.0	3.0
2942.0	3.0
2943.0	1.0
2944.0	3.0
2945.0	1.0
2946.0	3.0
2947.0	2.0
2948.0	1.0
2949.0	1.0
2950.0	2.0
2951.0	2.0
2952.0	1.0
2953.0	3.0
2954.0	1.0
2956.0	1.0
2957.0	2.0
2958.0	2.0
2959.0	1.0
2960.0	1.0
2961.0	2.0
2962.0	3.0
2963.0	2.0
2964.0	1.0
2965.0	2.0
2966.0	1.0
2967.0	1.0
2968.0	3.0
2970.0	6.0
2972.0	4.0
2973.0	4.0
2975.0	2.0
2976.0	1.0
2978.0	2.0
2979.0	1.0
2980.0	2.0
2981.0	1.0
2982.0	3.0
2983.0	2.0
2984.0	5.0
2985.0	2.0
2986.0	1.0
2989.0	1.0
2990.0	3.0
2991.0	2.0
2993.0	2.0
2997.0	1.0
2998.0	1.0
3000.0	4.0
3001.0	1.0
3002.0	2.0
3003.0	1.0
3004.0	1.0
3005.0	1.0
3006.0	1.0
3008.0	2.0
3009.0	2.0
3010.0	4.0
3011.0	2.0
3013.0	3.0
3014.0	3.0
3016.0	8.0
3017.0	2.0
3018.0	1.0
3020.0	2.0
3021.0	1.0
3022.0	4.0
3023.0	1.0
3024.0	4.0
3025.0	2.0
3026.0	3.0
3027.0	1.0
3030.0	3.0
3032.0	3.0
3033.0	1.0
3034.0	1.0
3035.0	2.0
3037.0	3.0
3038.0	3.0
3041.0	1.0
3042.0	2.0
3044.0	4.0
3045.0	2.0
3046.0	1.0
3047.0	2.0
3048.0	2.0
3049.0	4.0
3050.0	2.0
3051.0	2.0
3054.0	2.0
3055.0	1.0
3057.0	2.0
3058.0	3.0
3061.0	1.0
3062.0	1.0
3063.0	2.0
3066.0	3.0
3067.0	1.0
3068.0	6.0
3069.0	3.0
3073.0	1.0
3074.0	2.0
3077.0	3.0
3078.0	1.0
3079.0	4.0
3081.0	1.0
3082.0	2.0
3083.0	1.0
3085.0	1.0
3086.0	2.0
3087.0	1.0
3088.0	1.0
3092.0	3.0
3095.0	2.0
3096.0	2.0
3097.0	3.0
3098.0	1.0
3099.0	2.0
3100.0	3.0
3101.0	1.0
3102.0	1.0
3103.0	1.0
3104.0	1.0
3107.0	1.0
3108.0	1.0
3110.0	2.0
3111.0	2.0
3112.0	4.0
3114.0	2.0
3119.0	1.0
3122.0	1.0
3123.0	1.0
3124.0	1.0
3125.0	4.0
3126.0	1.0
3127.0	1.0
3128.0	1.0
3130.0	1.0
3131.0	1.0
3133.0	2.0
3136.0	1.0
3138.0	1.0
3139.0	1.0
3140.0	1.0
3141.0	1.0
3142.0	1.0
3143.0	2.0
3144.0	1.0
3146.0	1.0
3147.0	1.0
3152.0	2.0
3154.0	1.0
3155.0	1.0
3158.0	1.0
3160.0	1.0
3161.0	3.0
3162.0	1.0
3164.0	2.0
3165.0	2.0
3166.0	1.0
3167.0	3.0
3170.0	1.0
3171.0	1.0
3172.0	1.0
3173.0	1.0
3174.0	1.0
3176.0	1.0
3177.0	1.0
3178.0	2.0
3179.0	3.0
3180.0	1.0
3182.0	4.0
3183.0	3.0
3184.0	1.0
3185.0	2.0
3188.0	2.0
3189.0	1.0
3190.0	2.0
3191.0	1.0
3192.0	1.0
3193.0	1.0
3195.0	2.0
3196.0	4.0
3197.0	1.0
3198.0	1.0
3199.0	1.0
3202.0	1.0
3204.0	1.0
3205.0	2.0
3206.0	1.0
3209.0	2.0
3211.0	1.0
3212.0	1.0
3215.0	1.0
3216.0	1.0
3218.0	2.0
3219.0	1.0
3220.0	1.0
3221.0	1.0
3222.0	1.0
3223.0	1.0
3224.0	1.0
3225.0	2.0
3226.0	1.0
3227.0	3.0
3230.0	3.0
3231.0	2.0
3233.0	3.0
3234.0	1.0
3236.0	1.0
3237.0	1.0
3240.0	2.0
3241.0	2.0
3242.0	1.0
3248.0	1.0
3249.0	2.0
3250.0	1.0
3253.0	1.0
3254.0	2.0
3255.0	2.0
3256.0	2.0
3262.0	2.0
3263.0	1.0
3264.0	2.0
3266.0	2.0
3267.0	1.0
3268.0	1.0
3269.0	1.0
3271.0	1.0
3272.0	1.0
3273.0	1.0
3275.0	1.0
3276.0	1.0
3277.0	1.0
3281.0	1.0
3284.0	1.0
3285.0	2.0
3286.0	1.0
3288.0	2.0
3290.0	2.0
3291.0	1.0
3292.0	1.0
3296.0	2.0
3297.0	2.0
3299.0	1.0
3300.0	1.0
3303.0	2.0
3304.0	1.0
3305.0	1.0
3307.0	1.0
3308.0	4.0
3309.0	2.0
3310.0	2.0
3311.0	2.0
3312.0	2.0
3313.0	1.0
3314.0	2.0
3317.0	1.0
3318.0	1.0
3322.0	2.0
3324.0	1.0
3325.0	2.0
3326.0	2.0
3328.0	2.0
3330.0	1.0
3332.0	2.0
3334.0	1.0
3335.0	1.0
3336.0	1.0
3337.0	2.0
3338.0	1.0
3340.0	1.0
3341.0	3.0
3344.0	1.0
3346.0	1.0
3349.0	1.0
3350.0	1.0
3351.0	3.0
3355.0	1.0
3359.0	1.0
3360.0	1.0
3361.0	1.0
3363.0	2.0
3364.0	1.0
3365.0	1.0
3367.0	2.0
3368.0	1.0
3371.0	1.0
3372.0	2.0
3373.0	1.0
3374.0	1.0
3375.0	1.0
3377.0	4.0
3380.0	1.0
3381.0	1.0
3382.0	1.0
3385.0	1.0
3386.0	2.0
3388.0	1.0
3389.0	1.0
3393.0	1.0
3394.0	2.0
3395.0	1.0
3396.0	1.0
3406.0	1.0
3408.0	1.0
3409.0	3.0
3410.0	3.0
3413.0	1.0
3416.0	1.0
3417.0	1.0
3418.0	1.0
3419.0	2.0
3420.0	1.0
3421.0	1.0
3422.0	1.0
3423.0	1.0
3426.0	1.0
3427.0	1.0
3428.0	1.0
3429.0	2.0
3430.0	2.0
3432.0	3.0
3434.0	2.0
3435.0	1.0
3437.0	1.0
3438.0	2.0
3439.0	2.0
3441.0	3.0
3442.0	1.0
3444.0	1.0
3446.0	2.0
3447.0	1.0
3448.0	1.0
3449.0	3.0
3451.0	1.0
3456.0	1.0
3459.0	1.0
3460.0	3.0
3463.0	5.0
3464.0	1.0
3465.0	1.0
3466.0	2.0
3469.0	2.0
3470.0	2.0
3471.0	1.0
3472.0	1.0
3476.0	2.0
3477.0	1.0
3480.0	1.0
3481.0	1.0
3484.0	1.0
3485.0	2.0
3486.0	2.0
3489.0	1.0
3490.0	2.0
3491.0	2.0
3492.0	2.0
3493.0	1.0
3498.0	2.0
3501.0	1.0
3502.0	3.0
3503.0	2.0
3504.0	1.0
3505.0	1.0
3506.0	1.0
3507.0	1.0
3509.0	2.0
3510.0	1.0
3511.0	1.0
3513.0	2.0
3514.0	1.0
3515.0	1.0
3516.0	2.0
3517.0	1.0
3518.0	1.0
3519.0	1.0
3522.0	2.0
3526.0	1.0
3529.0	2.0
3530.0	1.0
3532.0	1.0
3533.0	1.0
3534.0	1.0
3535.0	1.0
3536.0	1.0
3537.0	1.0
3538.0	1.0
3540.0	3.0
3541.0	1.0
3542.0	3.0
3543.0	1.0
3544.0	1.0
3545.0	1.0
3548.0	1.0
3551.0	1.0
3553.0	2.0
3554.0	3.0
3555.0	1.0
3556.0	1.0
3561.0	2.0
3563.0	1.0
3564.0	1.0
3565.0	1.0
3566.0	1.0
3567.0	1.0
3568.0	1.0
3569.0	1.0
3571.0	1.0
3572.0	1.0
3576.0	1.0
3578.0	2.0
3579.0	2.0
3582.0	1.0
3583.0	1.0
3584.0	1.0
3587.0	1.0
3588.0	1.0
3589.0	2.0
3592.0	1.0
3596.0	2.0
3597.0	1.0
3599.0	1.0
3602.0	1.0
3604.0	2.0
3607.0	1.0
3611.0	1.0
3612.0	1.0
3613.0	1.0
3615.0	1.0
3616.0	2.0
3617.0	1.0
3618.0	2.0
3620.0	2.0
3622.0	1.0
3623.0	1.0
3624.0	1.0
3626.0	1.0
3627.0	1.0
3628.0	1.0
3630.0	1.0
3631.0	1.0
3632.0	1.0
3633.0	1.0
3638.0	2.0
3640.0	1.0
3641.0	1.0
3646.0	1.0
3649.0	1.0
3650.0	2.0
3651.0	1.0
3653.0	1.0
3654.0	1.0
3656.0	1.0
3658.0	1.0
3659.0	1.0
3661.0	1.0
3662.0	1.0
3663.0	1.0
3665.0	1.0
3667.0	1.0
3668.0	1.0
3669.0	1.0
3670.0	2.0
3671.0	2.0
3673.0	1.0
3675.0	2.0
3676.0	1.0
3677.0	1.0
3678.0	2.0
3679.0	1.0
3680.0	2.0
3681.0	1.0
3682.0	3.0
3683.0	2.0
3685.0	2.0
3686.0	1.0
3688.0	2.0
3689.0	2.0
3690.0	1.0
3695.0	1.0
3697.0	1.0
3699.0	1.0
3700.0	1.0
3702.0	1.0
3705.0	1.0
3707.0	2.0
3709.0	1.0
3711.0	3.0
3714.0	2.0
3718.0	1.0
3719.0	1.0
3720.0	3.0
3722.0	2.0
3723.0	1.0
3725.0	1.0
3728.0	2.0
3729.0	1.0
3731.0	1.0
3732.0	1.0
3734.0	1.0
3735.0	1.0
3736.0	1.0
3738.0	1.0
3739.0	3.0
3740.0	1.0
3741.0	2.0
3742.0	1.0
3744.0	1.0
3747.0	2.0
3748.0	2.0
3749.0	2.0
3750.0	1.0
3751.0	2.0
3752.0	2.0
3753.0	3.0
3754.0	1.0
3755.0	3.0
3756.0	1.0
3758.0	2.0
3759.0	3.0
3760.0	1.0
3763.0	1.0
3764.0	1.0
3766.0	1.0
3767.0	1.0
3768.0	3.0
3769.0	1.0
3773.0	1.0
3778.0	2.0
3782.0	1.0
3785.0	2.0
3788.0	1.0
3789.0	1.0
3795.0	1.0
3800.0	1.0
3806.0	2.0
3808.0	1.0
3812.0	1.0
3813.0	2.0
3817.0	2.0
3820.0	1.0
3823.0	2.0
3824.0	1.0
3825.0	1.0
3827.0	1.0
3828.0	2.0
3829.0	1.0
3832.0	3.0
3833.0	2.0
3834.0	2.0
3835.0	1.0
3836.0	3.0
3838.0	1.0
3839.0	1.0
3840.0	2.0
3841.0	2.0
3842.0	3.0
3845.0	1.0
3848.0	2.0
3851.0	3.0
3852.0	2.0
3853.0	1.0
3857.0	1.0
3858.0	1.0
3859.0	2.0
3862.0	1.0
3865.0	1.0
3866.0	1.0
3868.0	1.0
3871.0	1.0
3872.0	1.0
3873.0	1.0
3874.0	1.0
3876.0	1.0
3877.0	1.0
3880.0	1.0
3882.0	1.0
3883.0	1.0
3885.0	1.0
3887.0	1.0
3890.0	1.0
3893.0	1.0
3898.0	1.0
3899.0	2.0
3900.0	2.0
3901.0	3.0
3903.0	1.0
3908.0	1.0
3912.0	1.0
3919.0	1.0
3921.0	1.0
3929.0	1.0
3936.0	1.0
3941.0	1.0
3943.0	1.0
3944.0	1.0
3946.0	1.0
3948.0	1.0
3949.0	1.0
3952.0	1.0
3954.0	1.0
3955.0	2.0
3958.0	1.0
3961.0	1.0
3963.0	1.0
3964.0	1.0
3965.0	1.0
3966.0	1.0
3967.0	2.0
3972.0	1.0
3976.0	1.0
3977.0	1.0
3985.0	1.0
3987.0	3.0
3988.0	1.0
3989.0	2.0
3994.0	1.0
3996.0	1.0
3997.0	1.0
3999.0	3.0
4002.0	3.0
4006.0	1.0
4012.0	1.0
4014.0	2.0
4015.0	1.0
4016.0	1.0
4021.0	1.0
4025.0	1.0
4026.0	1.0
4034.0	1.0
4041.0	1.0
4042.0	1.0
4045.0	3.0
4046.0	1.0
4047.0	1.0
4050.0	1.0
4051.0	2.0
4052.0	1.0
4053.0	1.0
4057.0	1.0
4058.0	1.0
4059.0	1.0
4060.0	1.0
4062.0	1.0
4067.0	1.0
4068.0	1.0
4069.0	1.0
4070.0	2.0
4074.0	1.0
4094.0	1.0
4096.0	1.0
4100.0	1.0
4101.0	1.0
4109.0	1.0
4111.0	1.0
4112.0	1.0
4113.0	1.0
4114.0	1.0
4119.0	1.0
4121.0	1.0
4124.0	2.0
4125.0	1.0
4128.0	1.0
4136.0	1.0
4146.0	2.0
4150.0	1.0
4153.0	1.0
4169.0	1.0
4173.0	1.0
4176.0	1.0
4178.0	1.0
4183.0	1.0
4187.0	2.0
4190.0	1.0
4203.0	1.0
4206.0	1.0
4209.0	1.0
4217.0	1.0
4222.0	1.0
4223.0	1.0
4224.0	2.0
4227.0	1.0
4229.0	1.0
4230.0	2.0
4234.0	1.0
4235.0	2.0
4236.0	1.0
4239.0	1.0
4240.0	1.0
4249.0	1.0
4251.0	1.0
4258.0	2.0
4259.0	1.0
4261.0	1.0
4266.0	1.0
4270.0	1.0
4271.0	1.0
4274.0	1.0
4276.0	1.0
4281.0	2.0
4284.0	1.0
4287.0	1.0
4291.0	1.0
4293.0	1.0
4299.0	1.0
4307.0	1.0
4313.0	2.0
4314.0	2.0
4317.0	1.0
4322.0	3.0
4324.0	2.0
4327.0	1.0
4329.0	1.0
4334.0	1.0
4342.0	1.0
4350.0	1.0
4352.0	1.0
4355.0	1.0
4360.0	1.0
4365.0	1.0
4366.0	1.0
4367.0	2.0
4369.0	1.0
4370.0	1.0
4375.0	1.0
4376.0	1.0
4380.0	1.0
4382.0	1.0
4387.0	1.0
4390.0	1.0
4401.0	1.0
4407.0	2.0
4410.0	1.0
4414.0	1.0
4415.0	1.0
4418.0	1.0
4427.0	1.0
4436.0	1.0
4437.0	1.0
4443.0	1.0
4447.0	1.0
4448.0	1.0
4449.0	1.0
4451.0	1.0
4455.0	1.0
4462.0	1.0
4464.0	1.0
4465.0	1.0
4466.0	1.0
4471.0	1.0
4476.0	1.0
4479.0	1.0
4502.0	1.0
4512.0	1.0
4523.0	1.0
4524.0	2.0
4525.0	1.0
4526.0	1.0
4532.0	1.0
4534.0	1.0
4539.0	1.0
4544.0	1.0
4545.0	2.0
4546.0	1.0
4552.0	1.0
4554.0	1.0
4555.0	1.0
4556.0	1.0
4557.0	2.0
4561.0	2.0
4567.0	1.0
4568.0	1.0
4572.0	1.0
4573.0	2.0
4574.0	1.0
4580.0	1.0
4581.0	1.0
4585.0	1.0
4589.0	1.0
4590.0	1.0
4592.0	1.0
4593.0	1.0
4602.0	1.0
4603.0	1.0
4611.0	2.0
4614.0	2.0
4618.0	1.0
4619.0	1.0
4620.0	1.0
4629.0	1.0
4643.0	2.0
4645.0	1.0
4649.0	1.0
4651.0	1.0
4659.0	1.0
4660.0	1.0
4661.0	1.0
4671.0	1.0
4674.0	1.0
4676.0	1.0
4677.0	1.0
4688.0	1.0
4695.0	1.0
4696.0	1.0
4699.0	1.0
4708.0	1.0
4715.0	1.0
4727.0	1.0
4745.0	1.0
4747.0	1.0
4748.0	1.0
4762.0	1.0
4770.0	1.0
4771.0	1.0
4775.0	1.0
4782.0	1.0
4792.0	1.0
4795.0	1.0
4796.0	1.0
4797.0	2.0
4801.0	1.0
4804.0	1.0
4810.0	1.0
4814.0	1.0
4815.0	1.0
4821.0	1.0
4827.0	3.0
4838.0	1.0
4842.0	1.0
4850.0	1.0
4852.0	1.0
4857.0	1.0
4861.0	1.0
4868.0	1.0
4879.0	1.0
4880.0	1.0
4885.0	1.0
4886.0	1.0
4895.0	1.0
4899.0	1.0
4915.0	1.0
4922.0	1.0
4935.0	1.0
4964.0	1.0
4965.0	1.0
4982.0	1.0
4987.0	1.0
4993.0	1.0
4994.0	1.0
5002.0	2.0
5008.0	1.0
5036.0	1.0
5038.0	1.0
5057.0	1.0
5061.0	1.0
5062.0	1.0
5063.0	1.0
5069.0	1.0
5079.0	1.0
5083.0	1.0
5085.0	1.0
5092.0	1.0
5097.0	2.0
5098.0	1.0
5105.0	1.0
5106.0	1.0
5107.0	2.0
5112.0	1.0
5118.0	2.0
5125.0	2.0
5133.0	1.0
5138.0	1.0
5147.0	1.0
5150.0	1.0
5163.0	1.0
5165.0	1.0
5168.0	1.0
5173.0	1.0
5177.0	1.0
5178.0	1.0
5188.0	1.0
5197.0	1.0
5212.0	1.0
5213.0	1.0
5220.0	1.0
5238.0	1.0
5253.0	1.0
5257.0	1.0
5280.0	1.0
5287.0	1.0
5290.0	1.0
5302.0	1.0
5304.0	1.0
5307.0	1.0
5324.0	1.0
5340.0	1.0
5345.0	1.0
5347.0	1.0
5350.0	1.0
5354.0	1.0
5358.0	1.0
5364.0	1.0
5365.0	1.0
5367.0	1.0
5369.0	1.0
5376.0	1.0
5384.0	1.0
5392.0	1.0
5396.0	1.0
5398.0	1.0
5407.0	1.0
5414.0	1.0
5424.0	1.0
5439.0	1.0
5445.0	1.0
5451.0	1.0
5454.0	1.0
5455.0	1.0
5457.0	1.0
5470.0	1.0
5482.0	1.0
5489.0	1.0
5509.0	1.0
5527.0	1.0
5531.0	1.0
5535.0	1.0
5544.0	1.0
5552.0	1.0
5554.0	1.0
5561.0	1.0
5576.0	1.0
5588.0	1.0
5603.0	1.0
5608.0	1.0
5610.0	2.0
5616.0	1.0
5621.0	1.0
5624.0	1.0
5625.0	1.0
5637.0	1.0
5641.0	1.0
5642.0	2.0
5648.0	1.0
5650.0	1.0
5652.0	1.0
5672.0	1.0
5673.0	1.0
5675.0	1.0
5676.0	1.0
5678.0	1.0
5697.0	1.0
5723.0	1.0
5724.0	1.0
5732.0	1.0
5735.0	1.0
5741.0	1.0
5742.0	1.0
5743.0	1.0
5766.0	1.0
5770.0	1.0
5778.0	1.0
5783.0	1.0
5784.0	1.0
5790.0	1.0
5794.0	2.0
5797.0	1.0
5810.0	1.0
5812.0	1.0
5838.0	3.0
5844.0	1.0
5847.0	1.0
5850.0	1.0
5851.0	1.0
5853.0	2.0
5861.0	1.0
5865.0	1.0
5866.0	1.0
5869.0	1.0
5875.0	1.0
5877.0	2.0
5879.0	1.0
5880.0	1.0
5881.0	1.0
5882.0	1.0
5884.0	1.0
5887.0	1.0
5899.0	1.0
5916.0	1.0
5917.0	1.0
5933.0	1.0
5934.0	1.0
5946.0	2.0
5948.0	1.0
5950.0	1.0
5952.0	1.0
5956.0	1.0
5967.0	1.0
5968.0	2.0
5973.0	1.0
5974.0	1.0
5977.0	1.0
5979.0	1.0
5981.0	4.0
5982.0	1.0
5984.0	1.0
5985.0	8.0
5986.0	2.0
6011.0	1.0
6012.0	1.0
6025.0	1.0
6027.0	1.0
6030.0	1.0
6032.0	1.0
6042.0	1.0
6047.0	1.0
6051.0	1.0
6072.0	1.0
6078.0	1.0
6084.0	1.0
6086.0	1.0
6088.0	1.0
6103.0	1.0
6105.0	1.0
6139.0	1.0
6150.0	1.0
6151.0	1.0
6156.0	1.0
6161.0	1.0
6178.0	2.0
6191.0	1.0
6196.0	1.0
6198.0	1.0
6203.0	1.0
6208.0	1.0
6211.0	1.0
6212.0	1.0
6225.0	1.0
6228.0	1.0
6230.0	1.0
6233.0	1.0
6239.0	1.0
6245.0	2.0
6251.0	1.0
6253.0	1.0
6264.0	1.0
6268.0	1.0
6270.0	1.0
6277.0	1.0
6285.0	1.0
6302.0	1.0
6304.0	1.0
6306.0	1.0
6309.0	1.0
6318.0	1.0
6325.0	1.0
6329.0	1.0
6335.0	1.0
6336.0	1.0
6342.0	1.0
6347.0	1.0
6348.0	1.0
6349.0	1.0
6353.0	2.0
6369.0	1.0
6391.0	1.0
6403.0	2.0
6411.0	1.0
6417.0	1.0
6422.0	1.0
6428.0	1.0
6431.0	1.0
6444.0	1.0
6445.0	1.0
6456.0	1.0
6460.0	1.0
6461.0	1.0
6473.0	1.0
6475.0	1.0
6480.0	1.0
6483.0	1.0
6515.0	1.0
6521.0	1.0
6525.0	1.0
6526.0	2.0
6533.0	1.0
6540.0	1.0
6563.0	1.0
6564.0	1.0
6589.0	1.0
6595.0	1.0
6607.0	1.0
6621.0	1.0
6629.0	1.0
6660.0	1.0
6689.0	1.0
6718.0	1.0
6722.0	1.0
6726.0	1.0
6732.0	1.0
6756.0	1.0
6773.0	1.0
6792.0	1.0
6793.0	1.0
6803.0	1.0
6804.0	1.0
6805.0	1.0
6812.0	1.0
6816.0	1.0
6823.0	1.0
6828.0	1.0
6843.0	1.0
6844.0	1.0
6845.0	1.0
6860.0	1.0
6862.0	1.0
6865.0	1.0
6868.0	2.0
6880.0	1.0
6881.0	1.0
6883.0	1.0
6885.0	1.0
6890.0	1.0
6892.0	1.0
6893.0	1.0
6894.0	1.0
6897.0	1.0
6899.0	1.0
6906.0	2.0
6907.0	1.0
6912.0	1.0
6920.0	1.0
6924.0	1.0
6938.0	1.0
6952.0	2.0
6958.0	1.0
6967.0	2.0
6970.0	2.0
6971.0	1.0
6972.0	1.0
6974.0	1.0
6982.0	1.0
6990.0	1.0
6992.0	1.0
7002.0	1.0
7003.0	1.0
7022.0	1.0
7049.0	1.0
7052.0	1.0
7062.0	1.0
7089.0	1.0
7091.0	1.0
7092.0	1.0
7093.0	2.0
7101.0	1.0
7103.0	1.0
7106.0	1.0
7109.0	1.0
7112.0	1.0
7118.0	1.0
7128.0	1.0
7134.0	1.0
7144.0	1.0
7147.0	1.0
7166.0	1.0
7172.0	1.0
7174.0	1.0
7176.0	1.0
7180.0	1.0
7181.0	1.0
7184.0	2.0
7194.0	1.0
7199.0	1.0
7201.0	2.0
7207.0	2.0
7208.0	1.0
7211.0	1.0
7212.0	1.0
7213.0	1.0
7214.0	1.0
7218.0	1.0
7232.0	1.0
7233.0	1.0
7242.0	2.0
7256.0	1.0
7285.0	1.0
7290.0	1.0
7293.0	1.0
7294.0	1.0
7303.0	1.0
7331.0	1.0
7335.0	1.0
7349.0	1.0
7358.0	1.0
7364.0	1.0
7412.0	1.0
7418.0	1.0
7422.0	1.0
7427.0	2.0
7524.0	1.0
7528.0	1.0
7549.0	1.0
7569.0	1.0
7574.0	1.0
7637.0	1.0
7671.0	1.0
7678.0	1.0
7750.0	1.0
7778.0	1.0
7788.0	1.0
7790.0	1.0
7818.0	1.0
7877.0	1.0
7917.0	1.0
7934.0	1.0
7956.0	1.0
7995.0	1.0
8000.0	1.0
8041.0	1.0
8048.0	1.0
8061.0	1.0
8163.0	1.0
8205.0	1.0
8284.0	1.0
8295.0	1.0
8300.0	1.0
8324.0	1.0
8325.0	1.0
8386.0	1.0
8390.0	1.0
8401.0	1.0
8423.0	1.0
8475.0	1.0
8488.0	1.0
8495.0	1.0
8570.0	1.0
8604.0	1.0
8621.0	1.0
8631.0	1.0
8644.0	1.0
8658.0	1.0
8692.0	1.0
8694.0	1.0
8722.0	1.0
8735.0	1.0
8743.0	2.0
8745.0	1.0
8762.0	1.0
8776.0	1.0
8783.0	1.0
8808.0	1.0
8809.0	1.0
8821.0	1.0
8844.0	1.0
8867.0	1.0
8889.0	1.0
8895.0	1.0
8897.0	1.0
8906.0	1.0
8912.0	2.0
8918.0	1.0
8932.0	1.0
8969.0	1.0
8970.0	1.0
8984.0	1.0
8993.0	2.0
8997.0	1.0
8998.0	11.0
8999.0	7.0
9001.0	2.0
9002.0	4.0
9009.0	1.0
9012.0	1.0
9050.0	1.0
9058.0	1.0
9087.0	1.0
9117.0	1.0
9131.0	1.0
9139.0	1.0
9142.0	1.0
9152.0	1.0
9160.0	1.0
9168.0	1.0
9177.0	1.0
9179.0	1.0
9203.0	1.0
9238.0	1.0
9242.0	1.0
9296.0	1.0
9333.0	1.0
9351.0	1.0
9377.0	2.0
9379.0	1.0
9382.0	1.0
9384.0	1.0
9433.0	1.0
9451.0	1.0
9461.0	1.0
9471.0	1.0
9473.0	1.0
9475.0	1.0
9504.0	1.0
9509.0	1.0
9512.0	1.0
9519.0	1.0
9522.0	1.0
9546.0	1.0
9549.0	1.0
9552.0	1.0
9563.0	1.0
9568.0	1.0
9587.0	1.0
9594.0	1.0
9595.0	1.0
9667.0	1.0
9772.0	1.0
9793.0	1.0
9832.0	1.0
9836.0	1.0
9856.0	1.0
9916.0	1.0
9919.0	1.0
9920.0	1.0
9958.0	1.0
9982.0	2.0
9985.0	1.0
10009.0	1.0
10019.0	1.0
10074.0	1.0
10097.0	1.0
10150.0	1.0
10167.0	1.0
10187.0	1.0
10206.0	1.0
10238.0	1.0
10305.0	1.0
10421.0	1.0
10451.0	1.0
10463.0	1.0
10490.0	1.0
10548.0	1.0
10606.0	1.0
10612.0	1.0
10646.0	1.0
10656.0	1.0
10718.0	1.0
10729.0	1.0
10753.0	1.0
10777.0	1.0
10795.0	1.0
10954.0	1.0
11031.0	1.0
11055.0	1.0
11076.0	1.0
11083.0	1.0
11273.0	1.0
11310.0	1.0
11365.0	1.0
11385.0	1.0
11528.0	1.0
11639.0	1.0
11661.0	1.0
11710.0	1.0
11816.0	1.0
11880.0	1.0
11927.0	1.0
12093.0	1.0
12100.0	1.0
12138.0	1.0
12165.0	1.0
12198.0	1.0
12204.0	1.0
12307.0	1.0
12316.0	1.0
12356.0	1.0
12449.0	1.0
12488.0	1.0
12495.0	1.0
12496.0	1.0
12516.0	1.0
12545.0	1.0
12557.0	1.0
12582.0	1.0
12585.0	1.0
12589.0	1.0
12613.0	1.0
12626.0	1.0
12639.0	1.0
12644.0	1.0
12650.0	1.0
12657.0	1.0
12661.0	1.0
12693.0	1.0
12696.0	1.0
12729.0	1.0
12732.0	1.0
12745.0	1.0
12749.0	1.0
12753.0	1.0
12854.0	1.0
12887.0	1.0
12940.0	1.0
12987.0	1.0
13065.0	1.0
13074.0	1.0
13137.0	1.0
13177.0	1.0
13228.0	1.0
13245.0	1.0
13260.0	1.0
13314.0	1.0
13419.0	1.0
13472.0	1.0
13509.0	1.0
13558.0	1.0
13580.0	1.0
13623.0	1.0
13643.0	1.0
13740.0	1.0
13761.0	1.0
13837.0	1.0
13853.0	1.0
13887.0	1.0
13910.0	1.0
13936.0	1.0
13942.0	1.0
13957.0	1.0
13960.0	1.0
13976.0	1.0
13997.0	1.0
14050.0	1.0
14057.0	1.0
14058.0	1.0
14072.0	1.0
14091.0	1.0
14125.0	1.0
14131.0	1.0
14155.0	1.0
14172.0	1.0
14189.0	1.0
14195.0	1.0
14206.0	1.0
14213.0	1.0
14316.0	1.0
14331.0	1.0
14401.0	1.0
14409.0	1.0
14413.0	1.0
14472.0	1.0
14490.0	1.0
14498.0	1.0
14513.0	1.0
14519.0	1.0
14541.0	1.0
14552.0	1.0
14553.0	1.0
14568.0	1.0
14597.0	1.0
14619.0	1.0
14666.0	1.0
14693.0	1.0
14704.0	1.0
14708.0	1.0
14709.0	1.0
14715.0	1.0
14724.0	1.0
14746.0	1.0
14778.0	1.0
14811.0	1.0
14833.0	1.0
14846.0	1.0
14893.0	1.0
14906.0	1.0
14914.0	1.0
14955.0	1.0
14974.0	1.0
15004.0	1.0
15013.0	2.0
15056.0	1.0
15066.0	1.0
15079.0	1.0
15085.0	1.0
15122.0	1.0
15136.0	1.0
15141.0	1.0
15143.0	1.0
15169.0	1.0
15229.0	1.0
15282.0	1.0
15428.0	1.0
15498.0	1.0
15612.0	1.0
15674.0	4.0
15675.0	1.0
15676.0	1.0
15679.0	1.0
15683.0	2.0
15684.0	4.0
15685.0	1.0
15687.0	4.0
15690.0	1.0
15691.0	7.0
15693.0	1.0
16056.0	1.0
16281.0	1.0
16400.0	1.0
16413.0	1.0
16456.0	1.0
16816.0	1.0
16929.0	1.0
17119.0	1.0
17135.0	1.0
17205.0	1.0
17236.0	1.0
17237.0	1.0
17321.0	1.0
17347.0	1.0
17369.0	1.0
17374.0	1.0
17377.0	1.0
17464.0	1.0
17497.0	1.0
17557.0	1.0
17597.0	1.0
17756.0	1.0
17900.0	1.0
17937.0	1.0
17972.0	1.0
18018.0	1.0
18069.0	1.0
18096.0	1.0
18139.0	1.0
18143.0	1.0
18185.0	1.0
18197.0	1.0
18223.0	1.0
18254.0	1.0
18273.0	1.0
18308.0	1.0
18322.0	1.0
18326.0	1.0
18353.0	1.0
18368.0	1.0
18374.0	1.0
18381.0	1.0
18385.0	1.0
18386.0	1.0
18458.0	1.0
18473.0	1.0
18484.0	1.0
18490.0	1.0
18541.0	1.0
18558.0	1.0
18592.0	1.0
18623.0	1.0
18624.0	1.0
18646.0	1.0
18696.0	1.0
18768.0	1.0
18771.0	1.0
18810.0	1.0
18813.0	1.0
18852.0	1.0
18853.0	1.0
18874.0	1.0
18878.0	1.0
18900.0	1.0
18935.0	1.0
18965.0	1.0
18997.0	1.0
19027.0	1.0
19044.0	1.0
19098.0	1.0
19130.0	1.0
19132.0	1.0
19147.0	1.0
19227.0	1.0
19265.0	1.0
19291.0	1.0
19298.0	1.0
19319.0	1.0
19327.0	1.0
19332.0	1.0
19337.0	1.0
19339.0	1.0
19624.0	1.0
19629.0	1.0
19697.0	1.0
19764.0	1.0
20106.0	1.0
20136.0	1.0
20228.0	1.0
20287.0	1.0
20298.0	1.0
20395.0	1.0
20397.0	1.0
20425.0	1.0
20439.0	1.0
20446.0	1.0
20493.0	1.0
20568.0	1.0
20716.0	1.0
20795.0	1.0
20866.0	1.0
20889.0	1.0
20929.0	1.0
20940.0	1.0
20957.0	1.0
21019.0	1.0
21026.0	1.0
21061.0	1.0
21098.0	1.0
21110.0	1.0
21124.0	1.0
21148.0	1.0
21202.0	1.0
21275.0	1.0
21283.0	1.0
21311.0	1.0
21360.0	1.0
21603.0	1.0
21619.0	1.0
21718.0	1.0
21814.0	1.0
21871.0	1.0
22257.0	1.0
22759.0	1.0
22804.0	1.0
22844.0	1.0
22960.0	1.0
23363.0	1.0
23673.0	1.0
23768.0	1.0
23804.0	1.0
23963.0	1.0
23982.0	1.0
24030.0	1.0
24095.0	1.0
24182.0	1.0
24192.0	1.0
24243.0	1.0
24306.0	1.0
24330.0	1.0
24353.0	1.0
24376.0	1.0
24403.0	1.0
24412.0	1.0
24493.0	1.0
24528.0	1.0
24535.0	1.0
24577.0	1.0
24580.0	1.0
24589.0	1.0
24606.0	1.0
24678.0	1.0
24723.0	1.0
24753.0	1.0
24845.0	1.0
24855.0	1.0
24930.0	1.0
25812.0	1.0
25830.0	1.0
25853.0	1.0
25874.0	1.0
26002.0	1.0
26093.0	1.0
26103.0	1.0
26140.0	1.0
26156.0	1.0
26194.0	1.0
26225.0	1.0
26239.0	1.0
26309.0	1.0
26333.0	1.0
26366.0	1.0
26482.0	1.0
26602.0	1.0
26615.0	1.0
26652.0	1.0
26663.0	1.0
26757.0	1.0
26821.0	1.0
26976.0	1.0
27126.0	1.0
27215.0	1.0
27269.0	1.0
27288.0	1.0
27298.0	1.0
27317.0	1.0
27365.0	1.0
27448.0	1.0
27495.0	1.0
27611.0	1.0
27700.0	1.0
27742.0	1.0
27856.0	1.0
27959.0	1.0
28008.0	1.0
28153.0	1.0
28689.0	1.0
28981.0	1.0
29214.0	1.0
29292.0	1.0
29644.0	1.0
29656.0	1.0
29679.0	1.0
29876.0	1.0
29989.0	1.0
30073.0	1.0
30203.0	1.0
30254.0	1.0
30381.0	1.0
30521.0	1.0
30545.0	1.0
30575.0	1.0
31081.0	1.0
31485.0	1.0
31760.0	1.0
31762.0	1.0
31797.0	1.0
32088.0	1.0
32200.0	1.0
32272.0	1.0
32356.0	1.0
32418.0	1.0
32614.0	1.0
32667.0	1.0
32724.0	1.0
33026.0	1.0
33383.0	1.0
33401.0	1.0
33820.0	1.0
34249.0	1.0
34468.0	1.0
34874.0	1.0
37237.0	1.0
37875.0	1.0
38788.0	1.0
39153.0	1.0
39349.0	1.0
40558.0	1.0
40819.0	1.0
40862.0	1.0
41058.0	1.0
41235.0	1.0
41244.0	1.0
41283.0	1.0
41304.0	1.0
41307.0	1.0
41349.0	1.0
41352.0	1.0
41354.0	2.0
41355.0	1.0
41356.0	2.0
