#Insert size (bp)	insert size
30.0	1.0
32.0	1.0
34.0	2.0
36.0	3.0
37.0	3.0
38.0	14.0
39.0	23.0
40.0	93.0
41.0	631.0
42.0	711.0
43.0	724.0
44.0	650.0
45.0	566.0
46.0	621.0
47.0	576.0
48.0	654.0
49.0	654.0
50.0	642.0
51.0	571.0
52.0	479.0
53.0	461.0
54.0	545.0
55.0	626.0
56.0	597.0
57.0	606.0
58.0	689.0
59.0	612.0
60.0	485.0
61.0	492.0
62.0	450.0
63.0	516.0
64.0	506.0
65.0	535.0
66.0	625.0
67.0	521.0
68.0	622.0
69.0	520.0
70.0	564.0
71.0	490.0
72.0	474.0
73.0	459.0
74.0	527.0
75.0	573.0
76.0	540.0
77.0	529.0
78.0	554.0
79.0	593.0
80.0	509.0
81.0	508.0
82.0	529.0
83.0	622.0
84.0	648.0
85.0	704.0
86.0	944.0
87.0	861.0
88.0	851.0
89.0	907.0
90.0	947.0
91.0	1083.0
92.0	1061.0
93.0	1243.0
94.0	1412.0
95.0	1527.0
96.0	1772.0
97.0	1963.0
98.0	2085.0
99.0	2390.0
100.0	2629.0
101.0	2924.0
102.0	3224.0
103.0	3562.0
104.0	3904.0
105.0	4214.0
106.0	4808.0
107.0	5271.0
108.0	5647.0
109.0	6222.0
110.0	6619.0
111.0	7198.0
112.0	7567.0
113.0	8355.0
114.0	8871.0
115.0	9761.0
116.0	10480.0
117.0	11405.0
118.0	12414.0
119.0	12826.0
120.0	13404.0
121.0	14173.0
122.0	15020.0
123.0	15439.0
124.0	16273.0
125.0	17062.0
126.0	17951.0
127.0	19295.0
128.0	20203.0
129.0	21396.0
130.0	21970.0
131.0	22735.0
132.0	23636.0
133.0	24677.0
134.0	25701.0
135.0	26558.0
136.0	27685.0
137.0	28807.0
138.0	29963.0
139.0	31211.0
140.0	31628.0
141.0	32651.0
142.0	33179.0
143.0	33959.0
144.0	35112.0
145.0	36620.0
146.0	37156.0
147.0	37294.0
148.0	38512.0
149.0	39536.0
150.0	40349.0
151.0	41095.0
152.0	41833.0
153.0	42886.0
154.0	43419.0
155.0	44157.0
156.0	45121.0
157.0	45850.0
158.0	46560.0
159.0	46722.0
160.0	47524.0
161.0	48013.0
162.0	48947.0
163.0	48761.0
164.0	48702.0
165.0	49476.0
166.0	50600.0
167.0	50423.0
168.0	50760.0
169.0	51714.0
170.0	50910.0
171.0	51595.0
172.0	51897.0
173.0	52272.0
174.0	52832.0
175.0	53083.0
176.0	52292.0
177.0	52517.0
178.0	52681.0
179.0	52637.0
180.0	53127.0
181.0	53045.0
182.0	53215.0
183.0	53321.0
184.0	52911.0
185.0	52873.0
186.0	52803.0
187.0	52782.0
188.0	52387.0
189.0	52030.0
190.0	52419.0
191.0	52950.0
192.0	52106.0
193.0	51983.0
194.0	51740.0
195.0	51573.0
196.0	51655.0
197.0	50973.0
198.0	51286.0
199.0	50757.0
200.0	50195.0
201.0	50434.0
202.0	50024.0
203.0	49826.0
204.0	49549.0
205.0	49234.0
206.0	49132.0
207.0	49076.0
208.0	48127.0
209.0	47889.0
210.0	47545.0
211.0	46731.0
212.0	46949.0
213.0	46861.0
214.0	46140.0
215.0	45978.0
216.0	45638.0
217.0	44893.0
218.0	44476.0
219.0	43934.0
220.0	43624.0
221.0	43314.0
222.0	43116.0
223.0	43046.0
224.0	42562.0
225.0	41932.0
226.0	41794.0
227.0	41057.0
228.0	40827.0
229.0	40655.0
230.0	40024.0
231.0	39599.0
232.0	39484.0
233.0	38881.0
234.0	38713.0
235.0	38169.0
236.0	37568.0
237.0	37176.0
238.0	36827.0
239.0	36863.0
240.0	36384.0
241.0	36417.0
242.0	35843.0
243.0	35465.0
244.0	35670.0
245.0	34842.0
246.0	34241.0
247.0	33817.0
248.0	33393.0
249.0	33251.0
250.0	33118.0
251.0	32936.0
252.0	32592.0
253.0	31829.0
254.0	31661.0
255.0	31356.0
256.0	30693.0
257.0	30571.0
258.0	30396.0
259.0	30239.0
260.0	29757.0
261.0	29539.0
262.0	28801.0
263.0	28237.0
264.0	28053.0
265.0	27801.0
266.0	27316.0
267.0	27631.0
268.0	27317.0
269.0	27258.0
270.0	26433.0
271.0	25926.0
272.0	25877.0
273.0	25223.0
274.0	25626.0
275.0	24830.0
276.0	24726.0
277.0	24625.0
278.0	24264.0
279.0	24139.0
280.0	23335.0
281.0	23166.0
282.0	22956.0
283.0	22956.0
284.0	22718.0
285.0	22365.0
286.0	22063.0
287.0	21773.0
288.0	21701.0
289.0	21119.0
290.0	21267.0
291.0	20914.0
292.0	20518.0
293.0	20056.0
294.0	19875.0
295.0	19507.0
296.0	19181.0
297.0	19185.0
298.0	18543.0
299.0	18797.0
300.0	18540.0
301.0	17950.0
302.0	18347.0
303.0	18135.0
304.0	17916.0
305.0	17358.0
306.0	17303.0
307.0	17014.0
308.0	16765.0
309.0	16721.0
310.0	16717.0
311.0	15990.0
312.0	16012.0
313.0	16003.0
314.0	15676.0
315.0	15297.0
316.0	15297.0
317.0	15004.0
318.0	14723.0
319.0	14702.0
320.0	14762.0
321.0	14319.0
322.0	14350.0
323.0	14212.0
324.0	14013.0
325.0	13484.0
326.0	13682.0
327.0	13309.0
328.0	13255.0
329.0	12900.0
330.0	12672.0
331.0	12710.0
332.0	12447.0
333.0	12181.0
334.0	12251.0
335.0	11895.0
336.0	11968.0
337.0	11837.0
338.0	11560.0
339.0	11258.0
340.0	11313.0
341.0	11126.0
342.0	10880.0
343.0	10609.0
344.0	10543.0
345.0	10366.0
346.0	10440.0
347.0	10218.0
348.0	9942.0
349.0	10061.0
350.0	9785.0
351.0	9741.0
352.0	9669.0
353.0	9677.0
354.0	9460.0
355.0	9379.0
356.0	8982.0
357.0	9086.0
358.0	9056.0
359.0	8718.0
360.0	8651.0
361.0	8499.0
362.0	8424.0
363.0	8436.0
364.0	8207.0
365.0	8280.0
366.0	8088.0
367.0	8006.0
368.0	7688.0
369.0	7751.0
370.0	7635.0
371.0	7717.0
372.0	7524.0
373.0	7227.0
374.0	7136.0
375.0	7230.0
376.0	7196.0
377.0	7057.0
378.0	6876.0
379.0	6667.0
380.0	6890.0
381.0	6731.0
382.0	6492.0
383.0	6190.0
384.0	6417.0
385.0	6229.0
386.0	6171.0
387.0	6182.0
388.0	6025.0
389.0	5950.0
390.0	5880.0
391.0	5845.0
392.0	5725.0
393.0	5614.0
394.0	5583.0
395.0	5605.0
396.0	5522.0
397.0	5351.0
398.0	5294.0
399.0	5333.0
400.0	5212.0
401.0	5109.0
402.0	5036.0
403.0	4957.0
404.0	4976.0
405.0	4940.0
406.0	4868.0
407.0	4729.0
408.0	4691.0
409.0	4683.0
410.0	4634.0
411.0	4639.0
412.0	4503.0
413.0	4464.0
414.0	4194.0
415.0	4237.0
416.0	4203.0
417.0	4179.0
418.0	4222.0
419.0	4072.0
420.0	4078.0
421.0	3886.0
422.0	4024.0
423.0	3725.0
424.0	3797.0
425.0	3789.0
426.0	3829.0
427.0	3760.0
428.0	3624.0
429.0	3656.0
430.0	3462.0
431.0	3470.0
432.0	3451.0
433.0	3417.0
434.0	3331.0
435.0	3406.0
436.0	3407.0
437.0	3352.0
438.0	3146.0
439.0	3088.0
440.0	3119.0
441.0	3051.0
442.0	3120.0
443.0	3002.0
444.0	3071.0
445.0	3033.0
446.0	2987.0
447.0	2866.0
448.0	2782.0
449.0	2904.0
450.0	2631.0
451.0	2720.0
452.0	2816.0
453.0	2846.0
454.0	2634.0
455.0	2653.0
456.0	2510.0
457.0	2477.0
458.0	2573.0
459.0	2463.0
460.0	2513.0
461.0	2362.0
462.0	2384.0
463.0	2397.0
464.0	2441.0
465.0	2324.0
466.0	2372.0
467.0	2354.0
468.0	2240.0
469.0	2177.0
470.0	2185.0
471.0	2206.0
472.0	2063.0
473.0	2150.0
474.0	2057.0
475.0	2125.0
476.0	2081.0
477.0	2077.0
478.0	2090.0
479.0	1992.0
480.0	2013.0
481.0	1917.0
482.0	1980.0
483.0	2011.0
484.0	1892.0
485.0	1965.0
486.0	1907.0
487.0	1852.0
488.0	1752.0
489.0	1753.0
490.0	1725.0
491.0	1678.0
492.0	1761.0
493.0	1741.0
494.0	1794.0
495.0	1656.0
496.0	1727.0
497.0	1624.0
498.0	1523.0
499.0	1617.0
500.0	1600.0
501.0	1560.0
502.0	1582.0
503.0	1640.0
504.0	1484.0
505.0	1436.0
506.0	1499.0
507.0	1380.0
508.0	1427.0
509.0	1409.0
510.0	1434.0
511.0	1489.0
512.0	1300.0
513.0	1314.0
514.0	1395.0
515.0	1324.0
516.0	1378.0
517.0	1284.0
518.0	1249.0
519.0	1375.0
520.0	1218.0
521.0	1188.0
522.0	1245.0
523.0	1174.0
524.0	1268.0
525.0	1193.0
526.0	1164.0
527.0	1181.0
528.0	1113.0
529.0	1087.0
530.0	1049.0
531.0	1028.0
532.0	1055.0
533.0	1033.0
534.0	1053.0
535.0	1056.0
536.0	1003.0
537.0	1067.0
538.0	1092.0
539.0	1001.0
540.0	969.0
541.0	1011.0
542.0	988.0
543.0	927.0
544.0	943.0
545.0	944.0
546.0	943.0
547.0	929.0
548.0	880.0
549.0	841.0
550.0	799.0
551.0	905.0
552.0	881.0
553.0	870.0
554.0	886.0
555.0	780.0
556.0	798.0
557.0	781.0
558.0	799.0
559.0	797.0
560.0	782.0
561.0	712.0
562.0	757.0
