#Insert size (bp)	insert size
30.0	1.0
34.0	1.0
35.0	2.0
36.0	4.0
37.0	5.0
38.0	17.0
39.0	30.0
40.0	131.0
41.0	511.0
42.0	528.0
43.0	506.0
44.0	536.0
45.0	462.0
46.0	521.0
47.0	502.0
48.0	498.0
49.0	515.0
50.0	564.0
51.0	487.0
52.0	451.0
53.0	497.0
54.0	472.0
55.0	479.0
56.0	516.0
57.0	520.0
58.0	487.0
59.0	509.0
60.0	478.0
61.0	469.0
62.0	489.0
63.0	532.0
64.0	448.0
65.0	472.0
66.0	506.0
67.0	503.0
68.0	513.0
69.0	556.0
70.0	509.0
71.0	551.0
72.0	555.0
73.0	520.0
74.0	517.0
75.0	545.0
76.0	558.0
77.0	624.0
78.0	637.0
79.0	647.0
80.0	573.0
81.0	662.0
82.0	726.0
83.0	819.0
84.0	804.0
85.0	887.0
86.0	1013.0
87.0	1083.0
88.0	1171.0
89.0	1302.0
90.0	1479.0
91.0	1590.0
92.0	1835.0
93.0	2002.0
94.0	2268.0
95.0	2541.0
96.0	2750.0
97.0	3094.0
98.0	3405.0
99.0	3787.0
100.0	4265.0
101.0	4943.0
102.0	5589.0
103.0	5850.0
104.0	6431.0
105.0	6877.0
106.0	7578.0
107.0	8481.0
108.0	9246.0
109.0	10057.0
110.0	10450.0
111.0	11347.0
112.0	12145.0
113.0	13031.0
114.0	14157.0
115.0	15526.0
116.0	16435.0
117.0	17187.0
118.0	18240.0
119.0	19138.0
120.0	20349.0
121.0	21997.0
122.0	23205.0
123.0	24469.0
124.0	25988.0
125.0	27030.0
126.0	28718.0
127.0	29910.0
128.0	31770.0
129.0	33348.0
130.0	35204.0
131.0	36637.0
132.0	38116.0
133.0	39512.0
134.0	41714.0
135.0	42978.0
136.0	44257.0
137.0	46424.0
138.0	48138.0
139.0	50610.0
140.0	51283.0
141.0	53473.0
142.0	55057.0
143.0	56064.0
144.0	59048.0
145.0	60067.0
146.0	60627.0
147.0	63000.0
148.0	65186.0
149.0	67039.0
150.0	68221.0
151.0	69546.0
152.0	70821.0
153.0	71784.0
154.0	73296.0
155.0	75550.0
156.0	77822.0
157.0	78509.0
158.0	80037.0
159.0	82806.0
160.0	82227.0
161.0	83114.0
162.0	85867.0
163.0	84567.0
164.0	86050.0
165.0	86936.0
166.0	87916.0
167.0	90365.0
168.0	90156.0
169.0	91217.0
170.0	91844.0
171.0	92981.0
172.0	94301.0
173.0	94367.0
174.0	96207.0
175.0	95762.0
176.0	95270.0
177.0	95587.0
178.0	96181.0
179.0	97796.0
180.0	96727.0
181.0	99071.0
182.0	98378.0
183.0	98721.0
184.0	98765.0
185.0	98727.0
186.0	97832.0
187.0	99020.0
188.0	99390.0
189.0	100837.0
190.0	100191.0
191.0	100752.0
192.0	99928.0
193.0	99154.0
194.0	100093.0
195.0	99628.0
196.0	100646.0
197.0	99928.0
198.0	100283.0
199.0	100068.0
200.0	98977.0
201.0	98853.0
202.0	97735.0
203.0	97996.0
204.0	97958.0
205.0	96391.0
206.0	95552.0
207.0	94597.0
208.0	93661.0
209.0	92891.0
210.0	93271.0
211.0	93717.0
212.0	93063.0
213.0	93205.0
214.0	91369.0
215.0	92171.0
216.0	92164.0
217.0	90597.0
218.0	90959.0
219.0	88760.0
220.0	88634.0
221.0	88493.0
222.0	88295.0
223.0	87375.0
224.0	87042.0
225.0	87057.0
226.0	86582.0
227.0	85450.0
228.0	85291.0
229.0	82917.0
230.0	82929.0
231.0	81952.0
232.0	81499.0
233.0	81398.0
234.0	81246.0
235.0	81696.0
236.0	80002.0
237.0	79397.0
238.0	78246.0
239.0	77333.0
240.0	76443.0
241.0	75616.0
242.0	74328.0
243.0	74601.0
244.0	73163.0
245.0	72287.0
246.0	70653.0
247.0	70549.0
248.0	69819.0
249.0	70350.0
250.0	69507.0
251.0	68968.0
252.0	68527.0
253.0	67354.0
254.0	66927.0
255.0	65554.0
256.0	64869.0
257.0	64526.0
258.0	64006.0
259.0	63492.0
260.0	63899.0
261.0	63817.0
262.0	62506.0
263.0	61579.0
264.0	60018.0
265.0	58730.0
266.0	58039.0
267.0	57593.0
268.0	56616.0
269.0	55546.0
270.0	55109.0
271.0	54617.0
272.0	54328.0
273.0	53605.0
274.0	53066.0
275.0	54136.0
276.0	52530.0
277.0	51555.0
278.0	51248.0
279.0	51106.0
280.0	49964.0
281.0	50268.0
282.0	50178.0
283.0	48498.0
284.0	48368.0
285.0	47653.0
286.0	46905.0
287.0	47028.0
288.0	46321.0
289.0	45559.0
290.0	44891.0
291.0	44170.0
292.0	44200.0
293.0	43475.0
294.0	42843.0
295.0	42747.0
296.0	41949.0
297.0	41752.0
298.0	40804.0
299.0	40505.0
300.0	39493.0
301.0	38593.0
302.0	38814.0
303.0	38678.0
304.0	37456.0
305.0	36997.0
306.0	37571.0
307.0	36712.0
308.0	36457.0
309.0	35559.0
310.0	34772.0
311.0	34735.0
312.0	34785.0
313.0	34616.0
314.0	33878.0
315.0	32945.0
316.0	33177.0
317.0	32390.0
318.0	32186.0
319.0	32269.0
320.0	31910.0
321.0	31519.0
322.0	30714.0
323.0	31428.0
324.0	30093.0
325.0	29423.0
326.0	29666.0
327.0	29392.0
328.0	28782.0
329.0	28272.0
330.0	28081.0
331.0	27469.0
332.0	27439.0
333.0	26910.0
334.0	26464.0
335.0	26489.0
336.0	25983.0
337.0	25895.0
338.0	25524.0
339.0	24997.0
340.0	24820.0
341.0	24541.0
342.0	24222.0
343.0	23411.0
344.0	23156.0
345.0	22491.0
346.0	22410.0
347.0	22414.0
348.0	22101.0
349.0	21542.0
350.0	21803.0
351.0	21323.0
352.0	21230.0
353.0	20829.0
354.0	20290.0
355.0	20342.0
356.0	19820.0
357.0	19764.0
358.0	19437.0
359.0	19024.0
360.0	19021.0
361.0	18793.0
362.0	18458.0
363.0	18348.0
364.0	18516.0
365.0	18135.0
366.0	17647.0
367.0	17244.0
368.0	16949.0
369.0	16630.0
370.0	16545.0
371.0	16446.0
372.0	15939.0
373.0	15745.0
374.0	15370.0
375.0	15246.0
376.0	15325.0
377.0	15150.0
378.0	14811.0
379.0	14470.0
380.0	14366.0
381.0	14332.0
382.0	14062.0
383.0	13824.0
384.0	13538.0
385.0	13344.0
386.0	13416.0
387.0	13510.0
388.0	13293.0
389.0	13179.0
390.0	12593.0
391.0	12531.0
392.0	12183.0
393.0	12280.0
394.0	11978.0
395.0	11896.0
396.0	11683.0
397.0	11343.0
398.0	11371.0
399.0	11062.0
400.0	10929.0
401.0	10761.0
402.0	10709.0
403.0	10554.0
404.0	10249.0
405.0	10576.0
406.0	10255.0
407.0	10166.0
408.0	9671.0
409.0	9728.0
410.0	9540.0
411.0	9261.0
412.0	9493.0
413.0	9297.0
414.0	9211.0
415.0	9042.0
416.0	8869.0
417.0	8812.0
418.0	8492.0
419.0	8256.0
420.0	8335.0
421.0	8367.0
422.0	8225.0
423.0	8130.0
424.0	7986.0
425.0	7752.0
426.0	7868.0
427.0	7791.0
428.0	7533.0
429.0	7464.0
430.0	7514.0
431.0	7506.0
432.0	7132.0
433.0	7053.0
434.0	6966.0
435.0	6963.0
436.0	6946.0
437.0	6755.0
438.0	6560.0
439.0	6582.0
440.0	6398.0
441.0	6333.0
442.0	6312.0
443.0	6131.0
444.0	5989.0
445.0	5860.0
446.0	5938.0
447.0	5680.0
448.0	5719.0
449.0	5634.0
450.0	5672.0
451.0	5630.0
452.0	5592.0
453.0	5490.0
454.0	5303.0
455.0	5323.0
456.0	5164.0
457.0	5154.0
458.0	5029.0
459.0	5072.0
460.0	5103.0
461.0	5010.0
462.0	4781.0
463.0	4810.0
464.0	4717.0
465.0	4691.0
466.0	4610.0
467.0	4517.0
468.0	4499.0
469.0	4361.0
470.0	4430.0
471.0	4186.0
472.0	4379.0
473.0	4203.0
474.0	4177.0
475.0	4120.0
476.0	4097.0
477.0	3985.0
478.0	4031.0
479.0	3914.0
480.0	3712.0
481.0	3741.0
482.0	3614.0
483.0	3646.0
484.0	3654.0
485.0	3578.0
486.0	3575.0
487.0	3413.0
488.0	3581.0
489.0	3336.0
490.0	3190.0
491.0	3304.0
492.0	3282.0
493.0	3301.0
494.0	3299.0
495.0	3286.0
496.0	3132.0
497.0	3148.0
498.0	3182.0
499.0	3083.0
500.0	2982.0
501.0	2942.0
502.0	2827.0
503.0	2838.0
504.0	2798.0
505.0	2752.0
506.0	2805.0
507.0	2672.0
508.0	2677.0
509.0	2587.0
510.0	2593.0
511.0	2677.0
512.0	2493.0
513.0	2499.0
514.0	2445.0
515.0	2522.0
516.0	2404.0
517.0	2394.0
518.0	2420.0
519.0	2342.0
520.0	2258.0
521.0	2268.0
522.0	2235.0
523.0	2212.0
524.0	2217.0
525.0	2111.0
526.0	2121.0
527.0	2118.0
528.0	2026.0
529.0	2055.0
530.0	2017.0
531.0	2030.0
532.0	1939.0
533.0	1912.0
534.0	2016.0
535.0	1918.0
536.0	1869.0
537.0	1870.0
538.0	1770.0
539.0	1725.0
540.0	1835.0
541.0	1925.0
542.0	1669.0
543.0	1763.0
544.0	1738.0
545.0	1708.0
546.0	1635.0
547.0	1645.0
548.0	1593.0
549.0	1574.0
550.0	1595.0
551.0	1616.0
552.0	1515.0
553.0	1591.0
554.0	1543.0
555.0	1416.0
556.0	1576.0
557.0	1453.0
558.0	1483.0
559.0	1431.0
560.0	1422.0
561.0	1409.0
562.0	1389.0
563.0	1337.0
564.0	1354.0
565.0	1326.0
566.0	1272.0
567.0	1273.0
568.0	1225.0
569.0	1225.0
570.0	1236.0
571.0	1192.0
572.0	1149.0
573.0	1199.0
574.0	1128.0
