#Position (bp)	Coverage
3406923.0	0.19406590552030462
1.0220768E7	1.1377548212499697
1.7034613E7	0.5677513944036003
2.3848458E7	0.47659698745715523
3.0662303E7	0.735342086589877
3.7476148E7	0.6824264420455705
4.4289993E7	0.593493394698588
5.1103838E7	0.31637878466563296
5.7917683E7	0.40776492567705896
6.4731528E7	0.4891581772112515
7.1545373E7	0.25151012387279137
7.8359218E7	0.9325144613650589
8.5173063E7	0.5177760867762622
9.1986908E7	0.5217372863632794
9.8800753E7	0.2763822775540095
1.05614598E8	0.18161463901805808
1.12428443E8	0.33440208868854515
1.19242288E8	0.5279952801978912
1.26056133E8	0.930633144722253
1.300790245E8	0.22099651118806304
1.33485947E8	0.7795477423755
1.39683823E8	0.8077543589559198
1.46497668E8	0.09907842048065373
1.53311513E8	0.9636572302422495
1.60125358E8	0.6042128930141498
1.66939203E8	0.9336092910830815
1.73753048E8	0.6260744117308216
1.80566893E8	0.7377011070841794
1.87380738E8	1.032211622072413
1.94194583E8	0.5720062607822749
2.01008428E8	0.8761038738039976
2.07822273E8	1.4756095860707135
2.14636118E8	1.0235473510184045
2.21449963E8	1.3860577984970306
2.28263808E8	1.588242614852554
2.35077653E8	2.0527788642095617
2.41891498E8	0.8540675639084834
2.48705343E8	1.1711239395671607
2.52444901E8	0.4774836119415997
2.558518235E8	0.6065497463314258
2.62333033E8	0.25556334198972824
2.69146878E8	0.3788827013235552
2.75960723E8	0.2224814330234985
2.82774568E8	0.331209471304381
2.89588413E8	0.1635685871926937
2.96402258E8	0.2228015166180035
3.03216103E8	0.28238314784090335
3.10029948E8	0.4984874178969437
3.16843793E8	0.1510643403247359
3.23657638E8	1.0714697795444423
3.30471483E8	1.19122903441449
3.37285328E8	0.8667109392714393
3.44099173E8	0.20512397919236497
3.50913018E8	0.6812099482744324
3.57726863E8	0.7899572121173875
3.64540708E8	0.8943228089279988
3.704270945E8	0.38236026012073576
3.73834017E8	0.0
3.78168398E8	0.23345644052660428
3.84982243E8	1.060418163313078
3.91796088E8	0.6230348650431584
3.98609933E8	0.5835276558242813
4.05423778E8	0.5779799804662419
4.12237623E8	0.5525080186003644
4.19051468E8	1.5149230720687072
4.25865313E8	0.7872235133026947
4.32679158E8	0.3077266946929377
4.39493003E8	0.42928772227721645
4.46306848E8	0.3208667059494309
4.53120693E8	0.2900898097916815
4.59934538E8	0.2246867957812366
4.66748383E8	0.7715284101707626
4.73562228E8	0.42133641138006517
4.80376073E8	0.5412824917502526
4.87189918E8	0.637265890257263
4.91962519E8	0.21570743040913362
4.953694415E8	0.013914309117381361
5.00817608E8	0.2669004064518638
5.07631453E8	0.2883355873225763
5.14445298E8	1.1522997661379148
5.21259143E8	0.705412142483429
5.28072988E8	0.3709592748294098
5.34886833E8	0.11584120272768166
5.41700678E8	0.45815923314956536
5.48514523E8	0.9821268314732724
5.55328368E8	0.6816107498776388
5.62142213E8	0.6323762868101637
5.68956058E8	0.9413030381524675
5.75769903E8	0.24389445313182204
5.82583748E8	0.26941792776325263
5.89397593E8	0.10766681660648283
5.96211438E8	0.3559134380074686
6.03025283E8	0.03988041993910927
6.09839128E8	0.14765290375698303
6.15738246E8	0.8474279004195296
6.191451685E8	0.0
6.23466818E8	0.5937169102026829
6.30280663E8	0.25553575110675397
6.37094508E8	0.04011039288390035
6.43908353E8	0.1890674061414664
6.50722198E8	0.4032742159529605
6.57536043E8	0.33376896598029454
6.64349888E8	0.09658658217203356
6.71163733E8	0.6448999060002099
6.77977578E8	1.2982214887482766
6.84791423E8	0.7736694920415712
6.91605268E8	0.46764946957261283
6.98419113E8	1.5804662418942608
7.05232958E8	0.4512510924448678
7.12046803E8	0.37168852534802305
7.18860648E8	1.0482363481998784
7.222708485E8	0.0
7.25677771E8	0.39789613750789776
7.32488338E8	2.004637616499935
7.39302183E8	1.0827948096852804
7.46116028E8	0.42972638796450463
7.52929873E8	0.8240185974292048
7.59743718E8	0.4513670328573661
7.66557563E8	0.5701014625369376
7.73371408E8	0.8931391894004046
7.80185253E8	0.40141183135219544
7.86999098E8	0.11661506829110437
7.93812943E8	0.0694688534887424
8.00626788E8	0.31259281653750565
8.07440633E8	0.14199941442753689
8.14254478E8	0.9070546805804945
8.190716475E8	0.34040490779274835
8.2247857E8	0.2238177911232947
8.27882168E8	0.5530318050968286
8.34696013E8	0.5111334349401843
8.41509858E8	0.5219266067836882
8.48323703E8	1.4052874698499893
8.55137548E8	1.330557856834137
8.61951393E8	28.244983265689196
8.68765238E8	1.0732625998977083
8.75579083E8	0.8860558172368171
8.82392928E8	0.30710487250590524
8.89206773E8	0.4667708173578941
8.96020618E8	0.5469053082363923
9.02834463E8	0.62711215180269
9.09648308E8	0.3599811853659718
9.14262198E8	0.1253148904175133
9.176691205E8	0.11849401465029967
9.23275998E8	0.7710269311967032
9.30089843E8	0.3433889382573275
9.36903688E8	0.2055165622346854
9.43717533E8	0.14143879116710167
9.50531378E8	1.2267536170840398
9.57345223E8	0.38185561896403575
9.64159068E8	0.33532036610753546
9.70972913E8	0.36954333419677143
9.77786758E8	0.5316636935533462
9.84600603E8	0.37336643260890146
9.91414448E8	0.4310705629494067
9.98228293E8	0.6437874650802887
1.00390351E9	0.4363520698039871
1.0073104325E9	0.0
1.011855983E9	2.1802242346281724
1.018669828E9	0.8112375611714091
1.025483673E9	0.3151994211784976
1.032297518E9	0.5283767094790093
1.039111363E9	0.407042866399221
1.045925208E9	0.7280262465612294
1.052739053E9	0.5762129898757603
1.059552898E9	0.45192149219713684
1.0652815955E9	0.6989570479482292
1.068688518E9	0.0
1.073180588E9	0.1599841205662882
1.079994433E9	0.4003249266750271
1.086808278E9	0.497006169057265
1.093622123E9	0.13364935656740065
1.100435968E9	0.31634943266246884
1.107249813E9	1.4189616875640698
1.114063658E9	0.23104634754679626
1.120877503E9	1.2640108485003694
1.127691348E9	0.5926066706829991
1.134505193E9	0.902435409082537
1.141319038E9	0.5880289322695189
1.148132883E9	0.6505401869282321
1.154946728E9	0.8354013042562606
1.161760573E9	0.4189007821575043
1.168574418E9	0.10041364310459072
1.175388263E9	0.9243136584410124
1.182202108E9	0.04412046355618597
1.189015953E9	0.24504872065625208
1.195829798E9	0.6783300764839822
1.202643643E9	1.0619789560813315
1.209457488E9	0.32385811535190484
1.216271333E9	0.27351150488454024
1.223085178E9	0.4675878303659681
1.229899023E9	1.025352792733031
1.236712868E9	0.9348706934190607
1.243526713E9	0.6772645987691237
1.250340558E9	0.6460248215214758
1.257154403E9	0.3181851069403545
1.2618183335E9	0.4900036435726742
1.265225256E9	0.4050949467990471
1.270782093E9	0.6867951941965219
1.277595938E9	0.5509919876369362
1.284409783E9	0.8723256839567087
1.291223628E9	1.0732435210956515
1.298037473E9	0.9913528998678426
1.304851318E9	0.9576356667931248
1.311665163E9	0.2946911765677088
1.318479008E9	0.27060917881166946
1.325292853E9	0.6888581997389139
1.332106698E9	0.6762600264608308
1.338920543E9	0.4408365614421813
1.345734388E9	0.32317347987810113
1.352548233E9	1.0720647446485794
1.359362078E9	2.5707932892515166
1.366175923E9	0.5782611726565544
1.372989768E9	0.22768965246494455
1.379803613E9	0.5875841026615662
1.386617458E9	0.8107853935626654
1.393431303E9	0.6245958045714277
1.400245148E9	0.20536583969843752
1.407058993E9	0.3857654525455158
1.413872838E9	0.5344669566155379
1.420686683E9	1.2192232139122625
1.427500528E9	0.864162745116744
1.434314373E9	0.4250922937049493
1.441128218E9	0.41645502649385185
1.444861853E9	1.1338225504074684
1.4482687755E9	1.0465995824959986
1.454755908E9	0.15889853672926227
1.461569753E9	0.23541979601825402
1.468383598E9	0.29404088293760716
1.475197443E9	0.5652385694127178
1.482011288E9	0.47539825164793154
1.488825133E9	0.17218780292184516
1.495638978E9	0.4457113421276827
1.502452823E9	0.7306428308832972
1.509266668E9	0.5023185881099438
1.516080513E9	0.3917724867530741
1.522894358E9	0.16573315066603364
1.529708203E9	0.46286318517665137
1.536522048E9	0.7172282316372034
1.543335893E9	0.7951418031962864
1.550149738E9	0.9180352649642015
1.556963583E9	0.27943884840350786
1.563777428E9	0.29321917360902694
1.570591273E9	0.2655161659826427
1.577405118E9	0.6303034483467117
1.584218963E9	0.42383969696991936
1.591032808E9	0.32158494946685756
1.597846653E9	0.3845328151726375
1.6032409105E9	0.1939911992693733
1.606647833E9	0.0
1.611474343E9	0.5347817568494734
1.618288188E9	0.2787069562046099
1.625102033E9	0.36403675164316185
1.631915878E9	0.14093378995266256
1.638729723E9	1.011610038091562
1.645543568E9	0.4586225545195114
1.652357413E9	0.5863891826127539
1.659171258E9	0.2430367875993657
1.665985103E9	0.5929597752810638
1.672798948E9	0.09250386529191668
1.679612793E9	0.11132392944071959
1.686426638E9	0.22053436789360487
1.693240483E9	0.5855260869597122
1.700054328E9	0.1834865630198515
1.706868173E9	0.4287542496197081
1.713682018E9	0.6508021535564722
1.720495863E9	0.41974406520841023
1.727309708E9	0.7416018415446786
1.734123553E9	0.9054382657662451
1.740937398E9	1.67283552825167
1.747751243E9	0.527042514175183
1.754565088E9	0.9354210434783885
1.759854186E9	0.6073097328065316
1.7632611085E9	0.0012647999963272595
1.768192778E9	0.4867906446360315
1.775006623E9	0.0374169063135425
1.781820468E9	0.3675928935865139
1.788634313E9	0.6690293072413593
1.795448158E9	1.014905240726785
1.802262003E9	0.19558149620368528
1.809075848E9	0.19612127954187394
1.815889693E9	0.3017705862108692
1.822703538E9	0.2674325582692298
1.829517383E9	0.5736426349586761
1.836331228E9	0.6707525633471263
1.843145073E9	0.04617231533737559
1.849958918E9	0.38145995396138305
1.856772763E9	0.40372359512140354
1.863586608E9	0.4919630546336173
1.870400453E9	0.9183540277185642
1.877214298E9	0.7497407117420487
1.884028143E9	1.1072533936419158
1.890841988E9	0.18100485115232295
1.897655833E9	0.7126076392991035
1.904469678E9	0.7302175203574487
1.910723823E9	0.8174296178117446
1.9141307455E9	0.0
1.918097368E9	0.16675401333608264
1.924911213E9	0.2753854835265551
1.931725058E9	0.24322038437915744
1.938538903E9	0.15207199459336102
1.945352748E9	1.4226729548441446
1.952166593E9	0.6986498812344571
1.958980438E9	0.48781502954646017
1.965794283E9	0.5199760194134149
1.972608128E9	0.3053742783993472
1.979421973E9	0.23122466096601846
1.986235818E9	0.4898288704835522
1.993049663E9	0.07437562785769268
1.999863508E9	0.7802741330335515
2.006677353E9	0.50997931417577
2.013491198E9	1.052771819728802
2.020305043E9	0.25943516472711076
2.027118888E9	0.6236097240251283
2.033932733E9	0.5212070424261191
2.040746578E9	0.5451124878831262
2.047560423E9	0.47712165451371435
2.054374268E9	0.3920416446220893
2.060544391E9	0.6421079469260373
2.0639513135E9	0.0
2.068001958E9	0.2807480945046446
2.074815803E9	0.11735283089063517
2.081629648E9	0.4701473250418816
2.088443493E9	0.5248236494959894
2.095257338E9	0.5100007411380799
2.102071183E9	0.19866639173623704
2.108885028E9	0.4368333884906393
2.115698873E9	0.10961975213700928
2.122512718E9	0.2787069562046099
2.129326563E9	0.6862354514961817
2.136140408E9	0.7922970070496174
2.142954253E9	0.5977818691208855
2.149768098E9	0.20165926873886916
2.156581943E9	0.3015861088709825
2.163395788E9	1.0537976722393891
2.170209633E9	0.9306089293196426
2.177023478E9	0.7994098779763849
2.183837323E9	0.7374040648121581
2.190651168E9	0.9742337843024019
2.197465013E9	0.6055896487225642
2.204278858E9	0.549738070061764
2.2082174155E9	0.3296199460155934
2.211624338E9	0.48029040574203447
2.217906548E9	0.12723388923581325
2.224720393E9	0.4660088393557529
2.231534238E9	0.6846561669659348
2.238348083E9	0.07243252524822621
2.245161928E9	0.3897309081729919
2.251975773E9	0.2841275373889485
2.258789618E9	0.2582976278444843
2.265603463E9	0.17537029386491768
2.272417308E9	0.23951968382022193
2.279231153E9	0.7257344421541728
2.286044998E9	0.38838438502783673
2.292858843E9	1.5914807278416225
2.299672688E9	0.4738119226369253
2.306486533E9	0.4221921690323158
2.313300378E9	0.585585965046167
2.320114223E9	0.5728382433119626
2.326928068E9	0.7432449666818074
2.333741913E9	0.9533248848484226
2.3376495495E9	0.6499338943987986
2.341056472E9	3.5240532466958236
2.347369603E9	0.14131683359395467
2.354183448E9	0.9773044441134191
2.360997293E9	0.7405177253078108
2.367811138E9	0.5627126827804272
2.374624983E9	0.3105588694782461
2.381438828E9	1.2337994186835772
2.388252673E9	0.3061865950869149
2.395066518E9	1.7023106630690894
2.401880363E9	1.074559518157516
2.408694208E9	0.8711292963077382
2.415508053E9	0.44572645840931224
2.422321898E9	0.24606165828544677
2.429135743E9	0.19644062933629985
2.435949588E9	0.7583706409523551
2.442763433E9	0.5129610374171998
2.449577278E9	0.7708120745335416
2.456391123E9	0.47986929552991003
2.4612717095E9	0.9213487606401459
2.462753523E9	0.0
2.4646867815E9	0.00684402805243755
2.470018813E9	0.15968003381350765
2.476832658E9	0.24261103679346976
2.483646503E9	0.24305263768107435
2.490460348E9	0.024983104253178637
2.497274193E9	0.22498970845389057
2.504088038E9	0.32324788720612224
2.510901883E9	0.2394642085342417
2.517715728E9	0.13541429251766074
2.524529573E9	0.22133655814008096
2.531343418E9	0.1008233970687622
2.538157263E9	0.44246134157733263
2.544971108E9	0.04701647894837643
2.551784953E9	0.04932339963706248
2.558598798E9	0.6124332150203006
2.565412643E9	0.6191734622668992
2.572226488E9	0.19604085505320418
2.579040333E9	0.06122416931996545
2.585854178E9	0.030897973170801507
2.592668023E9	0.10435547036951971
2.599481868E9	0.15756962478600556
2.606295713E9	0.19285058582929315
2.613109558E9	0.3786346768968182
2.619923403E9	0.45286603965895905
2.626737248E9	0.19903255797570976
2.631968571E9	0.3426158346262238
2.6353754935E9	0.35585476852770453
2.640364938E9	0.022274794921222894
2.647178783E9	0.017854089724670872
2.653992628E9	0.0168220732934195
2.660806473E9	0.016173100503460235
2.667620318E9	0.018620617287302542
2.674434163E9	0.023716712076661563
2.681248008E9	0.01955944110850775
2.688061853E9	0.016929354864984453
2.694875698E9	0.021502250197942573
2.701689543E9	0.016736071924148554
2.708503388E9	0.018280280810614273
2.715317233E9	0.018959192643800967
2.7221309125E9	0.3881663705394896
