#Position (bp)	Coverage
3406923.0	0.11308783807086895
1.0220768E7	0.13226394201805294
1.7034613E7	0.3253728254751906
2.3848458E7	0.18316926786564708
3.0662303E7	0.39771347895351306
3.7476148E7	0.33253779620757445
4.4289993E7	0.34126722870860726
5.1103838E7	0.09901942295429379
5.7917683E7	0.2371847319685141
6.4731528E7	0.21911358418044438
7.1545373E7	0.06694707613689481
7.8359218E7	0.38659919619539335
8.5173063E7	0.34209627603797854
9.1986908E7	0.18331514732137288
9.8800753E7	0.19126484385835016
1.05614598E8	0.11489327978549556
1.12428443E8	0.1998379769425339
1.19242288E8	0.04277041817065108
1.26056133E8	0.4860407009551876
1.300790245E8	0.16809287480376447
1.33485947E8	0.23145136599373656
1.39683823E8	0.41235499193186814
1.46497668E8	0.04342144560083184
1.53311513E8	0.5040772133795236
1.60125358E8	0.3417983532058625
1.66939203E8	0.09020369556395838
1.73753048E8	0.18614600126653894
1.80566893E8	0.21204518153847057
1.87380738E8	0.5302941290857072
1.94194583E8	0.18971902061171042
2.01008428E8	0.46592577318679834
2.07822273E8	0.7223027527042367
2.14636118E8	0.34799001151332326
2.21449963E8	0.18628894552194833
2.28263808E8	0.5992758860819405
2.35077653E8	0.3431721737139603
2.41891498E8	0.08312399240076639
2.48705343E8	0.4578344532345541
2.52444901E8	0.2991096861279088
2.558518235E8	0.32237637540021474
2.62333033E8	0.1751077401966144
2.69146878E8	0.2607077208242923
2.75960723E8	0.10332360069828415
2.82774568E8	0.20023393546521825
2.89588413E8	0.066455723603927
2.96402258E8	0.1507323691689494
3.03216103E8	0.08281065976698912
3.10029948E8	0.146284953649518
3.16843793E8	0.07504456000980357
3.23657638E8	0.5706899702003788
3.30471483E8	0.6344591049546915
3.37285328E8	0.4117466716662912
3.44099173E8	0.02949406685946041
3.50913018E8	0.07987634001066946
3.57726863E8	0.15160294958279796
3.64540708E8	0.5124827465256401
3.704270945E8	0.24623910651656972
3.73834017E8	0.0
3.78168398E8	0.05880585777927147
3.84982243E8	0.2844815225471081
3.91796088E8	0.38085045961567954
3.98609933E8	0.36098898639461274
4.05423778E8	0.16120340277772682
4.12237623E8	0.27377376503281187
4.19051468E8	0.19921953023586536
4.25865313E8	0.30005686950613053
4.32679158E8	0.10292910977575803
4.39493003E8	0.1695679898794293
4.46306848E8	0.14011751074466766
4.53120693E8	0.19003998476631037
4.59934538E8	0.06402288282166677
4.66748383E8	0.3934922206184614
4.73562228E8	0.04452816288013596
4.80376073E8	0.21149629907930104
4.87189918E8	0.2973495874942855
4.91962519E8	0.10113947023402653
4.953694415E8	0.008361077852525226
5.00817608E8	0.08206438508654071
5.07631453E8	0.18880103671275175
5.14445298E8	0.24752353480303704
5.21259143E8	0.4274291534368627
5.28072988E8	0.14828543942517036
5.34886833E8	0.022047316896700763
5.41700678E8	0.15303268565692352
5.48514523E8	0.3478601288993219
5.55328368E8	0.25374806735404165
5.62142213E8	0.08309038435714343
5.68956058E8	0.28737915229947264
5.75769903E8	0.1452746577006081
5.82583748E8	0.03547395046409186
5.89397593E8	0.05944294300794926
5.96211438E8	0.07646446316286913
6.03025283E8	0.018367896540059245
6.09839128E8	0.051397558940656854
6.15738246E8	0.49284636779096985
6.191451685E8	0.0
6.23466818E8	0.30148117545967074
6.30280663E8	0.1439153664340765
6.37094508E8	0.01749981104647963
6.43908353E8	0.07814618618415888
6.50722198E8	0.24908858361174932
6.57536043E8	0.07160377143888656
6.64349888E8	0.038220710920192635
6.71163733E8	0.054545267759979865
6.77977578E8	0.4850894025326376
6.84791423E8	0.12501429075654055
6.91605268E8	0.09259603058185209
6.98419113E8	0.6454019720143326
7.05232958E8	0.24671694175608633
7.12046803E8	0.1514403394852686
7.18860648E8	0.382036280543511
7.222708485E8	0.0
7.25677771E8	0.10403363218455981
7.32488338E8	0.17932122025082756
7.39302183E8	0.34903949238645726
7.46116028E8	0.28003322646758183
7.52929873E8	0.4474827355186389
7.59743718E8	0.24459831416769826
7.66557563E8	0.27438252557843623
7.73371408E8	0.45594330367068814
7.80185253E8	0.1327613117116694
7.86999098E8	0.022969263316086584
7.93812943E8	0.04462531801060928
8.00626788E8	0.09527263975039056
8.07440633E8	0.06548270469903557
8.14254478E8	0.3409927874790225
8.190716475E8	0.06791682591772931
8.2247857E8	0.14727355546757598
8.27882168E8	0.3361431027562265
8.34696013E8	0.25483555907127325
8.41509858E8	0.21365910143245112
8.48323703E8	0.6790157392778967
8.55137548E8	0.40246410066563004
8.61951393E8	0.11451654682488374
8.68765238E8	0.5061245156002228
8.75579083E8	0.266851975646643
8.82392928E8	0.09705518690254915
8.89206773E8	0.10753062331180119
8.96020618E8	0.30405182389678664
9.02834463E8	0.23260317779462256
9.09648308E8	0.16277608310726177
9.14262198E8	0.04169747735543832
9.176691205E8	0.054856576611794335
9.23275998E8	0.32790942558863606
9.30089843E8	0.17541373482960063
9.36903688E8	0.10712116286766135
9.43717533E8	0.09184902210132458
9.50531378E8	0.702403562159104
9.57345223E8	0.17793096262095778
9.64159068E8	0.22260206975650312
9.70972913E8	0.21763996686158843
9.77786758E8	0.25525250427622
9.84600603E8	0.21409659303961273
9.91414448E8	0.22003288891954542
9.98228293E8	0.1413991659628301
1.00390351E9	0.2785888252164787
1.0073104325E9	0.0
1.011855983E9	0.38408299572414695
1.018669828E9	0.30890253593969336
1.025483673E9	0.11030761633116104
1.032297518E9	0.2680031612107408
1.039111363E9	0.2192857336790021
1.045925208E9	0.42857608296050176
1.052739053E9	0.262900315460654
1.059552898E9	0.3268066708297591
1.0652815955E9	0.12482281874858675
1.068688518E9	0.0
1.073180588E9	0.1108736697121816
1.079994433E9	0.06056551036896202
1.086808278E9	0.05936369259940606
1.093622123E9	0.05229998627793852
1.100435968E9	0.04582860338032344
1.107249813E9	0.27056368320676505
1.114063658E9	0.12813661009312657
1.120877503E9	0.3736912125239127
1.127691348E9	0.2994218389176742
1.134505193E9	0.13222240893357567
1.141319038E9	0.1290741130741894
1.148132883E9	0.1548189018094776
1.154946728E9	0.4294041029697623
1.161760573E9	0.13948923111693912
1.168574418E9	0.024292891898773747
1.175388263E9	0.13904278714881246
1.182202108E9	0.01913882690316554
1.189015953E9	0.1266393644117235
1.195829798E9	0.24282941569701103
1.202643643E9	0.2627601596455452
1.209457488E9	0.12739459145313695
1.216271333E9	0.14435227100117481
1.223085178E9	0.13000603917465103
1.229899023E9	0.22668640099679402
1.236712868E9	0.34692306619830654
1.243526713E9	0.14019661439319503
1.250340558E9	0.23875799933811234
1.257154403E9	0.1044028738546298
1.2618183335E9	0.11089149790613902
1.265225256E9	0.2599828969942758
1.270782093E9	0.10842101632778556
1.277595938E9	0.2885557273463074
1.284409783E9	0.2704605109156431
1.291223628E9	0.44096849869640414
1.298037473E9	0.3827634764219028
1.304851318E9	0.5867857281755015
1.311665163E9	0.19142466551557893
1.318479008E9	0.08865963343750849
1.325292853E9	0.34434185104005155
1.332106698E9	0.2565833240996823
1.338920543E9	0.12888156393343259
1.345734388E9	0.20123439849306815
1.352548233E9	0.3954407533485132
1.359362078E9	0.03835015325414652
1.366175923E9	0.20163373249611635
1.372989768E9	0.14677043578185298
1.379803613E9	0.25172967685645914
1.386617458E9	0.2687252204885788
1.393431303E9	0.29466784172519334
1.400245148E9	0.07792575264039614
1.407058993E9	0.13664781045063396
1.413872838E9	0.2661146533271596
1.420686683E9	0.5405225683883329
1.427500528E9	0.313991586248293
1.434314373E9	0.1763857264143813
1.441128218E9	0.17661467203906164
1.444861853E9	0.7192302100470597
1.4482687755E9	0.01419399975975664
1.454755908E9	0.02587863386971673
1.461569753E9	0.08145210230053662
1.468383598E9	0.18181555347971667
1.475197443E9	0.32740926745471904
1.482011288E9	0.3163701258246996
1.488825133E9	0.09891492982302943
1.495638978E9	0.20743882492190532
1.502452823E9	0.4541879071214564
1.509266668E9	0.14575368239224695
1.516080513E9	0.13775716941022287
1.522894358E9	0.03291166734787774
1.529708203E9	0.22339442708191923
1.536522048E9	0.4093929345325583
1.543335893E9	0.3029138467341127
1.550149738E9	0.3481737550531308
1.556963583E9	0.15037045896993548
1.563777428E9	0.07754021407883507
1.570591273E9	0.15117954693715516
1.577405118E9	0.31747170650344997
1.584218963E9	0.1465178617946255
1.591032808E9	0.11374444238165089
1.597846653E9	0.12691043016094436
1.6032409105E9	0.10407027501654226
1.606647833E9	0.0
1.611474343E9	0.14896508505843617
1.618288188E9	0.1372272189930942
1.625102033E9	0.24034447510913443
1.631915878E9	0.09028676173291292
1.638729723E9	0.5980218217467523
1.645543568E9	0.11127344399527726
1.652357413E9	0.32710444690185936
1.659171258E9	0.09867703183738404
1.665985103E9	0.2353525799310081
1.672798948E9	0.020535541973731426
1.679612793E9	0.0694299620845499
1.686426638E9	0.06142317590141836
1.693240483E9	0.11549059304988593
1.700054328E9	0.08770906881503762
1.706868173E9	0.1839723386722181
1.713682018E9	0.4309292330541713
1.720495863E9	0.1661285221486547
1.727309708E9	0.24888253254953702
1.734123553E9	0.3656989555823474
1.740937398E9	0.7457715871141771
1.747751243E9	0.2271507496868508
1.754565088E9	0.2961686096469761
1.759854186E9	0.3246588854227462
1.7632611085E9	8.752271688352232E-4
1.768192778E9	0.2481079331860352
1.775006623E9	0.017346887109994432
1.781820468E9	0.14014965118813238
1.788634313E9	0.270754471227332
1.795448158E9	0.565244146293319
1.802262003E9	0.05950971881514769
1.809075848E9	0.057274123494150515
1.815889693E9	0.18199533449909705
1.822703538E9	0.12587547852937658
1.829517383E9	0.2183789035412458
1.836331228E9	0.19278336974204727
1.843145073E9	0.017878745407328756
1.849958918E9	0.10365557185407065
1.856772763E9	0.12402013840937091
1.863586608E9	0.12007772410437866
1.870400453E9	0.4033706372833547
1.877214298E9	0.36025562659555654
1.884028143E9	0.40304042724775807
1.890841988E9	0.10951026916520702
1.897655833E9	0.21531954425144686
1.904469678E9	0.2559179141879511
1.910723823E9	0.33381743084707993
1.9141307455E9	0.0
1.918097368E9	0.0648329981089972
1.924911213E9	0.1643500842769391
1.931725058E9	0.1796656660079588
1.938538903E9	0.023152419815830855
1.945352748E9	0.6948216462217734
1.952166593E9	0.2809148138826169
1.958980438E9	0.1759573339282006
1.965794283E9	0.18039858552696753
1.972608128E9	0.13824059690233634
1.979421973E9	0.11589579745356697
1.986235818E9	0.20056957562140026
1.993049663E9	0.02545992754458019
1.999863508E9	0.31267089286592226
2.006677353E9	0.161271205905036
2.013491198E9	0.0662900315460654
2.020305043E9	0.16705325700834112
2.027118888E9	0.26734978562030687
2.033932733E9	0.16403469700294035
2.040746578E9	0.23615330257732603
2.047560423E9	0.29442495389901
2.054374268E9	0.1690142643397377
2.060544391E9	0.20386178997868595
2.0639513135E9	0.0
2.068001958E9	0.11167145715818308
2.074815803E9	0.06230182811613707
2.081629648E9	0.1396293869320479
2.088443493E9	0.23882917794578537
2.095257338E9	0.13141787052684645
2.102071183E9	0.06201183032487531
2.108885028E9	0.13269732434477158
2.115698873E9	0.07060536305125814
2.122512718E9	0.19328939827659714
2.129326563E9	0.35371057016999946
2.136140408E9	0.25521566751224894
2.142954253E9	0.22636866556254215
2.149768098E9	0.03879806482243139
2.156581943E9	0.1351464554887879
2.163395788E9	0.5232735702088909
2.170209633E9	0.08655450777057594
2.177023478E9	0.3455994376156194
2.183837323E9	0.4085084119172068
2.190651168E9	0.3774221456461073
2.197465013E9	0.10897019230698674
2.204278858E9	0.176257458160554
2.2082174155E9	0.0410083986193535
2.211624338E9	0.18698078018285127
2.217906548E9	0.04806698714162121
2.224720393E9	0.21808054042908226
2.231534238E9	0.3144742799403274
2.238348083E9	0.029960910469786148
2.245161928E9	0.15371262481022097
2.251975773E9	0.1153162421510909
2.258789618E9	0.14696210436251486
2.265603463E9	0.05680904100401462
2.272417308E9	0.1123951307961951
2.279231153E9	0.29717420927537974
2.286044998E9	0.24132160329446883
2.292858843E9	0.9506699961622256
2.299672688E9	0.33227098649881237
2.306486533E9	0.17574159670494413
2.313300378E9	0.3479637414704913
2.320114223E9	0.29456334859392896
2.326928068E9	0.4329615657532568
2.333741913E9	0.2960623553955219
2.3376495495E9	0.4298391896371981
2.341056472E9	0.10359838256615105
2.347369603E9	0.045899341707949036
2.354183448E9	0.6145628496098752
2.360997293E9	0.3627754960671985
2.367811138E9	0.259476697811588
2.374624983E9	0.06861603103680815
2.381438828E9	0.2478204303150424
2.388252673E9	0.09066349469352473
2.395066518E9	0.35891556089109744
2.401880363E9	0.38829691605840755
2.408694208E9	0.38275922038144394
2.415508053E9	0.1644699872098646
2.422321898E9	0.0766433636221546
2.429135743E9	0.05847652830376975
2.435949588E9	0.4094353481771305
2.442763433E9	0.16877827423429798
2.449577278E9	0.44380536980221885
2.456391123E9	0.1772210844244329
2.4612717095E9	0.42774608051767565
2.462753523E9	0.0
2.4646867815E9	0.003575381965384817
2.470018813E9	0.07026928261502867
2.476832658E9	0.08510334473414057
2.483646503E9	0.1477079387629158
2.490460348E9	0.012268550282549721
2.497274193E9	0.12588061512993032
2.504088038E9	0.18045420757296357
2.510901883E9	0.06212410173697817
2.517715728E9	0.05966851315226572
2.524529573E9	0.020606280301357017
2.531343418E9	0.0572804341748308
2.538157263E9	0.17492781241721816
2.544971108E9	0.02302253720182951
2.551784953E9	0.02310721773095807
2.558598798E9	0.2790092818372006
2.565412643E9	0.18344150769499454
2.572226488E9	0.12360172560426602
2.579040333E9	0.015341117973772517
2.585854178E9	0.014452045797930538
2.592668023E9	0.0768274006819938
2.599481868E9	0.0764769377642139
2.606295713E9	0.08681706143887923
2.613109558E9	0.20856975760381988
2.619923403E9	0.31550776397173697
2.626737248E9	0.08552190429926128
2.631968571E9	0.174137202878425
2.6353754935E9	0.07928957701693878
2.640364938E9	0.009992742717217664
2.647178783E9	0.008026011745204066
2.653992628E9	0.008560511722823164
2.660806473E9	0.007982277260489489
2.667620318E9	0.010023855840571659
2.674434163E9	0.010167093616012693
2.681248008E9	0.009455160779266333
2.688061853E9	0.007587199297900084
2.694875698E9	0.009800633856508329
2.701689543E9	0.007778721118546136
2.708503388E9	0.008722534780289249
2.715317233E9	0.009171767188716503
2.7221309125E9	0.1827964248697515
