# Position (bp)	A	C	G	T	N
0.0	22.978355166471342	25.121555504121407	27.493691106203936	24.403908032825083	0.0024901903782288794
1.0	25.989855966118736	18.028491587283323	23.563077262988724	32.41657174432475	0.002003439284467427
2.0	27.212617039829574	19.821202919970432	22.947626358291274	30.018299724816327	2.5395709239727947E-4
3.0	30.613624529941298	19.154812455156293	23.611427871635694	26.61915458671552	9.80556551200607E-4
4.0	30.30289391866587	19.100395093746496	23.911414687029982	26.68443566818898	8.606323686796693E-4
5.0	31.573356599565322	19.8944201605813	21.45189668207175	27.079860969778895	4.655880027283457E-4
6.0	22.813000881866003	21.11385157463626	20.585119962628802	35.48718105722761	8.465236413242648E-4
7.0	25.58929508777145	22.67024877848402	21.72611390695139	30.013488648788133	8.535780050019672E-4
8.0	25.066961783619668	22.551128793422343	22.212357086528048	30.169383031701674	1.69304728264853E-4
9.0	31.479392475378333	19.13482744285736	21.93906398329019	27.44634927156288	3.668269112405148E-4
10.0	26.889767031755852	22.373817362383296	24.17562882421464	26.56063864000898	1.4814163723174636E-4
11.0	25.035337071252528	22.36238929322542	23.42975684384383	29.172178182221693	3.38609456529706E-4
12.0	25.955501215008326	21.843653714549266	21.92346678519879	30.27721603487903	1.6225036458715077E-4
13.0	26.92535629650986	20.88099408399899	21.79214980533836	30.40143632487969	6.348927309931987E-5
14.0	26.689260852944525	21.02535458229949	22.36856186144341	29.916653398584316	1.69304728264853E-4
15.0	26.812056161482285	21.086642893931366	22.489537144152326	29.61158038697841	1.834134556202574E-4
16.0	26.941334430239856	21.17552787627041	22.31399635839638	29.568845051818887	2.9628327446349273E-4
17.0	27.192751951713163	20.99774380286496	22.28142636129643	29.52792974248821	1.4814163723174636E-4
18.0	26.81286741330522	21.223589256006598	22.385767454453326	29.57647081895448	0.0013050572803749085
19.0	26.949947808290332	21.194109070197477	22.504146731328845	29.346858335608957	0.004938054574391545
20.0	26.911169971154003	21.32274539186038	22.37613824803326	29.379583528709812	0.010362860242544543
21.0	27.182269167288098	21.127974410719023	22.37119313909519	29.305004795909145	0.013558486988543643
22.0	27.038289604626197	21.164819352207658	22.308155345271246	29.471819333795768	0.016916364099129895
23.0	27.149776768188598	21.11950917430578	22.339067566906937	29.381516424357507	0.01013006624118037
24.0	27.08816897660563	21.3411778748712	22.40817398255902	29.15670143791355	0.005777728050594556
25.0	27.323794992769805	21.311850937696015	22.284507417255238	29.07840040162028	0.0014462506586613519
26.0	27.563440731855888	20.974128714264165	22.179502972286176	29.282200895756706	7.266858370623605E-4
27.0	27.487105132723382	21.1796215059681	22.682188837795074	28.650858746478846	2.257770345950389E-4
28.0	26.80906607663876	21.975126790120854	23.235996744949368	27.97978922044247	2.116784854997062E-5
29.0	24.60989458647281	22.36944256703595	22.886913427060904	30.133742362977443	7.056452893307986E-6
30.0	26.44721212425738	20.07388529853624	20.385436291361117	33.09346628584527	0.0
31.0	29.2936665278368	20.344052452986823	23.387701424174224	26.9745160734566	6.352154555542922E-5
32.0	28.563113279267466	20.40075755276293	23.11447220835948	27.921656959610125	0.0
33.0	31.85908379118358	18.678094213365977	20.770798120872463	28.691903852154965	1.2002242301267579E-4
34.0	25.207744181909362	21.664576365712527	21.654018339045145	31.471846121457702	0.0018149918752630237
35.0	24.961918420479766	22.939517441427075	20.744640748796517	31.353605129276513	3.182600201338361E-4
36.0	23.7589271277194	22.87027808270056	22.857629843811324	30.513029784610733	1.3516115798397317E-4
37.0	25.114683485235762	22.3969243591984	24.17152358890417	28.316191119158574	6.774475030996866E-4
38.0	29.58432108089607	23.638526041766553	22.957615217126836	23.81867392245421	8.637377563343087E-4
39.0	22.22677918054712	26.78678222121676	29.314490588831593	21.667661636285384	0.0042863731191451655
