# Position (bp)	A	C	G	T	N
0.0	18.538536474664642	32.101053598757936	28.725981297030717	20.628395413648906	0.0060332158978006435
1.0	20.863303379431162	25.10617629721061	24.263255777911233	29.766503474634202	7.610708127959528E-4
2.0	25.110452131413407	27.069019436364794	23.9022591349254	23.91754973943703	7.195578593707189E-4
3.0	27.869167775985034	24.674510769843884	24.701079060036033	22.75524239413505	0.0
4.0	28.744482236607226	22.489241226237294	24.719178707729437	24.046876427007774	2.2140241826791354E-4
5.0	28.461848212037093	23.3341958802545	23.476903576479312	24.7217525108418	0.00529982038728818
6.0	25.851984180797217	22.330205101665225	19.86737995145752	31.95033390252205	9.686355799221217E-5
7.0	24.735687025541537	25.124151406043733	21.984706627958143	28.155371914549736	8.302590685046757E-5
8.0	24.03591700730351	25.658049500045664	22.04052771266394	28.265464267033458	4.151295342523379E-5
9.0	31.008128236280662	22.17606750559733	21.585808658495072	25.229884898417804	1.1070120913395677E-4
10.0	27.382442234725307	24.890668718329074	24.297310237371068	23.42937124480742	2.0756476712616894E-4
11.0	25.099409685802293	25.15285069451171	23.700520018929907	26.046541555850144	6.780449059454852E-4
12.0	25.760669520912842	24.6702072603388	23.089449344510466	26.47809638200773	0.001577492230158884
13.0	26.2619245958714	24.32508240321255	22.68211040785093	26.727160264907994	0.003722328157129296
14.0	26.24686923142918	24.239316641436016	23.18761364171	26.319807490597313	0.006392994827486003
15.0	26.11941062676257	24.586309581466402	23.064666111315603	26.215084146756595	0.014529533698831826
16.0	26.50383441313138	24.5618446142478	22.757816197247415	26.15639866826445	0.0201061071089549
17.0	26.388497590864933	24.430857408540042	23.03984136516731	26.115577597396307	0.0252260380314004
18.0	26.401989300728136	24.70785950909549	22.872336598096492	25.9975009202038	0.020313671876081067
19.0	26.525476499517065	24.387213456838982	23.16444941369872	25.90923054357061	0.013630086374618426
20.0	26.249498385146115	24.614953519329816	23.11211541708064	26.016970495360237	0.006462183083194726
21.0	26.368668236778813	24.596743170427278	23.15340696808761	25.87938273005787	0.0017988946484267972
22.0	26.589946116186454	24.23339412674735	23.010754622467363	26.165296277948595	6.088566502367622E-4
23.0	26.722967456612047	24.06810338385921	23.124430926596794	26.083584947956595	9.132849753551432E-4
24.0	26.37532602534695	24.763230318918104	22.99512401140701	25.86607055874877	2.4908557916271824E-4
25.0	26.90871082473135	24.44111640684863	22.890663586002333	25.75930160291508	2.0757950260353133E-4
26.0	27.153322189043376	23.904626504136623	23.05122890499809	25.89061481301161	2.075888102988407E-4
27.0	27.418725120058284	24.187147400805127	23.29997762076793	25.093845379020735	3.0447934792702847E-4
28.0	25.99802962919493	25.409686539970185	24.348515356878497	24.243491658726683	2.7681522970958206E-4
29.0	23.650926180204284	26.485193740421497	23.91112368558596	25.95246571671554	2.906770727213132E-4
30.0	24.364933287263447	24.07804858600893	21.220303751151746	30.336326768374793	3.8760720107732655E-4
31.0	27.015809488683658	24.434307387895675	24.386958667058746	24.162675252568043	2.4920379387855803E-4
32.0	27.070989203074582	24.055393644136792	24.459419866032608	24.4134495772395	7.477095165144108E-4
33.0	31.889222250166465	22.694733827392476	22.6949692607172	22.72034066371147	7.339980123887785E-4
34.0	24.21924862615992	23.69995529400323	21.26147660568577	30.81839127403224	9.282001188373227E-4
35.0	23.79241600039955	26.15954062599281	20.27051624082452	29.776736352449408	7.907803337093008E-4
36.0	23.336152578437684	26.090844222574567	20.918515076080567	29.653734960461758	7.531624454236176E-4
37.0	26.23574860159624	25.587580543322712	21.55955885330606	26.616570150617513	5.418511574796278E-4
38.0	28.644841018052297	26.12686866253555	20.04039343810964	25.185387526787363	0.002509354515153275
39.0	21.394947357092892	30.117572148583932	26.918401999294506	21.566492684997517	0.0025858100311492954
