#Position (bp)	mapping quality
3406923.0	35.34461163569905
1.0220768E7	35.542886695286
1.7034613E7	38.75879694487514
2.3848458E7	35.46180882852422
3.0662303E7	35.934371306021816
3.7476148E7	38.32548706657749
4.4289993E7	38.65119797803849
5.1103838E7	37.165119698723835
5.7917683E7	39.39199475100337
6.4731528E7	39.847839151354464
7.1545373E7	39.38113920371985
7.8359218E7	40.955723365302084
8.5173063E7	37.61664321758868
9.1986908E7	40.415323606316505
9.8800753E7	31.814924281984336
1.05614598E8	35.03016207307023
1.12428443E8	38.655498374539654
1.19242288E8	39.89866230145535
1.26056133E8	39.8349788402783
1.300790245E8	21.357232599045147
1.33485947E8	39.336020611544214
1.39683823E8	39.72234342207003
1.46497668E8	31.652878011028346
1.53311513E8	40.65549730061513
1.60125358E8	37.34604042990727
1.66939203E8	40.073941276019056
1.73753048E8	41.05800218068858
1.80566893E8	38.18101641917628
1.87380738E8	40.48109010862691
1.94194583E8	40.82556675803814
2.01008428E8	39.74075114729154
2.07822273E8	40.86883315815235
2.14636118E8	35.6251750292462
2.21449963E8	41.063314595463986
2.28263808E8	40.71161194745601
2.35077653E8	38.15562843465892
2.41891498E8	39.05206799103633
2.48705343E8	40.76878670446635
2.52444901E8	37.83828125
2.558518235E8	38.446010961164475
2.62333033E8	29.38427221060691
2.69146878E8	31.5513376915893
2.75960723E8	30.225178984287435
2.82774568E8	40.13597461978829
2.89588413E8	36.5828055252413
2.96402258E8	30.70780363897738
3.03216103E8	38.71711719669271
3.10029948E8	33.70087864072534
3.16843793E8	31.499259157634793
3.23657638E8	10.551082504464894
3.30471483E8	40.16963916172863
3.37285328E8	39.745175221193065
3.44099173E8	33.305309593324715
3.50913018E8	40.4292701963592
3.57726863E8	40.8715257968373
3.64540708E8	39.2991830464453
3.704270945E8	31.62151474084113
3.73834017E8	0.0
3.78168398E8	34.863528751035915
3.84982243E8	25.661898626903497
3.91796088E8	35.88565227860491
3.98609933E8	35.279138589674226
4.05423778E8	40.10522090741512
4.12237623E8	40.7669556849537
4.19051468E8	39.83275846168912
4.25865313E8	39.08875248885872
4.32679158E8	36.58807218236941
4.39493003E8	35.54893572395241
4.46306848E8	37.655299011586436
4.53120693E8	33.80249948955285
4.59934538E8	36.48059552448822
4.66748383E8	38.94327700392221
4.73562228E8	39.86024750112768
4.80376073E8	39.19049459929631
4.87189918E8	37.83193688842676
4.91962519E8	37.19428880229813
4.953694415E8	2.301516410469464
5.00817608E8	25.065359037182628
5.07631453E8	36.50169543773119
5.14445298E8	30.630930228019686
5.21259143E8	40.34752336456921
5.28072988E8	39.917517413035185
5.34886833E8	26.18475887538076
5.41700678E8	39.139436771907185
5.48514523E8	40.00807283177775
5.55328368E8	40.706401387263405
5.62142213E8	27.81771156116505
5.68956058E8	40.14362456209673
5.75769903E8	36.076172114752794
5.82583748E8	25.916288970595723
5.89397593E8	36.911881793253826
5.96211438E8	37.28544014565316
6.03025283E8	27.47609328267723
6.09839128E8	35.215457793015005
6.15738246E8	39.06955171379329
6.191451685E8	0.0
6.23466818E8	39.051365248362956
6.30280663E8	39.53580927394606
6.37094508E8	24.431022183558067
6.43908353E8	38.97252121020947
6.50722198E8	38.12738005076934
6.57536043E8	39.745324956316885
6.64349888E8	35.375357649762314
6.71163733E8	40.50655956462206
6.77977578E8	37.40719254219822
6.84791423E8	40.854500619015134
6.91605268E8	40.794881883902306
6.98419113E8	40.80663725828483
7.05232958E8	40.3174084546823
7.12046803E8	40.07801554042884
7.18860648E8	40.54144530665872
7.222708485E8	0.0
7.25677771E8	40.277148740174134
7.32488338E8	39.90020733624482
7.39302183E8	39.71408660916988
7.46116028E8	38.518851487152794
7.52929873E8	40.33373812216648
7.59743718E8	39.04144931026291
7.66557563E8	40.111811717616185
7.73371408E8	36.40254534060749
7.80185253E8	31.04338489419073
7.86999098E8	35.99016612842222
7.93812943E8	29.497254779798293
8.00626788E8	40.141449648750296
8.07440633E8	37.412861610182205
8.14254478E8	40.61690172348842
8.190716475E8	36.01604160814766
8.2247857E8	20.03320834272104
8.27882168E8	19.467179532363403
8.34696013E8	34.720594343734774
8.41509858E8	35.94028193596606
8.48323703E8	40.78425681452054
8.55137548E8	35.61425813027925
8.61951393E8	36.408636005120314
8.68765238E8	40.586205475343476
8.75579083E8	40.68577148826104
8.82392928E8	38.80478128540469
8.89206773E8	39.80311178423322
8.96020618E8	38.88715876153985
9.02834463E8	39.32085445989108
9.09648308E8	40.109417771175565
9.14262198E8	30.735355388346495
9.176691205E8	31.26405728142014
9.23275998E8	36.86368559187818
9.30089843E8	29.55041085861262
9.36903688E8	36.13849027254404
9.43717533E8	29.418799040431807
9.50531378E8	40.5319623279518
9.57345223E8	38.96701486270349
9.64159068E8	37.023979679442014
9.70972913E8	19.40239002831973
9.77786758E8	40.08210996885981
9.84600603E8	39.961679433138436
9.91414448E8	39.36043708730322
9.98228293E8	41.01707601584263
1.00390351E9	28.78556582161334
1.0073104325E9	0.0
1.011855983E9	40.5892917024866
1.018669828E9	40.09007216231587
1.025483673E9	39.229105431309904
1.032297518E9	38.037870262273124
1.039111363E9	37.61599624793439
1.045925208E9	40.06472041755108
1.052739053E9	40.42174291007553
1.059552898E9	38.25146207045096
1.0652815955E9	30.549476500282744
1.068688518E9	0.0
1.073180588E9	32.53569507189128
1.079994433E9	39.80958630752285
1.086808278E9	40.16660259224373
1.093622123E9	24.84411517207277
1.100435968E9	38.25582279262047
1.107249813E9	40.80046845735285
1.114063658E9	32.26523820644559
1.120877503E9	39.41408990752864
1.127691348E9	39.69059324875432
1.134505193E9	36.5505647095227
1.141319038E9	40.10107922122106
1.148132883E9	39.81001586787856
1.154946728E9	37.18952250299543
1.161760573E9	40.413079582710395
1.168574418E9	30.188660448785182
1.175388263E9	39.61602413699883
1.182202108E9	25.22474230322889
1.189015953E9	36.7028808170344
1.195829798E9	39.474484701763025
1.202643643E9	40.66110717381313
1.209457488E9	35.78527130639204
1.216271333E9	34.91763352571349
1.223085178E9	40.47125064014498
1.229899023E9	40.11519582054811
1.236712868E9	23.205450413249192
1.243526713E9	39.81409538029531
1.250340558E9	40.46829622848028
1.257154403E9	39.2953552401993
1.2618183335E9	39.82308458132983
1.265225256E9	39.63492785380576
1.270782093E9	30.25823043144269
1.277595938E9	38.29306073704284
1.284409783E9	25.23789664768131
1.291223628E9	40.99418155839214
1.298037473E9	40.79570635576874
1.304851318E9	39.9808453775479
1.311665163E9	35.11978060614584
1.318479008E9	36.53065774804905
1.325292853E9	39.283077426234364
1.332106698E9	39.51301339344219
1.338920543E9	39.55937335289514
1.345734388E9	33.633683113892296
1.352548233E9	39.14653575113046
1.359362078E9	23.578732699525236
1.366175923E9	40.66716306775875
1.372989768E9	34.20823934130386
1.379803613E9	40.419342887455585
1.386617458E9	39.45919507384506
1.393431303E9	40.24643328514864
1.400245148E9	38.29744883655733
1.407058993E9	41.195907770808844
1.413872838E9	41.05032064029294
1.420686683E9	39.76383663531452
1.427500528E9	40.585218571086536
1.434314373E9	40.95881551317508
1.441128218E9	34.25402335479207
1.444861853E9	39.48916088404298
1.4482687755E9	29.47094345158057
1.454755908E9	37.41751536007356
1.461569753E9	37.88885306031963
1.468383598E9	32.31358191031311
1.475197443E9	38.85925808437984
1.482011288E9	38.45294733126592
1.488825133E9	33.430818174094455
1.495638978E9	36.69216049069803
1.502452823E9	31.873988924995697
1.509266668E9	37.35840754944556
1.516080513E9	38.47931238844746
1.522894358E9	37.36174295527828
1.529708203E9	40.060303444458874
1.536522048E9	39.23897573625336
1.543335893E9	38.27069949523331
1.550149738E9	40.26048852573608
1.556963583E9	40.025332298834144
1.563777428E9	39.73777866732356
1.570591273E9	39.166553465735866
1.577405118E9	40.86310352699883
1.584218963E9	40.903200465327735
1.591032808E9	39.00761390942486
1.597846653E9	37.86968388963981
1.6032409105E9	37.98296352781446
1.606647833E9	0.0
1.611474343E9	38.44269763033589
1.618288188E9	33.66602075492836
1.625102033E9	30.892035476424525
1.631915878E9	30.724247669773636
1.638729723E9	38.47896103757301
1.645543568E9	40.74929968075449
1.652357413E9	39.31603976905938
1.659171258E9	35.66872065611049
1.665985103E9	39.801060170528054
1.672798948E9	33.51535931461076
1.679612793E9	30.255303420622297
1.686426638E9	38.473957269825576
1.693240483E9	36.858979140848405
1.700054328E9	37.04680803695664
1.706868173E9	38.93311745270099
1.713682018E9	39.468451031355414
1.720495863E9	39.64969418179116
1.727309708E9	39.996084146668274
1.734123553E9	39.9028534298439
1.740937398E9	34.3335906240482
1.747751243E9	39.547939812901596
1.754565088E9	39.08672423726725
1.759854186E9	40.678175586683295
1.7632611085E9	3.0
1.768192778E9	34.42015485460739
1.775006623E9	21.548976166498825
1.781820468E9	36.01584326484422
1.788634313E9	37.01638219180328
1.795448158E9	38.48242099546392
1.802262003E9	39.04525215614907
1.809075848E9	38.42356203230788
1.815889693E9	39.29811982644552
1.822703538E9	33.74487883888589
1.829517383E9	38.90058266094868
1.836331228E9	39.78785353470602
1.843145073E9	18.217960330274746
1.849958918E9	39.60110114148033
1.856772763E9	36.70721600335169
1.863586608E9	37.723382573748516
1.870400453E9	39.732639096067906
1.877214298E9	40.73920063554516
1.884028143E9	40.532071268939376
1.890841988E9	38.310214460922204
1.897655833E9	40.53590274916199
1.904469678E9	40.62345562894425
1.910723823E9	40.84895264423172
1.9141307455E9	0.0
1.918097368E9	36.53985290225522
1.924911213E9	30.974876017591466
1.931725058E9	22.133737103978888
1.938538903E9	38.055020688379834
1.945352748E9	40.764179288274015
1.952166593E9	32.04070000214709
1.958980438E9	35.430509510280956
1.965794283E9	28.852190147060508
1.972608128E9	33.388481119228835
1.979421973E9	34.15779997427873
1.986235818E9	38.391309537465624
1.993049663E9	39.011212702857605
1.999863508E9	40.68961601057407
2.006677353E9	40.581797300861616
2.013491198E9	41.076274143476105
2.020305043E9	26.524754325998718
2.027118888E9	40.583577330378944
2.033932733E9	40.166236568268545
2.040746578E9	41.06197295943916
2.047560423E9	38.53996155225425
2.054374268E9	35.370351606039115
2.060544391E9	38.383526106122304
2.0639513135E9	0.0
2.068001958E9	38.22707419425439
2.074815803E9	28.2221247420838
2.081629648E9	39.98167204467808
2.088443493E9	38.618495065435326
2.095257338E9	40.06538220175083
2.102071183E9	38.19217726382316
2.108885028E9	39.797535262248296
2.115698873E9	26.676290439715533
2.122512718E9	30.718976859046688
2.129326563E9	39.696651415151635
2.136140408E9	40.1797180011982
2.142954253E9	40.5673023068836
2.149768098E9	37.56750061834344
2.156581943E9	37.78008870008162
2.163395788E9	40.93211057222417
2.170209633E9	25.60890043219634
2.177023478E9	39.00777345130916
2.183837323E9	40.5356838324444
2.190651168E9	40.38680887809106
2.197465013E9	40.54943177311715
2.204278858E9	40.94149341898585
2.2082174155E9	39.65831627051248
2.211624338E9	38.60364288243626
2.217906548E9	39.62272591504132
2.224720393E9	38.57849102011898
2.231534238E9	28.149527037991568
2.238348083E9	37.72180154966441
2.245161928E9	39.6128492970418
2.251975773E9	37.53440337801745
2.258789618E9	23.75631385194909
2.265603463E9	30.702079225515998
2.272417308E9	37.504127428639414
2.279231153E9	39.94075243443784
2.286044998E9	36.80603302878715
2.292858843E9	39.4774881337395
2.299672688E9	38.646486550158485
2.306486533E9	39.34785508376672
2.313300378E9	38.87184042401182
2.320114223E9	40.196426847852834
2.326928068E9	40.4943564334659
2.333741913E9	39.48761058248553
2.3376495495E9	27.633256116164755
2.341056472E9	1.5656100414709486
2.347369603E9	37.93108734254481
2.354183448E9	38.89614563595808
2.360997293E9	39.945408472482306
2.367811138E9	38.495671239037556
2.374624983E9	35.37316054692167
2.381438828E9	40.85552976796206
2.388252673E9	39.17187864891833
2.395066518E9	10.662921400966013
2.401880363E9	40.82211302676039
2.408694208E9	40.090333504671484
2.415508053E9	34.38706870014659
2.422321898E9	38.291042272196236
2.429135743E9	35.394675561709356
2.435949588E9	39.88496923888205
2.442763433E9	40.03967457753272
2.449577278E9	40.20544881811171
2.456391123E9	36.720100409314604
2.4612717095E9	36.834399539458765
2.462753523E9	0.0
2.4646867815E9	4.614455865557187
2.470018813E9	34.83605655902074
2.476832658E9	39.088801486774564
2.483646503E9	31.469244409843864
2.490460348E9	5.659009745870101
2.497274193E9	30.24378023683048
2.504088038E9	36.04111701216378
2.510901883E9	36.576076590889215
2.517715728E9	31.751785807122435
2.524529573E9	38.627150535292735
2.531343418E9	24.30078507078507
2.538157263E9	36.62718464553826
2.544971108E9	23.95041728683819
2.551784953E9	24.84793750091781
2.558598798E9	34.4237500556444
2.565412643E9	38.82285959625329
2.572226488E9	26.236532860156014
2.579040333E9	28.52144783569066
2.585854178E9	12.972977061704581
2.592668023E9	25.267562930014826
2.599481868E9	35.36712258064516
2.606295713E9	33.037273649216615
2.613109558E9	24.823811184319194
2.619923403E9	37.379807897545355
2.626737248E9	38.38136044352692
2.631968571E9	23.18311082326273
2.6353754935E9	1.3525517830450566
2.640364938E9	2.7735335195530726
2.647178783E9	1.9943081452404319
2.653992628E9	1.6591370215068308
2.660806473E9	1.2771162589305045
2.667620318E9	1.6445445855523693
2.674434163E9	1.6366874167673202
2.681248008E9	1.4847617862918274
2.688061853E9	1.1090785907859078
2.694875698E9	1.8528198074277855
2.701689543E9	0.9830905030309476
2.708503388E9	2.39522789843989
2.715317233E9	1.2697658635900917
2.7221309125E9	18.13945849594986
