#Coverage	Number of genomic locations
0.0	2.534314469E9
1.0	7.4149543E7
2.0	3.7094548E7
3.0	2.3399274E7
4.0	1.5630567E7
5.0	1.0685456E7
6.0	7434576.0
7.0	5262124.0
8.0	3803136.0
9.0	2802944.0
10.0	2108979.0
11.0	1598655.0
12.0	1236236.0
13.0	970313.0
14.0	771909.0
15.0	620559.0
16.0	505771.0
17.0	414780.0
18.0	343577.0
19.0	286598.0
20.0	242511.0
21.0	204308.0
22.0	174058.0
23.0	150477.0
24.0	130307.0
25.0	111740.0
26.0	98918.0
27.0	86102.0
28.0	75372.0
29.0	66612.0
30.0	59172.0
31.0	52233.0
32.0	46937.0
33.0	42423.0
34.0	38437.0
35.0	34718.0
36.0	31503.0
37.0	27702.0
38.0	25344.0
39.0	23326.0
40.0	21260.0
41.0	19579.0
42.0	17687.0
43.0	16428.0
44.0	15256.0
45.0	14084.0
46.0	13042.0
47.0	12283.0
48.0	11384.0
49.0	10515.0
50.0	9885.0
51.0	9126.0
52.0	8545.0
53.0	7978.0
54.0	7509.0
55.0	6984.0
56.0	6520.0
57.0	6296.0
58.0	5731.0
59.0	5466.0
60.0	5101.0
61.0	4742.0
62.0	4543.0
63.0	4391.0
64.0	4081.0
65.0	3927.0
66.0	3707.0
67.0	3502.0
68.0	3355.0
69.0	3258.0
70.0	3019.0
71.0	2696.0
72.0	2683.0
73.0	2623.0
74.0	2595.0
75.0	2370.0
76.0	2439.0
77.0	2197.0
78.0	2192.0
79.0	2173.0
80.0	1976.0
81.0	1926.0
82.0	1909.0
83.0	1741.0
84.0	1799.0
85.0	1604.0
86.0	1679.0
87.0	1548.0
88.0	1491.0
89.0	1456.0
90.0	1452.0
91.0	1361.0
92.0	1283.0
93.0	1293.0
94.0	1241.0
95.0	1179.0
96.0	1189.0
97.0	1194.0
98.0	1098.0
99.0	1123.0
100.0	1020.0
101.0	1044.0
102.0	978.0
103.0	984.0
104.0	1000.0
105.0	921.0
106.0	965.0
107.0	903.0
108.0	893.0
109.0	916.0
110.0	952.0
111.0	973.0
112.0	927.0
113.0	855.0
114.0	802.0
115.0	859.0
116.0	805.0
117.0	810.0
118.0	781.0
119.0	785.0
120.0	746.0
121.0	742.0
122.0	731.0
123.0	713.0
124.0	732.0
125.0	615.0
126.0	665.0
127.0	621.0
128.0	577.0
129.0	600.0
130.0	616.0
131.0	564.0
132.0	562.0
133.0	611.0
134.0	544.0
135.0	537.0
136.0	545.0
137.0	524.0
138.0	450.0
139.0	519.0
140.0	485.0
141.0	513.0
142.0	450.0
143.0	436.0
144.0	477.0
145.0	423.0
146.0	387.0
147.0	389.0
148.0	383.0
149.0	330.0
150.0	317.0
151.0	368.0
152.0	319.0
153.0	290.0
154.0	331.0
155.0	316.0
156.0	301.0
157.0	283.0
158.0	285.0
159.0	257.0
160.0	291.0
161.0	269.0
162.0	248.0
163.0	231.0
164.0	260.0
165.0	216.0
166.0	213.0
167.0	235.0
168.0	210.0
169.0	182.0
170.0	180.0
171.0	163.0
172.0	180.0
173.0	181.0
174.0	187.0
175.0	191.0
176.0	150.0
177.0	138.0
178.0	152.0
179.0	131.0
180.0	136.0
181.0	107.0
182.0	128.0
183.0	109.0
184.0	112.0
185.0	107.0
186.0	91.0
187.0	111.0
188.0	119.0
189.0	159.0
190.0	106.0
191.0	108.0
192.0	104.0
193.0	89.0
194.0	83.0
195.0	94.0
196.0	73.0
197.0	58.0
198.0	58.0
199.0	72.0
200.0	70.0
201.0	63.0
202.0	65.0
203.0	62.0
204.0	58.0
205.0	59.0
206.0	54.0
207.0	56.0
208.0	64.0
209.0	65.0
210.0	75.0
211.0	76.0
212.0	57.0
213.0	60.0
214.0	66.0
215.0	62.0
216.0	66.0
217.0	60.0
218.0	48.0
219.0	60.0
220.0	58.0
221.0	62.0
222.0	48.0
223.0	50.0
224.0	57.0
225.0	56.0
226.0	59.0
227.0	51.0
228.0	49.0
229.0	35.0
230.0	43.0
231.0	38.0
232.0	34.0
233.0	38.0
234.0	58.0
235.0	40.0
236.0	41.0
237.0	46.0
238.0	32.0
239.0	31.0
240.0	31.0
241.0	35.0
242.0	40.0
243.0	40.0
244.0	44.0
245.0	23.0
246.0	31.0
247.0	17.0
248.0	20.0
249.0	35.0
250.0	28.0
251.0	26.0
252.0	31.0
253.0	22.0
254.0	27.0
255.0	28.0
256.0	26.0
257.0	29.0
258.0	23.0
259.0	32.0
260.0	22.0
261.0	32.0
262.0	28.0
263.0	26.0
264.0	19.0
265.0	19.0
266.0	26.0
267.0	37.0
268.0	24.0
269.0	24.0
270.0	24.0
271.0	23.0
272.0	28.0
273.0	23.0
274.0	25.0
275.0	38.0
276.0	25.0
277.0	16.0
278.0	27.0
279.0	20.0
280.0	27.0
281.0	25.0
282.0	20.0
283.0	24.0
284.0	26.0
285.0	31.0
286.0	21.0
287.0	23.0
288.0	32.0
289.0	29.0
290.0	25.0
291.0	30.0
292.0	23.0
293.0	24.0
294.0	28.0
295.0	17.0
296.0	41.0
297.0	20.0
298.0	19.0
299.0	14.0
300.0	15.0
301.0	23.0
302.0	26.0
303.0	17.0
304.0	21.0
305.0	21.0
306.0	17.0
307.0	15.0
308.0	20.0
309.0	20.0
310.0	13.0
311.0	12.0
312.0	15.0
313.0	17.0
314.0	10.0
315.0	21.0
316.0	23.0
317.0	19.0
318.0	19.0
319.0	10.0
320.0	17.0
321.0	12.0
322.0	14.0
323.0	17.0
324.0	14.0
325.0	20.0
326.0	4.0
327.0	20.0
328.0	15.0
329.0	10.0
330.0	17.0
331.0	18.0
332.0	18.0
333.0	15.0
334.0	21.0
335.0	11.0
336.0	18.0
337.0	5.0
338.0	11.0
339.0	17.0
340.0	3.0
341.0	11.0
342.0	9.0
343.0	15.0
344.0	14.0
345.0	11.0
346.0	16.0
347.0	11.0
348.0	16.0
349.0	13.0
350.0	11.0
351.0	15.0
352.0	17.0
353.0	10.0
354.0	8.0
355.0	21.0
356.0	8.0
357.0	11.0
358.0	11.0
359.0	17.0
360.0	19.0
361.0	20.0
362.0	12.0
363.0	8.0
364.0	14.0
365.0	12.0
366.0	6.0
367.0	18.0
368.0	18.0
369.0	20.0
370.0	20.0
371.0	21.0
372.0	15.0
373.0	10.0
374.0	26.0
375.0	23.0
376.0	26.0
377.0	21.0
378.0	18.0
379.0	17.0
380.0	13.0
381.0	11.0
382.0	10.0
383.0	8.0
384.0	19.0
385.0	18.0
386.0	11.0
387.0	17.0
388.0	19.0
389.0	9.0
390.0	16.0
391.0	17.0
392.0	14.0
393.0	9.0
394.0	14.0
395.0	10.0
396.0	12.0
397.0	13.0
398.0	22.0
399.0	17.0
400.0	20.0
401.0	7.0
402.0	10.0
403.0	13.0
404.0	12.0
405.0	17.0
406.0	15.0
407.0	15.0
408.0	19.0
409.0	31.0
410.0	18.0
411.0	13.0
412.0	19.0
413.0	34.0
414.0	16.0
415.0	22.0
416.0	20.0
417.0	19.0
418.0	12.0
419.0	14.0
420.0	13.0
421.0	13.0
422.0	16.0
423.0	15.0
424.0	14.0
425.0	16.0
426.0	17.0
427.0	15.0
428.0	15.0
429.0	20.0
430.0	12.0
431.0	13.0
432.0	11.0
433.0	9.0
434.0	16.0
435.0	16.0
436.0	4.0
437.0	12.0
438.0	11.0
439.0	14.0
440.0	9.0
441.0	11.0
442.0	9.0
443.0	10.0
444.0	7.0
445.0	14.0
446.0	12.0
447.0	4.0
448.0	11.0
449.0	8.0
450.0	6.0
451.0	3.0
452.0	9.0
453.0	9.0
454.0	7.0
455.0	7.0
456.0	11.0
457.0	12.0
458.0	11.0
459.0	9.0
460.0	8.0
461.0	8.0
462.0	8.0
463.0	20.0
464.0	5.0
465.0	10.0
466.0	10.0
467.0	7.0
468.0	8.0
469.0	8.0
470.0	6.0
471.0	4.0
472.0	12.0
473.0	8.0
474.0	6.0
475.0	5.0
476.0	8.0
477.0	6.0
478.0	8.0
479.0	10.0
480.0	9.0
481.0	7.0
482.0	5.0
483.0	7.0
484.0	6.0
485.0	9.0
486.0	3.0
487.0	1.0
488.0	7.0
489.0	6.0
490.0	7.0
491.0	9.0
492.0	8.0
493.0	6.0
494.0	4.0
495.0	8.0
496.0	12.0
497.0	14.0
498.0	10.0
499.0	12.0
500.0	14.0
501.0	4.0
502.0	5.0
503.0	5.0
504.0	11.0
505.0	9.0
506.0	3.0
507.0	13.0
508.0	6.0
509.0	8.0
510.0	6.0
511.0	7.0
512.0	10.0
513.0	9.0
514.0	7.0
515.0	6.0
516.0	9.0
517.0	7.0
518.0	8.0
519.0	10.0
520.0	3.0
521.0	5.0
522.0	4.0
523.0	4.0
524.0	7.0
525.0	5.0
526.0	5.0
527.0	4.0
528.0	6.0
529.0	7.0
530.0	6.0
531.0	8.0
532.0	3.0
533.0	8.0
534.0	7.0
535.0	10.0
536.0	6.0
537.0	5.0
538.0	7.0
539.0	3.0
540.0	3.0
541.0	2.0
542.0	7.0
543.0	6.0
544.0	9.0
545.0	6.0
546.0	4.0
547.0	7.0
548.0	6.0
549.0	3.0
550.0	4.0
551.0	4.0
552.0	8.0
553.0	5.0
554.0	7.0
555.0	7.0
556.0	4.0
557.0	7.0
558.0	7.0
559.0	8.0
560.0	7.0
561.0	2.0
562.0	11.0
563.0	8.0
564.0	19.0
565.0	7.0
566.0	3.0
567.0	7.0
568.0	8.0
569.0	5.0
570.0	2.0
571.0	4.0
572.0	5.0
573.0	6.0
574.0	8.0
575.0	8.0
576.0	6.0
577.0	2.0
578.0	3.0
579.0	5.0
580.0	5.0
581.0	4.0
582.0	5.0
583.0	8.0
584.0	4.0
585.0	3.0
586.0	2.0
587.0	4.0
588.0	9.0
589.0	6.0
590.0	3.0
591.0	3.0
592.0	2.0
593.0	1.0
594.0	8.0
595.0	3.0
596.0	9.0
597.0	8.0
598.0	10.0
599.0	8.0
600.0	8.0
601.0	1.0
602.0	9.0
603.0	6.0
604.0	5.0
605.0	6.0
606.0	4.0
607.0	7.0
608.0	5.0
609.0	3.0
610.0	5.0
611.0	3.0
612.0	5.0
613.0	2.0
614.0	5.0
615.0	6.0
616.0	5.0
617.0	7.0
618.0	11.0
619.0	7.0
620.0	5.0
621.0	4.0
622.0	4.0
623.0	7.0
624.0	4.0
625.0	6.0
626.0	7.0
627.0	4.0
628.0	6.0
629.0	7.0
630.0	6.0
631.0	1.0
632.0	1.0
633.0	6.0
634.0	3.0
635.0	10.0
636.0	1.0
637.0	4.0
638.0	1.0
639.0	5.0
640.0	6.0
641.0	8.0
642.0	1.0
643.0	2.0
644.0	2.0
645.0	5.0
646.0	4.0
647.0	7.0
648.0	3.0
649.0	2.0
650.0	4.0
651.0	4.0
652.0	7.0
653.0	5.0
654.0	4.0
655.0	5.0
656.0	7.0
657.0	1.0
658.0	5.0
659.0	2.0
660.0	3.0
661.0	4.0
662.0	3.0
663.0	2.0
664.0	1.0
665.0	4.0
666.0	3.0
667.0	7.0
668.0	5.0
669.0	1.0
670.0	2.0
671.0	4.0
672.0	6.0
673.0	6.0
674.0	3.0
675.0	7.0
676.0	4.0
677.0	6.0
678.0	6.0
679.0	6.0
680.0	2.0
681.0	3.0
682.0	2.0
683.0	5.0
684.0	5.0
685.0	5.0
686.0	6.0
687.0	5.0
688.0	1.0
689.0	6.0
690.0	3.0
691.0	3.0
692.0	5.0
693.0	3.0
694.0	4.0
695.0	6.0
696.0	6.0
697.0	5.0
698.0	8.0
699.0	4.0
700.0	1.0
701.0	4.0
702.0	3.0
703.0	5.0
704.0	6.0
705.0	3.0
706.0	4.0
707.0	2.0
708.0	4.0
709.0	5.0
710.0	5.0
711.0	3.0
712.0	2.0
713.0	4.0
714.0	5.0
715.0	2.0
717.0	2.0
718.0	4.0
719.0	7.0
720.0	4.0
721.0	2.0
722.0	1.0
723.0	2.0
724.0	3.0
725.0	2.0
726.0	5.0
727.0	5.0
728.0	2.0
729.0	3.0
730.0	2.0
732.0	1.0
733.0	4.0
734.0	2.0
735.0	1.0
736.0	6.0
737.0	5.0
738.0	5.0
740.0	1.0
741.0	1.0
743.0	3.0
744.0	3.0
745.0	6.0
746.0	2.0
747.0	1.0
748.0	2.0
749.0	2.0
750.0	2.0
752.0	3.0
753.0	2.0
754.0	3.0
755.0	4.0
756.0	1.0
757.0	3.0
758.0	2.0
759.0	3.0
761.0	2.0
762.0	5.0
763.0	5.0
764.0	3.0
765.0	2.0
766.0	2.0
767.0	4.0
768.0	3.0
769.0	5.0
770.0	3.0
771.0	3.0
772.0	3.0
773.0	4.0
774.0	3.0
775.0	1.0
776.0	2.0
777.0	1.0
778.0	1.0
779.0	3.0
780.0	3.0
781.0	4.0
782.0	3.0
783.0	3.0
784.0	2.0
785.0	2.0
786.0	1.0
787.0	3.0
788.0	4.0
789.0	4.0
790.0	3.0
792.0	3.0
793.0	3.0
794.0	3.0
795.0	4.0
796.0	1.0
797.0	2.0
798.0	6.0
799.0	3.0
800.0	4.0
801.0	5.0
802.0	2.0
803.0	2.0
804.0	2.0
805.0	3.0
806.0	4.0
807.0	5.0
808.0	4.0
809.0	6.0
810.0	3.0
811.0	4.0
812.0	3.0
813.0	1.0
814.0	3.0
815.0	10.0
816.0	5.0
817.0	3.0
818.0	4.0
819.0	6.0
820.0	6.0
821.0	3.0
822.0	4.0
823.0	4.0
824.0	4.0
825.0	4.0
826.0	4.0
827.0	5.0
828.0	2.0
829.0	4.0
830.0	1.0
831.0	5.0
832.0	9.0
833.0	6.0
834.0	5.0
835.0	7.0
836.0	11.0
837.0	6.0
838.0	5.0
839.0	4.0
840.0	6.0
841.0	5.0
842.0	3.0
844.0	2.0
845.0	4.0
846.0	2.0
847.0	2.0
848.0	3.0
849.0	1.0
850.0	4.0
851.0	2.0
852.0	1.0
854.0	7.0
855.0	1.0
856.0	5.0
857.0	2.0
859.0	1.0
860.0	5.0
861.0	4.0
862.0	3.0
863.0	2.0
864.0	3.0
865.0	2.0
866.0	4.0
867.0	3.0
868.0	4.0
870.0	3.0
871.0	1.0
872.0	5.0
873.0	3.0
874.0	3.0
875.0	2.0
876.0	3.0
877.0	1.0
878.0	3.0
879.0	3.0
880.0	3.0
881.0	2.0
882.0	4.0
883.0	2.0
885.0	4.0
886.0	5.0
887.0	4.0
888.0	1.0
889.0	4.0
890.0	3.0
891.0	5.0
892.0	2.0
893.0	4.0
894.0	2.0
895.0	3.0
896.0	3.0
897.0	3.0
898.0	1.0
899.0	4.0
900.0	4.0
901.0	1.0
902.0	2.0
904.0	5.0
905.0	1.0
906.0	3.0
907.0	3.0
908.0	3.0
909.0	5.0
910.0	3.0
911.0	4.0
912.0	4.0
913.0	3.0
914.0	2.0
915.0	2.0
916.0	3.0
917.0	8.0
918.0	4.0
919.0	4.0
920.0	3.0
921.0	3.0
922.0	6.0
923.0	4.0
924.0	10.0
925.0	7.0
926.0	6.0
927.0	3.0
928.0	13.0
929.0	1.0
930.0	2.0
931.0	2.0
933.0	6.0
935.0	5.0
936.0	2.0
938.0	2.0
940.0	3.0
941.0	2.0
942.0	4.0
943.0	1.0
944.0	3.0
945.0	1.0
946.0	1.0
947.0	2.0
948.0	2.0
949.0	2.0
950.0	2.0
951.0	4.0
952.0	2.0
953.0	4.0
954.0	3.0
955.0	2.0
956.0	5.0
957.0	5.0
958.0	1.0
959.0	4.0
960.0	4.0
961.0	2.0
962.0	1.0
963.0	3.0
965.0	2.0
966.0	1.0
967.0	3.0
968.0	1.0
969.0	5.0
970.0	5.0
971.0	12.0
972.0	6.0
973.0	1.0
974.0	4.0
975.0	5.0
976.0	2.0
977.0	1.0
978.0	2.0
979.0	2.0
980.0	2.0
981.0	2.0
982.0	3.0
983.0	1.0
984.0	2.0
985.0	4.0
986.0	1.0
988.0	3.0
989.0	1.0
990.0	1.0
992.0	1.0
993.0	3.0
995.0	1.0
996.0	1.0
997.0	2.0
1000.0	4.0
1001.0	3.0
1002.0	1.0
1003.0	2.0
1004.0	3.0
1005.0	5.0
1006.0	4.0
1007.0	1.0
1008.0	3.0
1009.0	2.0
1011.0	3.0
1012.0	3.0
1013.0	5.0
1014.0	3.0
1015.0	1.0
1016.0	1.0
1017.0	1.0
1018.0	1.0
1019.0	1.0
1020.0	3.0
1021.0	3.0
1022.0	3.0
1023.0	4.0
1024.0	3.0
1025.0	3.0
1026.0	2.0
1029.0	2.0
1030.0	1.0
1031.0	3.0
1033.0	1.0
1035.0	4.0
1037.0	1.0
1038.0	2.0
1039.0	3.0
1040.0	5.0
1041.0	2.0
1042.0	2.0
1043.0	3.0
1044.0	1.0
1046.0	4.0
1047.0	1.0
1048.0	2.0
1049.0	5.0
1050.0	6.0
1051.0	2.0
1052.0	1.0
1053.0	5.0
1054.0	2.0
1055.0	1.0
1056.0	1.0
1057.0	2.0
1058.0	1.0
1059.0	1.0
1060.0	1.0
1061.0	2.0
1062.0	3.0
1064.0	3.0
1066.0	2.0
1068.0	3.0
1069.0	3.0
1070.0	1.0
1071.0	1.0
1072.0	1.0
1074.0	1.0
1076.0	2.0
1077.0	3.0
1078.0	4.0
1079.0	1.0
1080.0	2.0
1081.0	2.0
1082.0	2.0
1083.0	1.0
1084.0	1.0
1085.0	1.0
1086.0	2.0
1087.0	1.0
1088.0	2.0
1089.0	2.0
1091.0	2.0
1092.0	1.0
1094.0	2.0
1095.0	1.0
1096.0	2.0
1097.0	1.0
1098.0	2.0
1099.0	4.0
1101.0	1.0
1103.0	1.0
1104.0	1.0
1105.0	2.0
1106.0	1.0
1107.0	1.0
1110.0	1.0
1111.0	1.0
1113.0	3.0
1115.0	4.0
1116.0	1.0
1117.0	3.0
1118.0	2.0
1119.0	1.0
1120.0	1.0
1121.0	1.0
1122.0	1.0
1125.0	1.0
1126.0	4.0
1127.0	3.0
1128.0	3.0
1129.0	1.0
1130.0	1.0
1131.0	2.0
1133.0	3.0
1137.0	1.0
1139.0	2.0
1141.0	1.0
1142.0	1.0
1144.0	1.0
1145.0	1.0
1146.0	1.0
1148.0	2.0
1149.0	1.0
1151.0	1.0
1153.0	1.0
1154.0	1.0
1155.0	1.0
1156.0	3.0
1157.0	1.0
1158.0	1.0
1159.0	1.0
1162.0	2.0
1165.0	1.0
1166.0	3.0
1167.0	1.0
1170.0	1.0
1171.0	1.0
1175.0	3.0
1176.0	1.0
1179.0	1.0
1180.0	1.0
1181.0	3.0
1182.0	1.0
1183.0	2.0
1184.0	2.0
1186.0	3.0
1187.0	1.0
1189.0	1.0
1190.0	2.0
1191.0	1.0
1193.0	3.0
1194.0	2.0
1196.0	1.0
1197.0	1.0
1198.0	2.0
1199.0	1.0
1200.0	2.0
1201.0	1.0
1202.0	1.0
1203.0	2.0
1204.0	1.0
1206.0	1.0
1207.0	3.0
1208.0	2.0
1209.0	1.0
1210.0	1.0
1211.0	2.0
1212.0	2.0
1213.0	2.0
1214.0	1.0
1215.0	2.0
1216.0	2.0
1217.0	1.0
1218.0	5.0
1219.0	1.0
1220.0	1.0
1221.0	2.0
1222.0	1.0
1223.0	4.0
1224.0	3.0
1225.0	3.0
1226.0	5.0
1227.0	3.0
1228.0	3.0
1229.0	2.0
1230.0	3.0
1233.0	6.0
1234.0	1.0
1235.0	1.0
1236.0	1.0
1237.0	1.0
1238.0	2.0
1239.0	3.0
1241.0	3.0
1243.0	2.0
1244.0	1.0
1245.0	1.0
1246.0	1.0
1247.0	4.0
1249.0	3.0
1250.0	4.0
1251.0	2.0
1252.0	3.0
1253.0	4.0
1254.0	2.0
1255.0	3.0
1256.0	3.0
1257.0	2.0
1258.0	4.0
1259.0	2.0
1260.0	1.0
1261.0	5.0
1262.0	4.0
1263.0	2.0
1264.0	6.0
1265.0	2.0
1266.0	2.0
1267.0	4.0
1268.0	2.0
1269.0	1.0
1270.0	1.0
1272.0	1.0
1273.0	1.0
1274.0	1.0
1276.0	1.0
1278.0	1.0
1279.0	2.0
1280.0	1.0
1282.0	1.0
1283.0	1.0
1285.0	1.0
1286.0	2.0
1287.0	2.0
1288.0	2.0
1289.0	1.0
1290.0	2.0
1291.0	1.0
1292.0	1.0
1295.0	2.0
1296.0	2.0
1297.0	1.0
1299.0	2.0
1300.0	2.0
1301.0	1.0
1302.0	2.0
1303.0	2.0
1304.0	2.0
1305.0	1.0
1306.0	4.0
1307.0	1.0
1308.0	1.0
1309.0	1.0
1310.0	1.0
1311.0	3.0
1312.0	2.0
1315.0	1.0
1316.0	2.0
1318.0	4.0
1319.0	1.0
1320.0	2.0
1321.0	3.0
1322.0	1.0
1325.0	4.0
1326.0	2.0
1328.0	1.0
1332.0	2.0
1333.0	1.0
1334.0	2.0
1335.0	3.0
1336.0	1.0
1338.0	1.0
1339.0	1.0
1340.0	1.0
1342.0	1.0
1343.0	1.0
1344.0	1.0
1345.0	1.0
1347.0	1.0
1348.0	1.0
1349.0	1.0
1350.0	1.0
1351.0	1.0
1352.0	1.0
1353.0	2.0
1355.0	1.0
1356.0	1.0
1357.0	1.0
1358.0	1.0
1359.0	2.0
1360.0	2.0
1361.0	1.0
1363.0	2.0
1364.0	2.0
1365.0	1.0
1366.0	1.0
1367.0	1.0
1368.0	2.0
1370.0	1.0
1371.0	1.0
1372.0	1.0
1374.0	3.0
1375.0	1.0
1377.0	2.0
1378.0	1.0
1379.0	1.0
1380.0	1.0
1381.0	4.0
1382.0	2.0
1383.0	3.0
1384.0	1.0
1385.0	1.0
1386.0	2.0
1388.0	1.0
1389.0	2.0
1391.0	1.0
1392.0	1.0
1393.0	1.0
1394.0	1.0
1396.0	3.0
1397.0	3.0
1398.0	1.0
1399.0	1.0
1400.0	1.0
1401.0	3.0
1402.0	1.0
1403.0	4.0
1404.0	1.0
1406.0	2.0
1407.0	2.0
1408.0	2.0
1410.0	1.0
1413.0	2.0
1414.0	1.0
1415.0	1.0
1418.0	1.0
1419.0	2.0
1420.0	3.0
1421.0	1.0
1422.0	3.0
1423.0	1.0
1424.0	1.0
1425.0	2.0
1426.0	5.0
1427.0	1.0
1428.0	3.0
1429.0	1.0
1430.0	3.0
1432.0	2.0
1433.0	3.0
1434.0	1.0
1435.0	3.0
1436.0	1.0
1437.0	1.0
1440.0	2.0
1442.0	3.0
1443.0	1.0
1444.0	3.0
1445.0	1.0
1447.0	1.0
1450.0	1.0
1453.0	1.0
1454.0	1.0
1455.0	1.0
1460.0	3.0
1461.0	1.0
1463.0	1.0
1464.0	1.0
1465.0	3.0
1466.0	3.0
1468.0	1.0
1469.0	1.0
1470.0	2.0
1471.0	2.0
1472.0	1.0
1473.0	1.0
1474.0	1.0
1476.0	2.0
1479.0	1.0
1481.0	4.0
1483.0	3.0
1484.0	2.0
1486.0	1.0
1488.0	3.0
1489.0	1.0
1491.0	1.0
1492.0	1.0
1495.0	1.0
1496.0	1.0
1497.0	1.0
1498.0	2.0
1500.0	1.0
1501.0	2.0
1502.0	1.0
1503.0	2.0
1505.0	4.0
1507.0	2.0
1508.0	2.0
1510.0	1.0
1511.0	1.0
1512.0	1.0
1513.0	1.0
1514.0	2.0
1516.0	1.0
1518.0	1.0
1519.0	2.0
1520.0	1.0
1524.0	2.0
1525.0	2.0
1526.0	1.0
1527.0	1.0
1528.0	2.0
1529.0	1.0
1531.0	1.0
1532.0	1.0
1534.0	1.0
1535.0	2.0
1536.0	1.0
1537.0	2.0
1538.0	1.0
1539.0	1.0
1540.0	1.0
1541.0	3.0
1542.0	1.0
1545.0	1.0
1547.0	1.0
1548.0	1.0
1550.0	1.0
1552.0	2.0
1553.0	1.0
1554.0	1.0
1557.0	1.0
1559.0	1.0
1562.0	2.0
1564.0	2.0
1565.0	3.0
1567.0	3.0
1569.0	1.0
1571.0	1.0
1572.0	2.0
1574.0	1.0
1575.0	1.0
1576.0	4.0
1578.0	1.0
1579.0	3.0
1580.0	2.0
1583.0	2.0
1584.0	1.0
1585.0	1.0
1586.0	1.0
1587.0	2.0
1589.0	2.0
1590.0	1.0
1591.0	1.0
1592.0	1.0
1593.0	1.0
1594.0	2.0
1595.0	1.0
1596.0	2.0
1597.0	1.0
1598.0	1.0
1599.0	1.0
1600.0	1.0
1602.0	2.0
1604.0	2.0
1605.0	1.0
1606.0	1.0
1607.0	1.0
1608.0	4.0
1610.0	1.0
1611.0	1.0
1612.0	2.0
1614.0	1.0
1615.0	1.0
1616.0	1.0
1617.0	1.0
1618.0	2.0
1619.0	1.0
1623.0	1.0
1629.0	1.0
1630.0	1.0
1632.0	2.0
1633.0	2.0
1635.0	1.0
1637.0	1.0
1638.0	1.0
1639.0	1.0
1642.0	1.0
1644.0	1.0
1647.0	1.0
1649.0	2.0
1650.0	1.0
1651.0	1.0
1652.0	1.0
1654.0	1.0
1655.0	2.0
1657.0	1.0
1659.0	1.0
1660.0	1.0
1661.0	1.0
1667.0	1.0
1668.0	1.0
1669.0	1.0
1671.0	1.0
1673.0	1.0
1675.0	4.0
1676.0	2.0
1677.0	2.0
1679.0	1.0
1680.0	1.0
1681.0	2.0
1682.0	4.0
1683.0	1.0
1684.0	2.0
1686.0	1.0
1687.0	2.0
1690.0	2.0
1691.0	1.0
1692.0	1.0
1694.0	1.0
1695.0	1.0
1697.0	1.0
1698.0	2.0
1699.0	1.0
1700.0	2.0
1701.0	1.0
1702.0	4.0
1705.0	2.0
1706.0	1.0
1707.0	1.0
1709.0	1.0
1710.0	1.0
1711.0	1.0
1712.0	2.0
1714.0	2.0
1715.0	1.0
1716.0	1.0
1717.0	2.0
1718.0	3.0
1721.0	1.0
1727.0	1.0
1728.0	2.0
1729.0	1.0
1730.0	1.0
1731.0	2.0
1732.0	1.0
1733.0	1.0
1736.0	2.0
1737.0	1.0
1739.0	1.0
1740.0	1.0
1741.0	1.0
1742.0	1.0
1743.0	1.0
1744.0	1.0
1747.0	1.0
1748.0	1.0
1749.0	1.0
1755.0	1.0
1756.0	2.0
1757.0	2.0
1760.0	2.0
1762.0	2.0
1763.0	1.0
1764.0	1.0
1765.0	1.0
1766.0	1.0
1770.0	1.0
1772.0	1.0
1773.0	2.0
1774.0	2.0
1776.0	2.0
1777.0	2.0
1778.0	1.0
1779.0	1.0
1781.0	2.0
1787.0	3.0
1788.0	3.0
1789.0	1.0
1790.0	2.0
1792.0	1.0
1793.0	1.0
1794.0	3.0
1795.0	2.0
1797.0	2.0
1800.0	2.0
1802.0	1.0
1803.0	2.0
1804.0	2.0
1805.0	2.0
1806.0	2.0
1807.0	1.0
1810.0	2.0
1811.0	1.0
1814.0	3.0
1815.0	1.0
1817.0	2.0
1818.0	2.0
1820.0	1.0
1821.0	1.0
1822.0	2.0
1823.0	1.0
1824.0	1.0
1825.0	1.0
1826.0	1.0
1827.0	1.0
1828.0	2.0
1830.0	2.0
1831.0	2.0
1833.0	1.0
1836.0	1.0
1838.0	2.0
1839.0	1.0
1840.0	1.0
1841.0	1.0
1842.0	2.0
1844.0	2.0
1845.0	1.0
1846.0	1.0
1848.0	1.0
1850.0	1.0
1851.0	1.0
1853.0	1.0
1854.0	1.0
1855.0	1.0
1856.0	1.0
1857.0	1.0
1858.0	1.0
1860.0	1.0
1861.0	1.0
1862.0	2.0
1863.0	1.0
1864.0	1.0
1865.0	1.0
1866.0	1.0
1867.0	2.0
1868.0	1.0
1870.0	2.0
1871.0	2.0
1873.0	2.0
1874.0	1.0
1876.0	2.0
1877.0	1.0
1878.0	1.0
1879.0	1.0
1880.0	2.0
1883.0	1.0
1884.0	1.0
1888.0	1.0
1889.0	1.0
1891.0	2.0
1893.0	2.0
1896.0	2.0
1897.0	1.0
1898.0	1.0
1901.0	1.0
1903.0	1.0
1905.0	3.0
1906.0	1.0
1908.0	1.0
1911.0	2.0
1912.0	1.0
1913.0	1.0
1914.0	1.0
1916.0	2.0
1917.0	2.0
1920.0	2.0
1921.0	2.0
1922.0	1.0
1923.0	1.0
1924.0	2.0
1925.0	1.0
1926.0	2.0
1927.0	2.0
1928.0	1.0
1930.0	1.0
1932.0	3.0
1933.0	1.0
1934.0	3.0
1937.0	1.0
1939.0	2.0
1940.0	1.0
1941.0	1.0
1942.0	2.0
1949.0	1.0
1951.0	2.0
1954.0	1.0
1959.0	2.0
1962.0	2.0
1963.0	1.0
1964.0	1.0
1965.0	3.0
1966.0	1.0
1968.0	2.0
1970.0	1.0
1971.0	1.0
1972.0	1.0
1975.0	2.0
1976.0	3.0
1977.0	1.0
1980.0	1.0
1981.0	1.0
1982.0	1.0
1984.0	2.0
1990.0	3.0
1996.0	1.0
1997.0	2.0
1999.0	2.0
2000.0	1.0
2001.0	1.0
2009.0	1.0
2011.0	2.0
2012.0	2.0
2013.0	1.0
2014.0	1.0
2015.0	2.0
2016.0	2.0
2017.0	2.0
2018.0	1.0
2020.0	1.0
2021.0	1.0
2026.0	1.0
2027.0	1.0
2030.0	2.0
2031.0	1.0
2032.0	2.0
2033.0	1.0
2035.0	1.0
2036.0	1.0
2040.0	1.0
2041.0	1.0
2043.0	2.0
2046.0	1.0
2047.0	1.0
2050.0	1.0
2054.0	1.0
2055.0	1.0
2057.0	1.0
2060.0	2.0
2061.0	1.0
2062.0	3.0
2064.0	1.0
2068.0	1.0
2069.0	1.0
2072.0	1.0
2076.0	1.0
2081.0	3.0
2083.0	1.0
2086.0	2.0
2088.0	1.0
2089.0	1.0
2090.0	1.0
2098.0	2.0
2100.0	4.0
2101.0	1.0
2102.0	1.0
2103.0	1.0
2104.0	2.0
2109.0	1.0
2115.0	2.0
2117.0	2.0
2119.0	4.0
2123.0	2.0
2126.0	1.0
2128.0	3.0
2133.0	1.0
2136.0	1.0
2137.0	1.0
2138.0	2.0
2140.0	1.0
2141.0	2.0
2142.0	1.0
2148.0	1.0
2150.0	3.0
2151.0	1.0
2152.0	2.0
2154.0	1.0
2160.0	1.0
2162.0	2.0
2164.0	1.0
2167.0	2.0
2169.0	1.0
2172.0	1.0
2174.0	2.0
2175.0	1.0
2178.0	1.0
2180.0	1.0
2181.0	1.0
2182.0	2.0
2183.0	1.0
2184.0	1.0
2187.0	1.0
2188.0	1.0
2194.0	1.0
2197.0	2.0
2198.0	1.0
2200.0	1.0
2203.0	1.0
2205.0	1.0
2207.0	1.0
2208.0	1.0
2211.0	1.0
2212.0	1.0
2216.0	2.0
2217.0	2.0
2220.0	1.0
2221.0	1.0
2222.0	1.0
2224.0	1.0
2225.0	1.0
2226.0	2.0
2233.0	2.0
2236.0	1.0
2237.0	1.0
2238.0	3.0
2239.0	1.0
2240.0	1.0
2244.0	1.0
2245.0	1.0
2247.0	1.0
2249.0	2.0
2250.0	1.0
2252.0	1.0
2253.0	3.0
2254.0	1.0
2255.0	2.0
2258.0	3.0
2259.0	1.0
2260.0	2.0
2263.0	1.0
2264.0	3.0
2265.0	1.0
2267.0	1.0
2269.0	1.0
2270.0	2.0
2271.0	2.0
2272.0	1.0
2273.0	2.0
2274.0	1.0
2277.0	2.0
2278.0	2.0
2279.0	2.0
2281.0	1.0
2282.0	1.0
2283.0	1.0
2286.0	2.0
2288.0	1.0
2289.0	1.0
2290.0	2.0
2294.0	1.0
2295.0	1.0
2298.0	1.0
2299.0	1.0
2300.0	1.0
2301.0	2.0
2303.0	5.0
2306.0	1.0
2308.0	1.0
2309.0	1.0
2310.0	1.0
2311.0	3.0
2312.0	1.0
2313.0	1.0
2314.0	1.0
2317.0	2.0
2320.0	3.0
2322.0	1.0
2323.0	1.0
2325.0	1.0
2327.0	2.0
2328.0	3.0
2330.0	1.0
2331.0	3.0
2332.0	1.0
2333.0	1.0
2334.0	2.0
2335.0	2.0
2336.0	3.0
2337.0	1.0
2338.0	2.0
2340.0	1.0
2341.0	2.0
2342.0	4.0
2343.0	2.0
2344.0	2.0
2345.0	1.0
2346.0	1.0
2347.0	2.0
2348.0	1.0
2350.0	1.0
2351.0	1.0
2353.0	2.0
2354.0	1.0
2355.0	1.0
2356.0	4.0
2358.0	2.0
2359.0	2.0
2360.0	3.0
2361.0	1.0
2363.0	2.0
2364.0	1.0
2366.0	1.0
2367.0	2.0
2368.0	2.0
2371.0	1.0
2372.0	1.0
2375.0	1.0
2376.0	1.0
2378.0	2.0
2379.0	1.0
2380.0	1.0
2382.0	1.0
2383.0	1.0
2384.0	2.0
2387.0	1.0
2388.0	2.0
2392.0	2.0
2393.0	1.0
2396.0	1.0
2397.0	4.0
2399.0	2.0
2400.0	1.0
2401.0	1.0
2404.0	1.0
2405.0	1.0
2406.0	1.0
2407.0	1.0
2408.0	1.0
2409.0	1.0
2412.0	1.0
2413.0	2.0
2416.0	1.0
2419.0	1.0
2420.0	1.0
2421.0	2.0
2422.0	2.0
2425.0	2.0
2426.0	1.0
2427.0	1.0
2428.0	2.0
2429.0	1.0
2431.0	1.0
2432.0	1.0
2436.0	2.0
2437.0	2.0
2441.0	1.0
2442.0	1.0
2443.0	2.0
2444.0	1.0
2445.0	3.0
2446.0	1.0
2449.0	2.0
2450.0	1.0
2451.0	1.0
2452.0	1.0
2453.0	1.0
2454.0	1.0
2455.0	7.0
2457.0	2.0
2461.0	2.0
2463.0	5.0
2464.0	1.0
2465.0	2.0
2466.0	1.0
2467.0	2.0
2468.0	1.0
2469.0	2.0
2471.0	1.0
2472.0	1.0
2474.0	2.0
2475.0	1.0
2477.0	1.0
2481.0	1.0
2482.0	1.0
2485.0	1.0
2488.0	4.0
2489.0	1.0
2491.0	1.0
2492.0	1.0
2497.0	2.0
2498.0	2.0
2499.0	3.0
2500.0	2.0
2501.0	1.0
2502.0	1.0
2503.0	1.0
2504.0	1.0
2505.0	1.0
2506.0	1.0
2508.0	1.0
2509.0	1.0
2511.0	1.0
2512.0	1.0
2513.0	1.0
2514.0	1.0
2516.0	1.0
2517.0	2.0
2518.0	2.0
2519.0	1.0
2520.0	1.0
2521.0	1.0
2522.0	1.0
2523.0	1.0
2526.0	3.0
2527.0	1.0
2532.0	1.0
2533.0	1.0
2535.0	1.0
2536.0	3.0
2538.0	2.0
2539.0	1.0
2540.0	1.0
2542.0	1.0
2543.0	1.0
2544.0	1.0
2545.0	1.0
2547.0	1.0
2548.0	1.0
2549.0	1.0
2550.0	2.0
2552.0	1.0
2553.0	2.0
2554.0	3.0
2555.0	2.0
2556.0	1.0
2558.0	1.0
2559.0	1.0
2560.0	1.0
2561.0	2.0
2563.0	2.0
2565.0	1.0
2566.0	1.0
2567.0	3.0
2568.0	1.0
2569.0	1.0
2570.0	2.0
2571.0	1.0
2572.0	1.0
2583.0	3.0
2584.0	1.0
2587.0	1.0
2589.0	1.0
2590.0	2.0
2592.0	2.0
2595.0	1.0
2596.0	1.0
2597.0	1.0
2598.0	2.0
2601.0	1.0
2604.0	1.0
2605.0	1.0
2607.0	1.0
2609.0	2.0
2610.0	1.0
2617.0	1.0
2618.0	4.0
2621.0	1.0
2622.0	1.0
2623.0	1.0
2624.0	1.0
2626.0	1.0
2627.0	1.0
2628.0	1.0
2629.0	1.0
2631.0	2.0
2632.0	1.0
2635.0	1.0
2636.0	2.0
2639.0	3.0
2640.0	1.0
2643.0	2.0
2644.0	2.0
2646.0	2.0
2648.0	2.0
2649.0	1.0
2650.0	1.0
2655.0	2.0
2657.0	1.0
2658.0	1.0
2659.0	2.0
2661.0	1.0
2662.0	3.0
2663.0	1.0
2665.0	3.0
2669.0	1.0
2670.0	1.0
2673.0	1.0
2676.0	1.0
2678.0	1.0
2679.0	1.0
2682.0	1.0
2683.0	1.0
2685.0	1.0
2687.0	1.0
2688.0	2.0
2689.0	1.0
2690.0	2.0
2698.0	1.0
2700.0	2.0
2701.0	1.0
2702.0	3.0
2703.0	1.0
2704.0	1.0
2707.0	1.0
2708.0	1.0
2709.0	1.0
2712.0	1.0
2714.0	1.0
2715.0	1.0
2716.0	1.0
2718.0	1.0
2720.0	1.0
2723.0	1.0
2724.0	2.0
2725.0	1.0
2731.0	2.0
2732.0	1.0
2733.0	1.0
2734.0	1.0
2735.0	1.0
2737.0	1.0
2740.0	1.0
2741.0	2.0
2742.0	1.0
2743.0	1.0
2744.0	2.0
2746.0	2.0
2748.0	1.0
2750.0	1.0
2751.0	1.0
2755.0	1.0
2758.0	1.0
2759.0	2.0
2760.0	1.0
2761.0	1.0
2762.0	2.0
2763.0	1.0
2765.0	2.0
2766.0	1.0
2768.0	1.0
2771.0	1.0
2773.0	2.0
2776.0	1.0
2777.0	1.0
2778.0	2.0
2779.0	1.0
2780.0	1.0
2781.0	2.0
2782.0	1.0
2786.0	1.0
2787.0	2.0
2788.0	2.0
2789.0	6.0
2790.0	2.0
2791.0	1.0
2792.0	3.0
2793.0	2.0
2795.0	1.0
2797.0	1.0
2800.0	2.0
2801.0	2.0
2802.0	1.0
2803.0	1.0
2804.0	1.0
2807.0	1.0
2808.0	2.0
2809.0	1.0
2812.0	2.0
2813.0	2.0
2814.0	1.0
2815.0	1.0
2818.0	2.0
2820.0	1.0
2826.0	2.0
2827.0	2.0
2830.0	1.0
2831.0	2.0
2832.0	1.0
2833.0	2.0
2834.0	1.0
2835.0	1.0
2836.0	1.0
2838.0	1.0
2839.0	1.0
2843.0	2.0
2846.0	1.0
2848.0	1.0
2853.0	1.0
2855.0	2.0
2857.0	2.0
2858.0	2.0
2859.0	2.0
2860.0	3.0
2862.0	3.0
2863.0	1.0
2864.0	1.0
2869.0	2.0
2872.0	1.0
2873.0	1.0
2874.0	1.0
2875.0	1.0
2878.0	1.0
2884.0	1.0
2889.0	1.0
2890.0	1.0
2891.0	1.0
2898.0	2.0
2900.0	1.0
2912.0	3.0
2914.0	2.0
2915.0	2.0
2917.0	1.0
2919.0	1.0
2922.0	1.0
2923.0	1.0
2924.0	1.0
2927.0	1.0
2929.0	3.0
2930.0	2.0
2935.0	1.0
2939.0	2.0
2943.0	1.0
2944.0	3.0
2945.0	1.0
2946.0	2.0
2948.0	1.0
2949.0	1.0
2950.0	1.0
2951.0	2.0
2952.0	1.0
2953.0	1.0
2957.0	2.0
2958.0	1.0
2959.0	1.0
2961.0	3.0
2962.0	1.0
2965.0	1.0
2967.0	1.0
2969.0	1.0
2970.0	1.0
2978.0	1.0
2980.0	1.0
2982.0	3.0
2984.0	1.0
2985.0	1.0
2986.0	1.0
2989.0	2.0
2990.0	1.0
2991.0	1.0
2992.0	1.0
2996.0	2.0
2999.0	2.0
3000.0	1.0
3003.0	3.0
3004.0	2.0
3007.0	1.0
3009.0	1.0
3013.0	1.0
3014.0	1.0
3016.0	3.0
3017.0	3.0
3018.0	1.0
3019.0	1.0
3021.0	1.0
3022.0	1.0
3023.0	1.0
3024.0	1.0
3027.0	1.0
3029.0	1.0
3034.0	1.0
3035.0	1.0
3037.0	2.0
3038.0	1.0
3041.0	3.0
3042.0	2.0
3045.0	2.0
3046.0	2.0
3049.0	2.0
3051.0	1.0
3052.0	1.0
3053.0	1.0
3054.0	1.0
3056.0	1.0
3059.0	1.0
3060.0	1.0
3062.0	1.0
3064.0	1.0
3065.0	1.0
3068.0	3.0
3069.0	2.0
3073.0	1.0
3075.0	1.0
3076.0	1.0
3078.0	1.0
3084.0	1.0
3086.0	5.0
3087.0	3.0
3088.0	1.0
3090.0	2.0
3095.0	1.0
3096.0	1.0
3099.0	1.0
3100.0	2.0
3101.0	1.0
3103.0	1.0
3105.0	1.0
3107.0	1.0
3108.0	1.0
3109.0	2.0
3110.0	1.0
3113.0	1.0
3114.0	1.0
3116.0	1.0
3117.0	1.0
3118.0	1.0
3123.0	1.0
3124.0	1.0
3126.0	1.0
3128.0	3.0
3129.0	1.0
3130.0	1.0
3132.0	1.0
3134.0	1.0
3135.0	1.0
3136.0	1.0
3137.0	1.0
3138.0	1.0
3140.0	3.0
3146.0	2.0
3148.0	1.0
3154.0	3.0
3155.0	1.0
3162.0	2.0
3163.0	1.0
3164.0	1.0
3165.0	1.0
3168.0	1.0
3170.0	2.0
3171.0	1.0
3172.0	1.0
3173.0	3.0
3174.0	2.0
3176.0	2.0
3178.0	2.0
3180.0	2.0
3181.0	1.0
3183.0	1.0
3184.0	1.0
3187.0	1.0
3188.0	1.0
3189.0	1.0
3190.0	1.0
3191.0	2.0
3192.0	1.0
3193.0	1.0
3196.0	2.0
3198.0	1.0
3200.0	1.0
3205.0	1.0
3207.0	1.0
3210.0	1.0
3212.0	1.0
3213.0	2.0
3214.0	2.0
3215.0	2.0
3217.0	1.0
3220.0	1.0
3221.0	1.0
3222.0	1.0
3224.0	1.0
3225.0	1.0
3228.0	1.0
3231.0	2.0
3234.0	1.0
3235.0	2.0
3238.0	3.0
3239.0	1.0
3240.0	1.0
3241.0	1.0
3248.0	2.0
3250.0	1.0
3254.0	1.0
3257.0	1.0
3258.0	1.0
3259.0	2.0
3262.0	1.0
3263.0	1.0
3264.0	1.0
3266.0	1.0
3267.0	1.0
3270.0	1.0
3271.0	1.0
3273.0	2.0
3275.0	1.0
3280.0	2.0
3282.0	1.0
3283.0	1.0
3284.0	1.0
3285.0	1.0
3286.0	1.0
3287.0	1.0
3288.0	2.0
3290.0	1.0
3291.0	1.0
3295.0	2.0
3296.0	1.0
3297.0	1.0
3300.0	2.0
3301.0	2.0
3303.0	1.0
3305.0	2.0
3306.0	2.0
3307.0	1.0
3310.0	1.0
3311.0	1.0
3316.0	1.0
3318.0	1.0
3319.0	3.0
3323.0	1.0
3325.0	1.0
3326.0	1.0
3328.0	1.0
3329.0	1.0
3331.0	1.0
3335.0	2.0
3339.0	3.0
3341.0	1.0
3342.0	1.0
3344.0	2.0
3346.0	1.0
3347.0	1.0
3349.0	1.0
3351.0	2.0
3352.0	1.0
3353.0	1.0
3354.0	1.0
3355.0	1.0
3358.0	2.0
3359.0	1.0
3363.0	1.0
3365.0	1.0
3369.0	1.0
3370.0	2.0
3373.0	2.0
3375.0	1.0
3378.0	1.0
3379.0	1.0
3383.0	1.0
3384.0	2.0
3386.0	1.0
3387.0	1.0
3388.0	1.0
3390.0	1.0
3393.0	1.0
3394.0	1.0
3395.0	1.0
3396.0	3.0
3397.0	1.0
3398.0	3.0
3399.0	3.0
3404.0	1.0
3406.0	1.0
3407.0	2.0
3408.0	3.0
3409.0	1.0
3410.0	1.0
3411.0	1.0
3412.0	1.0
3415.0	1.0
3418.0	1.0
3419.0	2.0
3421.0	3.0
3422.0	1.0
3424.0	1.0
3426.0	1.0
3427.0	1.0
3428.0	1.0
3430.0	1.0
3431.0	1.0
3433.0	1.0
3434.0	1.0
3436.0	3.0
3437.0	1.0
3439.0	1.0
3440.0	2.0
3442.0	1.0
3443.0	1.0
3444.0	2.0
3445.0	3.0
3447.0	2.0
3448.0	2.0
3449.0	2.0
3451.0	1.0
3452.0	2.0
3454.0	1.0
3455.0	2.0
3457.0	1.0
3469.0	1.0
3470.0	1.0
3471.0	1.0
3473.0	3.0
3474.0	1.0
3475.0	1.0
3476.0	1.0
3477.0	4.0
3478.0	1.0
3479.0	2.0
3480.0	1.0
3486.0	1.0
3487.0	1.0
3489.0	3.0
3490.0	1.0
3492.0	1.0
3494.0	1.0
3495.0	1.0
3496.0	1.0
3499.0	1.0
3505.0	1.0
3506.0	2.0
3507.0	1.0
3511.0	1.0
3515.0	1.0
3519.0	1.0
3520.0	2.0
3524.0	1.0
3526.0	1.0
3528.0	3.0
3529.0	2.0
3530.0	2.0
3531.0	1.0
3536.0	3.0
3538.0	3.0
3540.0	1.0
3541.0	1.0
3542.0	1.0
3543.0	1.0
3545.0	1.0
3546.0	2.0
3550.0	1.0
3551.0	1.0
3552.0	1.0
3553.0	1.0
3556.0	1.0
3557.0	1.0
3560.0	1.0
3561.0	1.0
3565.0	1.0
3567.0	2.0
3569.0	1.0
3572.0	2.0
3574.0	2.0
3578.0	2.0
3580.0	1.0
3581.0	1.0
3583.0	1.0
3584.0	1.0
3587.0	2.0
3588.0	1.0
3589.0	2.0
3592.0	1.0
3595.0	2.0
3597.0	2.0
3599.0	2.0
3600.0	1.0
3601.0	3.0
3605.0	2.0
3608.0	1.0
3609.0	1.0
3611.0	2.0
3612.0	1.0
3614.0	1.0
3619.0	1.0
3620.0	1.0
3621.0	1.0
3623.0	1.0
3630.0	1.0
3633.0	2.0
3639.0	1.0
3642.0	1.0
3644.0	1.0
3645.0	1.0
3647.0	1.0
3648.0	1.0
3650.0	1.0
3651.0	1.0
3652.0	1.0
3655.0	1.0
3656.0	1.0
3657.0	1.0
3658.0	1.0
3659.0	2.0
3662.0	1.0
3664.0	1.0
3667.0	2.0
3668.0	1.0
3670.0	1.0
3672.0	1.0
3674.0	2.0
3675.0	1.0
3676.0	1.0
3694.0	1.0
3695.0	1.0
3698.0	1.0
3701.0	1.0
3704.0	3.0
3707.0	1.0
3708.0	1.0
3711.0	1.0
3712.0	1.0
3716.0	1.0
3720.0	2.0
3723.0	1.0
3727.0	1.0
3730.0	2.0
3731.0	1.0
3733.0	1.0
3734.0	1.0
3736.0	1.0
3738.0	1.0
3739.0	1.0
3746.0	1.0
3750.0	1.0
3751.0	1.0
3756.0	1.0
3761.0	1.0
3762.0	1.0
3776.0	1.0
3777.0	1.0
3782.0	2.0
3784.0	2.0
3785.0	1.0
3786.0	2.0
3792.0	1.0
3794.0	1.0
3797.0	1.0
3801.0	1.0
3803.0	1.0
3806.0	1.0
3812.0	1.0
3816.0	2.0
3821.0	1.0
3824.0	3.0
3826.0	1.0
3830.0	1.0
3831.0	2.0
3833.0	1.0
3835.0	1.0
3836.0	1.0
3837.0	1.0
3838.0	2.0
3839.0	1.0
3849.0	1.0
3850.0	1.0
3853.0	1.0
3854.0	1.0
3856.0	1.0
3857.0	1.0
3863.0	1.0
3864.0	1.0
3865.0	1.0
3868.0	1.0
3869.0	1.0
3870.0	1.0
3872.0	1.0
3874.0	1.0
3876.0	2.0
3878.0	1.0
3884.0	1.0
3886.0	1.0
3890.0	1.0
3892.0	1.0
3894.0	1.0
3895.0	1.0
3896.0	1.0
3897.0	1.0
3900.0	2.0
3902.0	1.0
3907.0	1.0
3909.0	3.0
3911.0	1.0
3913.0	1.0
3917.0	1.0
3918.0	1.0
3923.0	2.0
3926.0	1.0
3927.0	1.0
3937.0	1.0
3942.0	1.0
3943.0	2.0
3945.0	1.0
3950.0	1.0
3951.0	1.0
3957.0	2.0
3961.0	1.0
3966.0	1.0
3970.0	2.0
3971.0	1.0
3972.0	1.0
3975.0	2.0
3979.0	1.0
3980.0	2.0
3986.0	1.0
3991.0	1.0
3995.0	1.0
4002.0	1.0
4007.0	1.0
4009.0	1.0
4013.0	1.0
4016.0	1.0
4021.0	1.0
4027.0	1.0
4030.0	1.0
4031.0	1.0
4041.0	1.0
4042.0	2.0
4044.0	1.0
4045.0	1.0
4047.0	3.0
4049.0	1.0
4052.0	1.0
4053.0	1.0
4056.0	1.0
4057.0	1.0
4060.0	1.0
4061.0	1.0
4063.0	2.0
4074.0	1.0
4075.0	1.0
4077.0	1.0
4078.0	1.0
4079.0	1.0
4080.0	1.0
4081.0	1.0
4083.0	2.0
4087.0	1.0
4089.0	1.0
4090.0	1.0
4096.0	2.0
4098.0	1.0
4102.0	1.0
4114.0	1.0
4121.0	1.0
4127.0	1.0
4133.0	1.0
4134.0	1.0
4139.0	2.0
4142.0	1.0
4145.0	2.0
4146.0	2.0
4151.0	1.0
4153.0	1.0
4158.0	1.0
4165.0	1.0
4171.0	1.0
4178.0	1.0
4189.0	1.0
4196.0	1.0
4199.0	1.0
4202.0	1.0
4203.0	1.0
4206.0	1.0
4213.0	1.0
4216.0	1.0
4235.0	1.0
4246.0	1.0
4254.0	1.0
4256.0	1.0
4259.0	1.0
4266.0	1.0
4281.0	1.0
4288.0	1.0
4299.0	1.0
4301.0	1.0
4308.0	1.0
4320.0	1.0
4332.0	1.0
4346.0	1.0
4352.0	1.0
4353.0	1.0
4355.0	1.0
4356.0	1.0
4361.0	1.0
4364.0	1.0
4372.0	1.0
4375.0	1.0
4378.0	1.0
4381.0	2.0
4383.0	2.0
4386.0	1.0
4387.0	1.0
4390.0	1.0
4392.0	1.0
4393.0	1.0
4395.0	1.0
4402.0	2.0
4405.0	1.0
4409.0	1.0
4411.0	2.0
4412.0	2.0
4414.0	1.0
4416.0	1.0
4425.0	1.0
4426.0	2.0
4427.0	2.0
4428.0	1.0
4429.0	1.0
4432.0	1.0
4452.0	1.0
4453.0	1.0
4457.0	1.0
4461.0	1.0
4465.0	1.0
4472.0	1.0
4473.0	1.0
4480.0	1.0
4483.0	2.0
4487.0	1.0
4488.0	1.0
4493.0	1.0
4497.0	1.0
4509.0	1.0
4521.0	1.0
4528.0	2.0
4532.0	1.0
4535.0	1.0
4542.0	2.0
4557.0	1.0
4572.0	1.0
4594.0	1.0
4597.0	1.0
4607.0	1.0
4628.0	1.0
4629.0	1.0
4639.0	1.0
4640.0	1.0
4670.0	1.0
4671.0	1.0
4677.0	1.0
4689.0	1.0
4697.0	1.0
4699.0	1.0
4714.0	1.0
4721.0	2.0
4722.0	1.0
4730.0	1.0
4734.0	1.0
4735.0	1.0
4737.0	1.0
4739.0	1.0
4751.0	1.0
4764.0	1.0
4770.0	1.0
4787.0	1.0
4788.0	1.0
4790.0	1.0
4791.0	1.0
4794.0	1.0
4800.0	1.0
4801.0	1.0
4804.0	2.0
4812.0	2.0
4813.0	2.0
4818.0	1.0
4819.0	1.0
4822.0	2.0
4823.0	1.0
4829.0	1.0
4841.0	2.0
4842.0	1.0
4846.0	1.0
4849.0	1.0
4854.0	1.0
4856.0	2.0
4863.0	1.0
4867.0	1.0
4870.0	1.0
4871.0	1.0
4876.0	1.0
4877.0	1.0
4880.0	2.0
4882.0	1.0
4887.0	1.0
4892.0	1.0
4894.0	1.0
4896.0	1.0
4897.0	1.0
4901.0	1.0
4909.0	1.0
4910.0	1.0
4918.0	2.0
4919.0	1.0
4921.0	1.0
4923.0	1.0
4932.0	1.0
4951.0	1.0
4958.0	1.0
4959.0	1.0
4969.0	1.0
4975.0	2.0
4977.0	1.0
4991.0	1.0
5002.0	1.0
5017.0	1.0
5025.0	1.0
5030.0	1.0
5035.0	1.0
5039.0	1.0
5053.0	1.0
5055.0	1.0
5056.0	1.0
5061.0	1.0
5068.0	1.0
5069.0	1.0
5070.0	1.0
5080.0	1.0
5086.0	1.0
5090.0	2.0
5097.0	1.0
5099.0	1.0
5103.0	1.0
5126.0	2.0
5131.0	1.0
5133.0	1.0
5137.0	1.0
5139.0	1.0
5140.0	1.0
5143.0	1.0
5159.0	1.0
5170.0	1.0
5173.0	1.0
5183.0	1.0
5186.0	1.0
5192.0	1.0
5195.0	1.0
5196.0	2.0
5204.0	1.0
5209.0	1.0
5211.0	1.0
5216.0	1.0
5218.0	1.0
5219.0	1.0
5220.0	1.0
5228.0	1.0
5231.0	1.0
5239.0	1.0
5259.0	2.0
5260.0	1.0
5262.0	1.0
5267.0	2.0
5270.0	1.0
5272.0	1.0
5273.0	2.0
5275.0	1.0
5278.0	1.0
5279.0	2.0
5282.0	2.0
5285.0	1.0
5287.0	1.0
5293.0	2.0
5294.0	1.0
5295.0	1.0
5297.0	1.0
5322.0	2.0
5323.0	1.0
5324.0	1.0
5335.0	1.0
5336.0	1.0
5340.0	1.0
5342.0	1.0
5343.0	1.0
5348.0	3.0
5349.0	1.0
5353.0	1.0
5355.0	1.0
5360.0	1.0
5361.0	1.0
5364.0	1.0
5368.0	1.0
5371.0	1.0
5372.0	1.0
5375.0	1.0
5377.0	1.0
5386.0	1.0
5394.0	1.0
5398.0	1.0
5399.0	1.0
5402.0	1.0
5406.0	1.0
5412.0	1.0
5415.0	2.0
5418.0	2.0
5422.0	1.0
5428.0	1.0
5435.0	2.0
5439.0	2.0
5444.0	1.0
5445.0	1.0
5446.0	1.0
5450.0	1.0
5453.0	1.0
5459.0	1.0
5464.0	2.0
5468.0	1.0
5470.0	1.0
5473.0	1.0
5501.0	1.0
5503.0	1.0
5505.0	1.0
5507.0	1.0
5508.0	1.0
5519.0	1.0
5525.0	1.0
5531.0	1.0
5532.0	1.0
5533.0	1.0
5549.0	1.0
5553.0	1.0
5566.0	1.0
5575.0	2.0
5578.0	1.0
5585.0	1.0
5591.0	1.0
5592.0	2.0
5606.0	1.0
5608.0	2.0
5611.0	1.0
5618.0	1.0
5620.0	1.0
5628.0	1.0
5629.0	2.0
5635.0	1.0
5639.0	1.0
5644.0	1.0
5647.0	1.0
5648.0	1.0
5649.0	2.0
5653.0	1.0
5661.0	1.0
5670.0	1.0
5675.0	1.0
5677.0	1.0
5678.0	1.0
5684.0	1.0
5690.0	1.0
5697.0	1.0
5716.0	1.0
5732.0	1.0
5738.0	1.0
5741.0	1.0
5742.0	1.0
5748.0	1.0
5756.0	1.0
5759.0	1.0
5765.0	1.0
5770.0	1.0
5773.0	1.0
5775.0	2.0
5780.0	1.0
5782.0	1.0
5788.0	1.0
5792.0	1.0
5794.0	1.0
5799.0	1.0
5822.0	1.0
5841.0	1.0
5847.0	1.0
5852.0	1.0
5858.0	1.0
5861.0	2.0
5882.0	1.0
5891.0	1.0
5895.0	1.0
5897.0	1.0
5898.0	1.0
5909.0	1.0
5910.0	1.0
5913.0	1.0
5917.0	1.0
5920.0	1.0
5930.0	1.0
5935.0	1.0
5937.0	1.0
5942.0	1.0
5944.0	1.0
5948.0	1.0
5959.0	1.0
5960.0	1.0
5967.0	1.0
5969.0	1.0
5970.0	1.0
5973.0	1.0
5974.0	4.0
5975.0	2.0
5976.0	5.0
5977.0	4.0
5978.0	2.0
5979.0	7.0
5986.0	1.0
6005.0	1.0
6012.0	1.0
6017.0	1.0
6019.0	1.0
6039.0	1.0
6040.0	1.0
6046.0	1.0
6047.0	1.0
6056.0	1.0
6058.0	1.0
6078.0	1.0
6082.0	1.0
6086.0	1.0
6088.0	1.0
6089.0	1.0
6091.0	1.0
6092.0	1.0
6096.0	1.0
6098.0	1.0
6099.0	1.0
6109.0	1.0
6119.0	1.0
6121.0	1.0
6128.0	1.0
6134.0	1.0
6135.0	1.0
6137.0	1.0
6140.0	1.0
6142.0	2.0
6146.0	1.0
6147.0	1.0
6150.0	1.0
6152.0	1.0
6157.0	1.0
6160.0	1.0
6165.0	1.0
6171.0	1.0
6173.0	2.0
6175.0	1.0
6178.0	1.0
6180.0	1.0
6182.0	1.0
6189.0	1.0
6191.0	1.0
6195.0	1.0
6201.0	1.0
6206.0	1.0
6219.0	1.0
6221.0	1.0
6223.0	1.0
6228.0	1.0
6229.0	1.0
6234.0	3.0
6242.0	1.0
6251.0	2.0
6256.0	1.0
6259.0	1.0
6260.0	1.0
6268.0	1.0
6270.0	1.0
6280.0	2.0
6289.0	1.0
6291.0	1.0
6299.0	1.0
6305.0	1.0
6308.0	3.0
6319.0	1.0
6326.0	2.0
6336.0	1.0
6341.0	1.0
6354.0	1.0
6356.0	2.0
6359.0	1.0
6366.0	1.0
6388.0	1.0
6395.0	1.0
6396.0	1.0
6401.0	1.0
6403.0	1.0
6408.0	1.0
6423.0	1.0
6430.0	1.0
6432.0	1.0
6433.0	1.0
6437.0	2.0
6443.0	1.0
6444.0	1.0
6446.0	1.0
6454.0	1.0
6456.0	1.0
6457.0	1.0
6462.0	1.0
6469.0	1.0
6470.0	1.0
6472.0	1.0
6474.0	1.0
6475.0	1.0
6477.0	1.0
6478.0	1.0
6479.0	1.0
6483.0	2.0
6493.0	1.0
6495.0	1.0
6496.0	2.0
6500.0	1.0
6505.0	1.0
6510.0	1.0
6514.0	1.0
6517.0	1.0
6518.0	1.0
6526.0	1.0
6528.0	1.0
6544.0	1.0
6553.0	1.0
6561.0	2.0
6565.0	1.0
6567.0	1.0
6568.0	1.0
6579.0	2.0
6588.0	2.0
6589.0	1.0
6598.0	1.0
6602.0	1.0
6605.0	1.0
6606.0	2.0
6607.0	3.0
6608.0	1.0
6612.0	2.0
6614.0	2.0
6617.0	2.0
6619.0	1.0
6620.0	2.0
6627.0	1.0
6631.0	1.0
6639.0	1.0
6645.0	2.0
6647.0	1.0
6659.0	2.0
6665.0	1.0
6668.0	1.0
6674.0	1.0
6676.0	1.0
6679.0	1.0
6685.0	1.0
6687.0	1.0
6692.0	1.0
6711.0	1.0
6712.0	1.0
6719.0	1.0
6722.0	1.0
6725.0	1.0
6743.0	1.0
6756.0	3.0
6759.0	1.0
6760.0	2.0
6777.0	1.0
6778.0	1.0
6788.0	1.0
6794.0	3.0
6796.0	1.0
6803.0	1.0
6809.0	1.0
6811.0	1.0
6812.0	1.0
6815.0	1.0
6821.0	1.0
6824.0	1.0
6825.0	1.0
6827.0	1.0
6832.0	2.0
6834.0	1.0
6838.0	2.0
6843.0	1.0
6849.0	1.0
6850.0	1.0
6851.0	1.0
6853.0	1.0
6854.0	1.0
6855.0	1.0
6856.0	2.0
6861.0	1.0
6862.0	1.0
6863.0	1.0
6864.0	1.0
6874.0	2.0
6875.0	1.0
6876.0	1.0
6878.0	2.0
6881.0	1.0
6884.0	1.0
6899.0	1.0
6903.0	1.0
6908.0	1.0
6911.0	1.0
6917.0	1.0
6930.0	1.0
6940.0	1.0
6966.0	1.0
6972.0	1.0
6980.0	1.0
6981.0	1.0
6983.0	1.0
6991.0	1.0
7018.0	1.0
7023.0	1.0
7028.0	1.0
7035.0	1.0
7049.0	1.0
7051.0	1.0
7055.0	1.0
7063.0	1.0
7070.0	1.0
7075.0	1.0
7078.0	1.0
7082.0	1.0
7084.0	1.0
7091.0	1.0
7099.0	2.0
7101.0	1.0
7114.0	1.0
7115.0	1.0
7118.0	1.0
7120.0	1.0
7128.0	1.0
7132.0	1.0
7136.0	1.0
7142.0	1.0
7148.0	1.0
7155.0	1.0
7168.0	1.0
7174.0	1.0
7181.0	1.0
7183.0	1.0
7189.0	1.0
7194.0	1.0
7199.0	1.0
7200.0	1.0
7208.0	3.0
7212.0	1.0
7214.0	1.0
7215.0	1.0
7218.0	3.0
7223.0	1.0
7225.0	1.0
7227.0	1.0
7230.0	1.0
7231.0	1.0
7232.0	1.0
7233.0	1.0
7235.0	2.0
7236.0	1.0
7237.0	3.0
7249.0	1.0
7250.0	1.0
7255.0	1.0
7263.0	1.0
7265.0	1.0
7268.0	1.0
7271.0	1.0
7287.0	1.0
7289.0	1.0
7290.0	1.0
7292.0	1.0
7300.0	1.0
7301.0	1.0
7309.0	1.0
7314.0	1.0
7339.0	1.0
7341.0	1.0
7342.0	2.0
7349.0	1.0
7360.0	1.0
7361.0	1.0
7365.0	1.0
7370.0	1.0
7375.0	1.0
7380.0	1.0
7381.0	1.0
7384.0	1.0
7385.0	1.0
7386.0	1.0
7387.0	1.0
7389.0	2.0
7391.0	1.0
7393.0	1.0
7394.0	2.0
7395.0	2.0
7402.0	1.0
7405.0	1.0
7412.0	1.0
7419.0	1.0
7422.0	1.0
7425.0	1.0
7427.0	1.0
7438.0	1.0
7464.0	1.0
7497.0	1.0
7512.0	1.0
7518.0	1.0
7524.0	1.0
7525.0	1.0
7526.0	1.0
7529.0	1.0
7531.0	1.0
7532.0	1.0
7537.0	1.0
7538.0	1.0
7541.0	1.0
7553.0	1.0
7556.0	1.0
7559.0	1.0
7562.0	1.0
7564.0	1.0
7565.0	2.0
7574.0	1.0
7577.0	1.0
7580.0	1.0
7584.0	1.0
7586.0	1.0
7610.0	1.0
7616.0	1.0
7620.0	1.0
7626.0	1.0
7629.0	1.0
7631.0	1.0
7632.0	1.0
7633.0	1.0
7637.0	1.0
7638.0	2.0
7654.0	1.0
7670.0	1.0
7694.0	1.0
7697.0	1.0
7700.0	2.0
7701.0	1.0
7709.0	1.0
7721.0	1.0
7723.0	1.0
7731.0	1.0
7733.0	1.0
7740.0	1.0
7741.0	1.0
7747.0	1.0
7749.0	1.0
7754.0	1.0
7769.0	1.0
7773.0	1.0
7776.0	1.0
7779.0	1.0
7782.0	2.0
7783.0	2.0
7785.0	2.0
7801.0	1.0
7822.0	1.0
7856.0	1.0
7865.0	2.0
7871.0	1.0
7889.0	1.0
7917.0	1.0
7920.0	1.0
7929.0	1.0
7955.0	1.0
7975.0	1.0
7992.0	1.0
8028.0	1.0
8039.0	2.0
8048.0	1.0
8069.0	1.0
8070.0	1.0
8073.0	1.0
8102.0	1.0
8106.0	1.0
8122.0	1.0
8134.0	1.0
8135.0	1.0
8141.0	1.0
8144.0	1.0
8147.0	1.0
8153.0	1.0
8177.0	1.0
8178.0	1.0
8179.0	1.0
8197.0	2.0
8198.0	1.0
8201.0	1.0
8223.0	2.0
8227.0	1.0
8234.0	1.0
8246.0	1.0
8249.0	1.0
8258.0	1.0
8259.0	1.0
8263.0	1.0
8268.0	1.0
8271.0	1.0
8273.0	1.0
8279.0	1.0
8281.0	1.0
8283.0	1.0
8286.0	3.0
8291.0	2.0
8292.0	1.0
8302.0	2.0
8305.0	1.0
8312.0	1.0
8318.0	1.0
8336.0	1.0
8339.0	1.0
8343.0	1.0
8352.0	1.0
8359.0	1.0
8360.0	1.0
8365.0	1.0
8368.0	1.0
8370.0	1.0
8386.0	1.0
8388.0	1.0
8389.0	1.0
8392.0	1.0
8396.0	1.0
8397.0	1.0
8398.0	1.0
8399.0	1.0
8400.0	1.0
8403.0	1.0
8408.0	1.0
8413.0	1.0
8414.0	1.0
8417.0	2.0
8418.0	1.0
8422.0	2.0
8426.0	1.0
8436.0	1.0
8446.0	2.0
8450.0	1.0
8452.0	1.0
8453.0	1.0
8458.0	1.0
8459.0	1.0
8463.0	1.0
8464.0	1.0
8474.0	1.0
8477.0	1.0
8478.0	1.0
8480.0	1.0
8482.0	1.0
8484.0	2.0
8491.0	1.0
8493.0	2.0
8494.0	2.0
8496.0	1.0
8498.0	1.0
8513.0	1.0
8525.0	1.0
8537.0	1.0
8541.0	1.0
8554.0	1.0
8557.0	1.0
8558.0	1.0
8564.0	1.0
8571.0	1.0
8573.0	1.0
8585.0	1.0
8605.0	1.0
8608.0	2.0
8612.0	1.0
8617.0	1.0
8619.0	1.0
8621.0	1.0
8634.0	1.0
8637.0	1.0
8640.0	1.0
8641.0	1.0
8642.0	1.0
8643.0	2.0
8645.0	1.0
8646.0	1.0
8649.0	1.0
8650.0	1.0
8651.0	1.0
8652.0	1.0
8653.0	1.0
8654.0	1.0
8655.0	2.0
8659.0	1.0
8664.0	1.0
8668.0	1.0
8691.0	1.0
8696.0	1.0
8739.0	1.0
8748.0	1.0
8770.0	1.0
8771.0	1.0
8796.0	1.0
8797.0	1.0
8818.0	2.0
8820.0	1.0
8831.0	1.0
8834.0	1.0
8849.0	1.0
8851.0	1.0
8867.0	1.0
8876.0	1.0
8903.0	1.0
8915.0	1.0
8919.0	1.0
8923.0	1.0
8929.0	1.0
8934.0	1.0
8960.0	1.0
8982.0	1.0
8990.0	1.0
8995.0	1.0
9005.0	1.0
9009.0	1.0
9028.0	1.0
9029.0	1.0
9036.0	1.0
9067.0	1.0
9091.0	1.0
9095.0	1.0
9102.0	1.0
9110.0	1.0
9117.0	1.0
9126.0	1.0
9128.0	1.0
9142.0	1.0
9144.0	1.0
9147.0	1.0
9156.0	1.0
9171.0	1.0
9185.0	1.0
9206.0	1.0
9209.0	1.0
9211.0	1.0
9214.0	1.0
9220.0	1.0
9222.0	1.0
9228.0	1.0
9231.0	1.0
9234.0	1.0
9238.0	1.0
9240.0	1.0
9241.0	1.0
9244.0	1.0
9245.0	2.0
9246.0	1.0
9271.0	1.0
9290.0	1.0
9293.0	1.0
9300.0	1.0
9341.0	1.0
9355.0	1.0
9375.0	1.0
9377.0	1.0
9386.0	1.0
9392.0	1.0
9397.0	1.0
9401.0	1.0
9407.0	1.0
9430.0	1.0
9450.0	1.0
9465.0	1.0
9472.0	1.0
9495.0	1.0
9543.0	1.0
9549.0	1.0
9573.0	1.0
9607.0	1.0
9617.0	2.0
9652.0	1.0
9656.0	1.0
9658.0	1.0
9698.0	1.0
9710.0	1.0
9716.0	1.0
9717.0	1.0
9737.0	1.0
9750.0	1.0
9751.0	1.0
9757.0	1.0
9804.0	2.0
9825.0	1.0
9829.0	1.0
9838.0	1.0
9891.0	1.0
9923.0	1.0
9925.0	1.0
9936.0	1.0
9949.0	1.0
9956.0	1.0
9969.0	1.0
9980.0	1.0
9984.0	1.0
10078.0	1.0
10088.0	1.0
10090.0	1.0
10112.0	1.0
10140.0	1.0
10146.0	1.0
10158.0	1.0
10177.0	1.0
10179.0	1.0
10182.0	1.0
10211.0	1.0
10220.0	1.0
10229.0	1.0
10232.0	1.0
10242.0	1.0
10354.0	1.0
10367.0	1.0
10368.0	1.0
10371.0	1.0
10381.0	2.0
10394.0	1.0
10395.0	2.0
10403.0	1.0
10406.0	1.0
10408.0	1.0
10439.0	1.0
10458.0	1.0
10460.0	1.0
10462.0	1.0
10468.0	1.0
10471.0	1.0
10483.0	1.0
10487.0	1.0
10512.0	1.0
10514.0	1.0
10515.0	1.0
10526.0	1.0
10547.0	1.0
10583.0	1.0
10597.0	1.0
10617.0	1.0
10628.0	1.0
10632.0	1.0
10652.0	1.0
10695.0	1.0
10697.0	1.0
10706.0	1.0
10712.0	1.0
10713.0	1.0
10718.0	1.0
10764.0	1.0
10788.0	1.0
10795.0	1.0
10812.0	1.0
10826.0	1.0
10874.0	1.0
10890.0	1.0
10894.0	1.0
10898.0	1.0
10910.0	1.0
10921.0	1.0
10937.0	1.0
10955.0	1.0
10977.0	1.0
10978.0	1.0
11013.0	1.0
11023.0	1.0
11025.0	1.0
11067.0	1.0
11088.0	1.0
11111.0	1.0
11130.0	1.0
11149.0	1.0
11163.0	2.0
11191.0	1.0
11197.0	1.0
11202.0	1.0
11211.0	1.0
11223.0	1.0
11241.0	1.0
11251.0	1.0
11271.0	1.0
11272.0	1.0
11274.0	1.0
11294.0	1.0
11297.0	1.0
11301.0	1.0
11303.0	1.0
11307.0	2.0
11312.0	1.0
11330.0	1.0
11333.0	1.0
11334.0	1.0
11337.0	1.0
11338.0	1.0
11350.0	1.0
11377.0	1.0
11384.0	1.0
11387.0	1.0
11394.0	1.0
11420.0	1.0
11421.0	1.0
11422.0	1.0
11426.0	1.0
11436.0	1.0
11437.0	1.0
11448.0	1.0
11455.0	1.0
11456.0	1.0
11458.0	1.0
11494.0	1.0
11510.0	1.0
11529.0	1.0
11530.0	1.0
11538.0	1.0
11624.0	1.0
11631.0	1.0
11640.0	1.0
11654.0	1.0
11671.0	1.0
11677.0	1.0
11685.0	1.0
11689.0	2.0
11696.0	1.0
11706.0	1.0
11726.0	1.0
11733.0	1.0
11734.0	1.0
11761.0	1.0
11790.0	1.0
11803.0	1.0
11808.0	1.0
11839.0	1.0
11843.0	1.0
11877.0	1.0
11888.0	1.0
11889.0	1.0
11891.0	1.0
11894.0	2.0
11895.0	1.0
11896.0	2.0
11897.0	1.0
11898.0	2.0
11899.0	4.0
11900.0	2.0
11901.0	1.0
11902.0	6.0
11934.0	1.0
11957.0	1.0
11978.0	1.0
12001.0	1.0
12012.0	1.0
12014.0	1.0
12039.0	1.0
12045.0	1.0
12050.0	1.0
12063.0	1.0
12078.0	1.0
12139.0	1.0
12174.0	2.0
12184.0	1.0
12197.0	2.0
12204.0	1.0
12222.0	1.0
12248.0	1.0
12261.0	1.0
12263.0	1.0
12270.0	1.0
12272.0	1.0
12320.0	1.0
12323.0	1.0
12344.0	1.0
12442.0	1.0
12444.0	1.0
12452.0	1.0
12455.0	1.0
12462.0	1.0
12475.0	1.0
12492.0	1.0
12493.0	1.0
12535.0	1.0
12583.0	1.0
12615.0	1.0
12624.0	2.0
12629.0	1.0
12685.0	1.0
12702.0	1.0
12723.0	1.0
12795.0	1.0
12803.0	1.0
12815.0	1.0
12817.0	1.0
12842.0	1.0
12867.0	1.0
12869.0	1.0
12870.0	1.0
12873.0	1.0
12876.0	1.0
12878.0	1.0
12887.0	1.0
12900.0	1.0
12909.0	1.0
12919.0	1.0
12938.0	1.0
12959.0	1.0
12993.0	1.0
12996.0	1.0
13004.0	1.0
13008.0	1.0
13029.0	1.0
13032.0	1.0
13082.0	1.0
13087.0	1.0
13090.0	1.0
13105.0	1.0
13112.0	1.0
13136.0	1.0
13168.0	1.0
13199.0	1.0
13219.0	1.0
13238.0	1.0
13289.0	1.0
13306.0	1.0
13365.0	1.0
13411.0	1.0
13412.0	1.0
13415.0	1.0
13417.0	1.0
13428.0	1.0
13437.0	1.0
13454.0	1.0
13463.0	1.0
13470.0	2.0
13492.0	1.0
13496.0	1.0
13505.0	1.0
13513.0	2.0
13542.0	1.0
13558.0	1.0
13565.0	1.0
13575.0	1.0
13584.0	1.0
13625.0	1.0
13628.0	1.0
13654.0	1.0
13681.0	1.0
13686.0	1.0
13695.0	1.0
13727.0	1.0
13750.0	1.0
13752.0	1.0
13755.0	1.0
13761.0	1.0
13765.0	1.0
13800.0	1.0
13804.0	1.0
13861.0	1.0
13870.0	1.0
13879.0	1.0
13925.0	1.0
13929.0	1.0
13949.0	1.0
13952.0	1.0
13977.0	1.0
13980.0	1.0
14011.0	1.0
14035.0	1.0
14038.0	1.0
14071.0	1.0
14082.0	1.0
14085.0	2.0
14088.0	1.0
14093.0	1.0
14104.0	1.0
14119.0	1.0
14130.0	2.0
14131.0	1.0
14135.0	1.0
14141.0	1.0
14154.0	1.0
14155.0	1.0
14168.0	1.0
14175.0	1.0
14187.0	1.0
14196.0	1.0
14197.0	1.0
14207.0	1.0
14211.0	1.0
14215.0	1.0
14217.0	1.0
14239.0	1.0
14243.0	1.0
14247.0	1.0
14263.0	1.0
14270.0	2.0
14280.0	1.0
14287.0	1.0
14290.0	1.0
14296.0	1.0
14297.0	1.0
14301.0	2.0
14324.0	2.0
14327.0	1.0
14348.0	1.0
14360.0	1.0
14393.0	2.0
14394.0	1.0
14397.0	2.0
14452.0	1.0
14457.0	1.0
14465.0	1.0
14468.0	1.0
14502.0	1.0
14515.0	1.0
14527.0	1.0
14541.0	2.0
14550.0	1.0
14552.0	1.0
14555.0	1.0
14558.0	1.0
14561.0	1.0
14573.0	1.0
14583.0	1.0
14586.0	1.0
14600.0	1.0
14617.0	1.0
14628.0	1.0
14633.0	1.0
14640.0	1.0
14649.0	1.0
14666.0	1.0
14684.0	1.0
14688.0	1.0
14691.0	1.0
14709.0	1.0
14730.0	3.0
14734.0	1.0
14759.0	1.0
14781.0	1.0
14794.0	1.0
14803.0	1.0
14816.0	1.0
14834.0	1.0
14837.0	1.0
14844.0	1.0
14850.0	1.0
14854.0	1.0
14866.0	1.0
14873.0	1.0
14876.0	1.0
14877.0	1.0
14879.0	2.0
14893.0	1.0
14910.0	1.0
14914.0	2.0
14941.0	1.0
14950.0	1.0
14986.0	2.0
14988.0	1.0
15001.0	1.0
15139.0	1.0
15145.0	1.0
15150.0	1.0
15170.0	1.0
15187.0	1.0
15241.0	1.0
15293.0	1.0
15324.0	1.0
15359.0	2.0
15368.0	1.0
15376.0	1.0
15380.0	1.0
15386.0	1.0
15405.0	1.0
15435.0	1.0
15460.0	1.0
15467.0	2.0
15568.0	1.0
15597.0	1.0
15598.0	1.0
15626.0	1.0
15666.0	1.0
15677.0	1.0
15710.0	1.0
15727.0	1.0
15745.0	1.0
15774.0	1.0
15854.0	1.0
15869.0	1.0
15911.0	1.0
15949.0	1.0
15967.0	1.0
15989.0	1.0
15997.0	1.0
16048.0	1.0
16106.0	1.0
16122.0	1.0
16128.0	1.0
16144.0	1.0
16150.0	1.0
16160.0	1.0
16196.0	1.0
16231.0	1.0
16329.0	1.0
16338.0	1.0
16342.0	1.0
16343.0	1.0
16371.0	1.0
16375.0	1.0
16432.0	1.0
16440.0	1.0
16495.0	1.0
16499.0	1.0
16521.0	1.0
16532.0	1.0
16549.0	1.0
16550.0	1.0
16578.0	1.0
16588.0	2.0
16612.0	2.0
16620.0	1.0
16630.0	1.0
16644.0	1.0
16658.0	1.0
16662.0	1.0
16687.0	1.0
16689.0	1.0
16698.0	1.0
16715.0	1.0
16744.0	2.0
16790.0	1.0
16825.0	1.0
16886.0	1.0
16907.0	1.0
16942.0	1.0
16950.0	1.0
16976.0	1.0
17026.0	1.0
17031.0	1.0
17055.0	1.0
17058.0	1.0
17136.0	1.0
17159.0	1.0
17165.0	1.0
17169.0	1.0
17240.0	1.0
17241.0	1.0
17244.0	1.0
17246.0	1.0
17290.0	1.0
17296.0	1.0
17325.0	1.0
17346.0	1.0
17347.0	1.0
17355.0	1.0
17365.0	1.0
17382.0	1.0
17399.0	1.0
17595.0	1.0
17638.0	1.0
17672.0	1.0
17714.0	1.0
17726.0	1.0
17748.0	1.0
17761.0	1.0
17853.0	1.0
17883.0	1.0
17915.0	1.0
17922.0	1.0
17970.0	1.0
17986.0	1.0
17992.0	1.0
18004.0	1.0
18005.0	1.0
18011.0	1.0
18035.0	1.0
18053.0	1.0
18058.0	1.0
18069.0	1.0
18093.0	1.0
18105.0	1.0
18129.0	1.0
18151.0	1.0
18157.0	1.0
18178.0	1.0
18216.0	1.0
18242.0	1.0
18248.0	1.0
18280.0	1.0
18284.0	1.0
18296.0	1.0
18310.0	1.0
18323.0	1.0
18326.0	1.0
18340.0	1.0
18381.0	1.0
18388.0	1.0
18397.0	1.0
18410.0	1.0
18428.0	1.0
18453.0	1.0
18472.0	1.0
18478.0	1.0
18493.0	1.0
18542.0	1.0
18583.0	1.0
18663.0	1.0
18689.0	1.0
18728.0	1.0
18732.0	1.0
18736.0	1.0
18749.0	2.0
18756.0	1.0
18794.0	1.0
18812.0	1.0
18813.0	1.0
18819.0	2.0
18826.0	1.0
18839.0	1.0
18840.0	1.0
18879.0	1.0
18901.0	1.0
18936.0	1.0
18943.0	1.0
18952.0	1.0
18977.0	1.0
18982.0	1.0
18984.0	1.0
19013.0	1.0
19048.0	1.0
19053.0	1.0
19108.0	1.0
19126.0	1.0
19190.0	1.0
19199.0	1.0
19223.0	1.0
19298.0	1.0
19374.0	1.0
19383.0	1.0
19394.0	1.0
19397.0	1.0
19401.0	1.0
19418.0	1.0
19455.0	1.0
19523.0	1.0
19555.0	1.0
19596.0	1.0
19606.0	1.0
19619.0	1.0
19696.0	1.0
19737.0	1.0
19746.0	1.0
19752.0	1.0
19776.0	1.0
19795.0	1.0
19823.0	1.0
19862.0	1.0
19877.0	1.0
19908.0	1.0
19920.0	1.0
19968.0	1.0
19979.0	1.0
19985.0	1.0
20019.0	1.0
20045.0	1.0
20047.0	1.0
20058.0	1.0
20062.0	1.0
20065.0	1.0
20083.0	1.0
20090.0	1.0
20113.0	1.0
20135.0	1.0
20146.0	1.0
20152.0	1.0
20168.0	1.0
20180.0	1.0
20196.0	1.0
20206.0	1.0
20207.0	2.0
20213.0	1.0
20217.0	1.0
20219.0	1.0
20222.0	6.0
20239.0	1.0
20249.0	1.0
20280.0	1.0
20319.0	1.0
20363.0	1.0
20418.0	1.0
20440.0	1.0
20448.0	1.0
20471.0	1.0
20490.0	1.0
20507.0	1.0
20520.0	1.0
20574.0	1.0
20658.0	1.0
20671.0	1.0
20675.0	1.0
20688.0	1.0
20712.0	1.0
20719.0	1.0
20733.0	1.0
20882.0	1.0
20937.0	1.0
20942.0	1.0
21041.0	1.0
21055.0	1.0
21235.0	1.0
21253.0	1.0
21343.0	1.0
21393.0	1.0
21399.0	1.0
21400.0	1.0
21473.0	1.0
21573.0	1.0
21589.0	1.0
21655.0	1.0
21750.0	1.0
21828.0	1.0
21950.0	1.0
22020.0	1.0
22111.0	1.0
22197.0	1.0
22221.0	1.0
22255.0	1.0
22288.0	1.0
22304.0	1.0
22315.0	1.0
22324.0	1.0
22387.0	1.0
22392.0	1.0
22402.0	1.0
22434.0	1.0
22516.0	1.0
22567.0	1.0
22595.0	1.0
22617.0	1.0
22764.0	1.0
22766.0	1.0
22839.0	1.0
22852.0	1.0
22862.0	1.0
22871.0	1.0
22913.0	1.0
23001.0	1.0
23053.0	1.0
23111.0	1.0
23160.0	1.0
23161.0	1.0
23207.0	1.0
23228.0	1.0
23229.0	1.0
23278.0	1.0
23289.0	1.0
23315.0	2.0
23338.0	1.0
23346.0	1.0
23352.0	1.0
23360.0	1.0
23363.0	1.0
23377.0	1.0
23424.0	1.0
23425.0	1.0
23437.0	1.0
23445.0	1.0
23471.0	1.0
23493.0	1.0
23498.0	1.0
23499.0	1.0
23531.0	1.0
23577.0	1.0
23639.0	1.0
23648.0	1.0
23664.0	1.0
23690.0	1.0
23715.0	1.0
23728.0	1.0
23736.0	1.0
23797.0	1.0
23814.0	1.0
23822.0	1.0
23824.0	1.0
23840.0	1.0
23923.0	1.0
23943.0	1.0
23954.0	1.0
23984.0	1.0
23999.0	1.0
24008.0	1.0
24021.0	1.0
24037.0	1.0
24055.0	1.0
24070.0	1.0
24080.0	1.0
24091.0	1.0
24102.0	1.0
24112.0	1.0
24167.0	1.0
24178.0	1.0
24195.0	1.0
24248.0	1.0
24285.0	1.0
24314.0	1.0
24315.0	1.0
24321.0	1.0
24326.0	1.0
24329.0	1.0
24355.0	1.0
24381.0	1.0
24390.0	1.0
24393.0	1.0
24432.0	1.0
24530.0	1.0
24554.0	1.0
24558.0	1.0
24559.0	1.0
24574.0	1.0
24688.0	1.0
24693.0	1.0
24702.0	1.0
24734.0	1.0
24810.0	1.0
24826.0	1.0
24838.0	1.0
24868.0	1.0
24897.0	1.0
24902.0	1.0
24945.0	1.0
24949.0	1.0
24953.0	1.0
24957.0	1.0
24974.0	1.0
25051.0	1.0
25074.0	1.0
25098.0	1.0
25106.0	1.0
25110.0	1.0
25135.0	2.0
25147.0	1.0
25155.0	2.0
25168.0	1.0
25178.0	1.0
25183.0	1.0
25210.0	1.0
25230.0	1.0
25264.0	1.0
25266.0	1.0
25296.0	1.0
25311.0	1.0
25340.0	1.0
25360.0	1.0
25363.0	1.0
25367.0	2.0
25374.0	1.0
25392.0	1.0
25437.0	1.0
25482.0	1.0
25486.0	1.0
25515.0	1.0
25527.0	1.0
25556.0	1.0
25566.0	1.0
25595.0	1.0
25612.0	1.0
25616.0	1.0
25630.0	1.0
25673.0	1.0
25835.0	1.0
25848.0	1.0
25920.0	1.0
25928.0	1.0
25955.0	1.0
26040.0	1.0
26055.0	1.0
26076.0	1.0
26083.0	1.0
26122.0	1.0
26127.0	1.0
26149.0	1.0
26198.0	1.0
26205.0	1.0
26219.0	1.0
26240.0	2.0
26248.0	1.0
26270.0	1.0
26272.0	2.0
26274.0	1.0
26282.0	1.0
26286.0	1.0
26303.0	1.0
26344.0	1.0
26390.0	1.0
26393.0	1.0
26398.0	1.0
26418.0	1.0
26452.0	1.0
26466.0	1.0
26467.0	1.0
26469.0	1.0
26484.0	1.0
26486.0	1.0
26507.0	1.0
26508.0	1.0
26522.0	1.0
26529.0	1.0
26550.0	1.0
26588.0	1.0
26599.0	1.0
26623.0	1.0
26650.0	1.0
26664.0	1.0
26674.0	1.0
26680.0	1.0
26688.0	1.0
26715.0	2.0
26769.0	1.0
26875.0	1.0
26880.0	1.0
26918.0	1.0
26934.0	1.0
26939.0	1.0
26986.0	1.0
26990.0	1.0
26993.0	1.0
27011.0	1.0
27017.0	1.0
27022.0	1.0
27084.0	1.0
27128.0	1.0
27131.0	1.0
27149.0	1.0
27171.0	1.0
27236.0	1.0
27242.0	1.0
27246.0	1.0
27247.0	1.0
27260.0	1.0
27264.0	1.0
27356.0	1.0
27386.0	1.0
27432.0	1.0
27442.0	1.0
27505.0	1.0
27567.0	1.0
27573.0	1.0
27582.0	1.0
27605.0	1.0
27617.0	1.0
27650.0	1.0
27699.0	1.0
27705.0	1.0
27749.0	1.0
27761.0	1.0
27774.0	1.0
27799.0	1.0
27816.0	1.0
27886.0	1.0
27893.0	1.0
27904.0	1.0
27906.0	1.0
27957.0	1.0
27961.0	1.0
27966.0	1.0
28014.0	1.0
28033.0	1.0
28063.0	1.0
28096.0	1.0
28105.0	1.0
28107.0	1.0
28135.0	1.0
28136.0	1.0
28143.0	1.0
28214.0	1.0
28216.0	1.0
28234.0	1.0
28241.0	1.0
28250.0	1.0
28261.0	1.0
28266.0	1.0
28297.0	1.0
28313.0	1.0
28318.0	1.0
28332.0	1.0
28362.0	1.0
28394.0	1.0
28411.0	1.0
28433.0	1.0
28445.0	3.0
28463.0	1.0
28471.0	1.0
28484.0	1.0
28485.0	1.0
28495.0	1.0
28515.0	1.0
28536.0	1.0
28577.0	1.0
28588.0	1.0
28596.0	1.0
28613.0	1.0
28627.0	1.0
28654.0	1.0
28659.0	1.0
28685.0	1.0
28695.0	1.0
28697.0	1.0
28705.0	1.0
28721.0	1.0
28789.0	1.0
28847.0	1.0
28859.0	1.0
28894.0	1.0
28934.0	1.0
28943.0	1.0
28949.0	1.0
28973.0	1.0
29003.0	1.0
29012.0	1.0
29053.0	1.0
29059.0	1.0
29070.0	1.0
29083.0	1.0
29095.0	1.0
29110.0	1.0
29123.0	1.0
29125.0	1.0
29128.0	1.0
29135.0	1.0
29145.0	1.0
29150.0	1.0
29165.0	1.0
29176.0	1.0
29214.0	1.0
29229.0	1.0
29243.0	1.0
29253.0	1.0
29257.0	1.0
29268.0	1.0
29306.0	1.0
29359.0	1.0
29378.0	1.0
29391.0	1.0
29392.0	1.0
29403.0	2.0
29407.0	1.0
29440.0	1.0
29442.0	1.0
29444.0	2.0
29490.0	1.0
29504.0	1.0
29509.0	1.0
29559.0	1.0
29572.0	1.0
29576.0	1.0
29613.0	1.0
29633.0	1.0
29664.0	1.0
29670.0	1.0
29680.0	1.0
29687.0	2.0
29731.0	1.0
29759.0	1.0
29781.0	1.0
29799.0	1.0
29841.0	1.0
29842.0	1.0
29876.0	1.0
29881.0	1.0
29897.0	1.0
29923.0	1.0
29928.0	1.0
29957.0	1.0
29971.0	1.0
29977.0	1.0
30007.0	1.0
30013.0	1.0
30027.0	1.0
30037.0	1.0
30045.0	1.0
30046.0	1.0
30048.0	1.0
30059.0	1.0
30069.0	1.0
30085.0	1.0
30093.0	1.0
30120.0	1.0
30162.0	1.0
30166.0	1.0
30180.0	1.0
30215.0	1.0
30221.0	1.0
30259.0	1.0
30261.0	1.0
30262.0	1.0
30272.0	1.0
30311.0	1.0
30313.0	1.0
30339.0	1.0
30357.0	1.0
30383.0	1.0
30392.0	1.0
30440.0	1.0
30449.0	1.0
30459.0	1.0
30477.0	1.0
30499.0	1.0
30528.0	1.0
30534.0	1.0
30556.0	1.0
30558.0	1.0
30580.0	1.0
30596.0	1.0
30608.0	1.0
30611.0	1.0
30616.0	1.0
30628.0	1.0
30631.0	1.0
30651.0	1.0
30656.0	1.0
30682.0	1.0
30683.0	1.0
30689.0	1.0
30706.0	1.0
30714.0	1.0
30724.0	1.0
30760.0	1.0
30763.0	1.0
30764.0	1.0
30781.0	1.0
30787.0	1.0
30810.0	1.0
30821.0	1.0
30832.0	1.0
30845.0	1.0
30858.0	1.0
30877.0	1.0
30903.0	2.0
30904.0	1.0
30927.0	1.0
30986.0	1.0
31010.0	1.0
31034.0	1.0
31046.0	1.0
31068.0	1.0
31069.0	1.0
31088.0	1.0
31103.0	1.0
31104.0	2.0
31112.0	1.0
31115.0	1.0
31134.0	1.0
31152.0	1.0
31168.0	1.0
31195.0	1.0
31199.0	1.0
31206.0	1.0
31233.0	1.0
31236.0	1.0
31253.0	1.0
31258.0	1.0
31262.0	1.0
31324.0	1.0
31334.0	1.0
31346.0	1.0
31381.0	1.0
31398.0	1.0
31406.0	1.0
31438.0	1.0
31459.0	1.0
31468.0	1.0
31487.0	1.0
31493.0	1.0
31507.0	1.0
31512.0	1.0
31541.0	1.0
31561.0	1.0
31572.0	1.0
31575.0	1.0
31619.0	1.0
31624.0	1.0
31627.0	1.0
31649.0	1.0
31675.0	1.0
31703.0	1.0
31742.0	1.0
31758.0	1.0
31769.0	1.0
31779.0	1.0
31782.0	1.0
31807.0	1.0
31820.0	1.0
31846.0	1.0
31904.0	1.0
31914.0	1.0
31934.0	1.0
31940.0	1.0
31950.0	1.0
31988.0	1.0
31999.0	1.0
32032.0	1.0
32037.0	1.0
32046.0	1.0
32052.0	1.0
32067.0	1.0
32095.0	1.0
32127.0	1.0
32131.0	1.0
32140.0	1.0
32146.0	1.0
32159.0	1.0
32170.0	1.0
32194.0	2.0
32213.0	1.0
32214.0	1.0
32246.0	1.0
32292.0	1.0
32299.0	1.0
32307.0	1.0
32311.0	2.0
32316.0	1.0
32323.0	1.0
32339.0	1.0
32341.0	1.0
32365.0	1.0
32371.0	1.0
32384.0	1.0
32389.0	1.0
32401.0	1.0
32410.0	1.0
32417.0	1.0
32420.0	1.0
32426.0	1.0
32432.0	1.0
32439.0	1.0
32458.0	1.0
32460.0	1.0
32477.0	1.0
32503.0	1.0
32504.0	2.0
32511.0	1.0
32518.0	1.0
32523.0	1.0
32528.0	1.0
32585.0	1.0
32593.0	1.0
32595.0	1.0
32617.0	1.0
32627.0	1.0
32642.0	1.0
32675.0	1.0
32679.0	1.0
32694.0	1.0
32696.0	1.0
32705.0	1.0
32714.0	1.0
32740.0	2.0
32742.0	1.0
32743.0	1.0
32747.0	1.0
32754.0	1.0
32755.0	1.0
32781.0	1.0
32784.0	1.0
32804.0	1.0
32805.0	1.0
32846.0	1.0
32851.0	1.0
32870.0	1.0
32900.0	1.0
32914.0	1.0
32917.0	2.0
32941.0	1.0
32973.0	1.0
32986.0	1.0
32992.0	1.0
33001.0	1.0
33008.0	1.0
33014.0	2.0
33016.0	1.0
33022.0	1.0
33045.0	1.0
33047.0	1.0
33053.0	1.0
33056.0	1.0
33066.0	1.0
33070.0	1.0
33072.0	1.0
33087.0	1.0
33113.0	2.0
33114.0	1.0
33123.0	2.0
33160.0	1.0
33191.0	1.0
33197.0	1.0
33199.0	1.0
33200.0	1.0
33222.0	1.0
33248.0	1.0
33264.0	1.0
33277.0	1.0
33291.0	2.0
33292.0	1.0
33301.0	1.0
33304.0	1.0
33312.0	1.0
33332.0	1.0
33346.0	1.0
33354.0	1.0
33360.0	1.0
33375.0	1.0
33387.0	1.0
33406.0	1.0
33414.0	1.0
33415.0	1.0
33435.0	1.0
33442.0	1.0
33456.0	1.0
33466.0	1.0
33483.0	1.0
33489.0	1.0
33536.0	1.0
33537.0	1.0
33558.0	1.0
33562.0	1.0
33566.0	1.0
33569.0	1.0
33572.0	1.0
33586.0	1.0
33588.0	1.0
33688.0	1.0
33705.0	1.0
33706.0	1.0
33708.0	1.0
33712.0	1.0
33720.0	1.0
33726.0	1.0
33733.0	1.0
33752.0	1.0
33760.0	1.0
33764.0	1.0
33766.0	1.0
33769.0	1.0
33773.0	1.0
33778.0	1.0
33845.0	1.0
33848.0	1.0
33856.0	1.0
33858.0	1.0
33876.0	1.0
33905.0	1.0
33906.0	1.0
33938.0	1.0
33953.0	1.0
33955.0	1.0
33997.0	1.0
33999.0	1.0
34002.0	1.0
34006.0	1.0
34016.0	1.0
34028.0	1.0
34030.0	1.0
34046.0	1.0
34054.0	1.0
34062.0	1.0
34079.0	1.0
34095.0	1.0
34096.0	1.0
34103.0	1.0
34107.0	1.0
34115.0	1.0
34118.0	1.0
34120.0	1.0
34121.0	1.0
34126.0	1.0
34152.0	1.0
34165.0	1.0
34181.0	1.0
34193.0	1.0
34199.0	1.0
34207.0	1.0
34235.0	1.0
34237.0	1.0
34239.0	1.0
34246.0	2.0
34252.0	1.0
34255.0	1.0
34262.0	1.0
34277.0	1.0
34280.0	1.0
34283.0	1.0
34310.0	1.0
34322.0	1.0
34327.0	1.0
34344.0	1.0
34347.0	1.0
34354.0	1.0
34363.0	1.0
34377.0	1.0
34393.0	1.0
34413.0	1.0
34426.0	1.0
34427.0	1.0
34453.0	1.0
34465.0	1.0
34493.0	1.0
34499.0	1.0
34506.0	1.0
34511.0	1.0
34528.0	1.0
34533.0	1.0
34541.0	1.0
34556.0	1.0
34564.0	2.0
34600.0	1.0
34650.0	1.0
34680.0	1.0
34692.0	1.0
34696.0	1.0
34697.0	1.0
34700.0	1.0
34702.0	1.0
34733.0	1.0
34736.0	1.0
34737.0	1.0
34740.0	1.0
34741.0	1.0
34743.0	1.0
34744.0	1.0
34752.0	1.0
34756.0	1.0
34775.0	1.0
34799.0	1.0
34810.0	1.0
34826.0	1.0
34830.0	1.0
34832.0	1.0
34845.0	1.0
34851.0	1.0
34869.0	1.0
34873.0	1.0
34876.0	1.0
34880.0	2.0
34886.0	1.0
34891.0	1.0
34901.0	1.0
34918.0	1.0
34919.0	1.0
34935.0	1.0
34952.0	2.0
34973.0	1.0
34978.0	1.0
34982.0	1.0
34986.0	1.0
34997.0	1.0
35001.0	1.0
35012.0	1.0
35031.0	1.0
35034.0	1.0
35049.0	1.0
35050.0	1.0
35053.0	1.0
35092.0	1.0
35102.0	1.0
35126.0	1.0
35130.0	1.0
35136.0	1.0
35158.0	1.0
35188.0	1.0
35194.0	1.0
35202.0	1.0
35212.0	1.0
35215.0	1.0
35231.0	1.0
35241.0	1.0
35243.0	2.0
35256.0	1.0
35264.0	1.0
35267.0	1.0
35324.0	1.0
35330.0	1.0
35358.0	1.0
35381.0	1.0
35384.0	1.0
35388.0	1.0
35391.0	1.0
35393.0	1.0
35394.0	1.0
35409.0	1.0
35413.0	1.0
35424.0	1.0
35426.0	1.0
35450.0	2.0
35454.0	1.0
35461.0	1.0
35465.0	1.0
35467.0	2.0
35486.0	3.0
35492.0	1.0
35517.0	1.0
35519.0	1.0
35525.0	1.0
35544.0	1.0
35545.0	2.0
35548.0	1.0
35551.0	1.0
35556.0	1.0
35568.0	2.0
35585.0	1.0
35593.0	1.0
35599.0	1.0
35602.0	1.0
35624.0	1.0
35626.0	1.0
35630.0	1.0
35640.0	1.0
35644.0	1.0
35661.0	1.0
35674.0	1.0
35683.0	1.0
35693.0	1.0
35698.0	1.0
35713.0	1.0
35718.0	1.0
35720.0	1.0
35722.0	1.0
35729.0	1.0
35733.0	1.0
35737.0	1.0
35744.0	1.0
35751.0	1.0
35769.0	1.0
35770.0	1.0
35771.0	1.0
35795.0	1.0
35798.0	1.0
35799.0	2.0
35809.0	2.0
35830.0	1.0
35836.0	1.0
35840.0	1.0
35867.0	1.0
35877.0	1.0
35886.0	1.0
35889.0	1.0
35893.0	2.0
35902.0	1.0
35903.0	1.0
35907.0	1.0
35909.0	1.0
35914.0	1.0
35923.0	1.0
35943.0	1.0
35944.0	1.0
35968.0	1.0
35974.0	1.0
35978.0	1.0
35993.0	1.0
35995.0	1.0
35997.0	1.0
36001.0	1.0
36005.0	1.0
36020.0	1.0
36021.0	1.0
36028.0	1.0
36032.0	1.0
36038.0	1.0
36111.0	1.0
36120.0	1.0
36124.0	1.0
36140.0	1.0
36152.0	1.0
36157.0	1.0
36167.0	1.0
36175.0	1.0
36182.0	1.0
36202.0	1.0
36203.0	1.0
36208.0	1.0
36224.0	1.0
36234.0	1.0
36251.0	1.0
36270.0	1.0
36281.0	1.0
36284.0	1.0
36291.0	1.0
36298.0	1.0
36310.0	1.0
36314.0	1.0
36318.0	1.0
36319.0	1.0
36332.0	1.0
36356.0	2.0
36358.0	1.0
36369.0	1.0
36370.0	1.0
36382.0	1.0
36390.0	1.0
36403.0	1.0
36410.0	1.0
36422.0	1.0
36431.0	1.0
36434.0	2.0
36453.0	1.0
36478.0	1.0
36482.0	1.0
36487.0	1.0
36494.0	1.0
36501.0	1.0
36517.0	1.0
36539.0	1.0
36548.0	1.0
36573.0	1.0
36579.0	1.0
36586.0	1.0
36600.0	2.0
36624.0	1.0
36626.0	1.0
36637.0	1.0
36643.0	1.0
36649.0	2.0
36652.0	1.0
36673.0	1.0
36685.0	1.0
36686.0	1.0
36692.0	1.0
36725.0	1.0
36726.0	1.0
36741.0	1.0
36757.0	1.0
36760.0	1.0
36762.0	1.0
36763.0	1.0
36764.0	1.0
36792.0	1.0
36794.0	1.0
36796.0	1.0
36800.0	1.0
36803.0	1.0
36806.0	1.0
36818.0	1.0
36825.0	1.0
36842.0	1.0
36853.0	1.0
36865.0	1.0
36869.0	1.0
36875.0	1.0
36877.0	1.0
36886.0	1.0
36902.0	1.0
36903.0	1.0
36910.0	1.0
36930.0	1.0
36931.0	1.0
36940.0	1.0
36948.0	1.0
36971.0	1.0
36987.0	1.0
37028.0	1.0
37048.0	1.0
37069.0	1.0
37087.0	1.0
37100.0	1.0
37112.0	1.0
37126.0	1.0
37135.0	1.0
37140.0	1.0
37169.0	1.0
37184.0	1.0
37192.0	1.0
37238.0	1.0
37253.0	1.0
37283.0	1.0
37297.0	1.0
37321.0	1.0
37354.0	1.0
37356.0	1.0
37376.0	1.0
37402.0	1.0
37412.0	1.0
37435.0	1.0
37438.0	1.0
37439.0	1.0
37455.0	1.0
37460.0	1.0
37464.0	1.0
37477.0	1.0
37483.0	1.0
37519.0	1.0
37520.0	1.0
37546.0	1.0
37588.0	1.0
37589.0	1.0
37590.0	1.0
37609.0	1.0
37621.0	1.0
37639.0	1.0
37647.0	1.0
37674.0	1.0
37684.0	1.0
37686.0	1.0
37694.0	1.0
37702.0	1.0
37715.0	1.0
37720.0	1.0
37721.0	1.0
37755.0	1.0
37756.0	1.0
37766.0	1.0
37772.0	1.0
37777.0	1.0
37782.0	1.0
37793.0	1.0
37799.0	1.0
37888.0	1.0
37898.0	1.0
37902.0	1.0
37903.0	1.0
37906.0	1.0
37984.0	1.0
37986.0	1.0
37999.0	1.0
38004.0	1.0
38038.0	1.0
38048.0	1.0
38060.0	1.0
38075.0	1.0
38085.0	1.0
38090.0	1.0
38104.0	1.0
38107.0	1.0
38139.0	1.0
38144.0	1.0
38149.0	1.0
38191.0	1.0
38209.0	2.0
38217.0	1.0
38258.0	1.0
38262.0	1.0
38294.0	1.0
38296.0	1.0
38326.0	1.0
38327.0	1.0
38329.0	1.0
38347.0	1.0
38364.0	1.0
38367.0	1.0
38383.0	1.0
38403.0	1.0
38415.0	1.0
38416.0	2.0
38422.0	1.0
38431.0	1.0
38436.0	1.0
38453.0	1.0
38458.0	2.0
38460.0	1.0
38506.0	1.0
38511.0	1.0
38524.0	1.0
38535.0	1.0
38538.0	1.0
38541.0	1.0
38545.0	1.0
38562.0	1.0
38576.0	1.0
38577.0	1.0
38579.0	1.0
38598.0	1.0
38607.0	1.0
38646.0	1.0
38648.0	1.0
38651.0	1.0
38661.0	1.0
38662.0	1.0
38680.0	1.0
38689.0	1.0
38700.0	1.0
38701.0	1.0
38730.0	1.0
38747.0	1.0
38749.0	1.0
38767.0	1.0
38785.0	1.0
38794.0	1.0
38841.0	1.0
38850.0	1.0
38857.0	1.0
38866.0	1.0
38886.0	1.0
38909.0	1.0
38919.0	1.0
38931.0	1.0
38942.0	1.0
38955.0	1.0
38956.0	1.0
38982.0	1.0
39010.0	1.0
39035.0	1.0
39077.0	1.0
39091.0	1.0
39109.0	1.0
39131.0	1.0
39141.0	1.0
39165.0	1.0
39169.0	1.0
39171.0	1.0
39175.0	1.0
39177.0	1.0
39189.0	1.0
39197.0	1.0
39199.0	1.0
39209.0	1.0
39217.0	1.0
39218.0	1.0
39263.0	1.0
39265.0	1.0
39266.0	1.0
39280.0	1.0
39297.0	1.0
39312.0	1.0
39320.0	1.0
39360.0	1.0
39371.0	1.0
39373.0	1.0
39391.0	1.0
39404.0	1.0
39419.0	1.0
39432.0	1.0
39435.0	2.0
39452.0	1.0
39473.0	1.0
39480.0	1.0
39490.0	1.0
39508.0	1.0
39509.0	1.0
39525.0	1.0
39538.0	1.0
39578.0	1.0
39579.0	1.0
39600.0	1.0
39617.0	1.0
39636.0	1.0
39638.0	1.0
39659.0	1.0
39675.0	1.0
39683.0	1.0
39694.0	1.0
39695.0	1.0
39709.0	1.0
39765.0	1.0
39766.0	1.0
39789.0	1.0
39804.0	1.0
39814.0	1.0
39835.0	1.0
39836.0	1.0
39849.0	1.0
39859.0	1.0
39865.0	1.0
39872.0	1.0
39873.0	1.0
39889.0	2.0
39892.0	1.0
39895.0	1.0
39916.0	1.0
39945.0	1.0
39957.0	1.0
39961.0	1.0
39964.0	1.0
39978.0	1.0
39982.0	1.0
39989.0	1.0
40006.0	1.0
40020.0	1.0
40035.0	2.0
40053.0	1.0
40082.0	1.0
40112.0	1.0
40114.0	1.0
40131.0	1.0
40133.0	1.0
40144.0	1.0
40151.0	1.0
40178.0	1.0
40181.0	1.0
40182.0	1.0
40191.0	1.0
40205.0	1.0
40231.0	1.0
40240.0	1.0
40266.0	1.0
40320.0	1.0
40324.0	1.0
40327.0	1.0
40346.0	1.0
40361.0	1.0
40365.0	1.0
40366.0	1.0
40371.0	1.0
40378.0	1.0
40394.0	1.0
40408.0	1.0
40411.0	1.0
40437.0	1.0
40441.0	1.0
40467.0	2.0
40484.0	1.0
40489.0	1.0
40509.0	1.0
40512.0	1.0
40518.0	1.0
40529.0	1.0
40530.0	1.0
40531.0	1.0
40550.0	1.0
40551.0	1.0
40560.0	1.0
40563.0	1.0
40564.0	1.0
40573.0	1.0
40580.0	1.0
40588.0	1.0
40628.0	1.0
40656.0	1.0
40676.0	1.0
40681.0	1.0
40694.0	1.0
40713.0	1.0
40726.0	1.0
40739.0	1.0
40747.0	1.0
40754.0	1.0
40756.0	1.0
40762.0	1.0
40767.0	1.0
40777.0	1.0
40778.0	1.0
40779.0	1.0
40781.0	1.0
40803.0	1.0
40804.0	1.0
40840.0	1.0
40864.0	1.0
40878.0	1.0
40880.0	1.0
40909.0	1.0
40911.0	2.0
40914.0	1.0
40918.0	1.0
40924.0	1.0
40927.0	1.0
40934.0	2.0
40982.0	1.0
40985.0	1.0
40993.0	1.0
41040.0	1.0
41043.0	1.0
41044.0	1.0
41051.0	1.0
41097.0	1.0
41098.0	1.0
41120.0	1.0
41138.0	1.0
41158.0	1.0
41163.0	1.0
41170.0	1.0
41182.0	1.0
41201.0	1.0
41204.0	1.0
41205.0	1.0
41206.0	1.0
41212.0	1.0
41216.0	1.0
41220.0	2.0
41246.0	1.0
41255.0	1.0
41259.0	1.0
41261.0	1.0
41282.0	1.0
41321.0	1.0
41339.0	1.0
41343.0	1.0
41345.0	1.0
41346.0	1.0
41362.0	1.0
41363.0	1.0
41377.0	1.0
41383.0	1.0
41391.0	1.0
41414.0	1.0
41421.0	1.0
41423.0	1.0
41433.0	1.0
41485.0	1.0
41488.0	1.0
41507.0	1.0
41509.0	1.0
41526.0	1.0
41553.0	1.0
41574.0	1.0
41575.0	1.0
41577.0	1.0
41585.0	2.0
41595.0	1.0
41639.0	1.0
41646.0	1.0
41686.0	1.0
41692.0	2.0
41705.0	1.0
41720.0	1.0
41753.0	1.0
41763.0	1.0
41765.0	1.0
41770.0	1.0
41789.0	1.0
41796.0	1.0
41812.0	1.0
41813.0	1.0
41816.0	1.0
41832.0	2.0
41848.0	1.0
41849.0	1.0
41850.0	1.0
41854.0	1.0
41863.0	1.0
41867.0	1.0
41870.0	1.0
41876.0	1.0
41913.0	1.0
41915.0	1.0
41917.0	1.0
41922.0	1.0
41925.0	1.0
41967.0	1.0
41981.0	1.0
41985.0	1.0
41994.0	1.0
42012.0	1.0
42020.0	2.0
42046.0	1.0
42061.0	1.0
42065.0	1.0
42089.0	1.0
42105.0	1.0
42115.0	1.0
42121.0	1.0
42147.0	1.0
42160.0	1.0
42174.0	1.0
42200.0	1.0
42205.0	1.0
42211.0	1.0
42238.0	1.0
42252.0	1.0
42261.0	1.0
42262.0	1.0
42286.0	1.0
42295.0	1.0
42298.0	1.0
42301.0	1.0
42310.0	1.0
42321.0	1.0
42335.0	1.0
42341.0	1.0
42345.0	1.0
42365.0	1.0
42379.0	1.0
42395.0	1.0
42436.0	1.0
42479.0	1.0
42484.0	1.0
42497.0	1.0
42499.0	1.0
42523.0	1.0
42532.0	1.0
42572.0	1.0
42581.0	1.0
42589.0	1.0
42600.0	1.0
42604.0	1.0
42614.0	1.0
42639.0	1.0
42643.0	1.0
42663.0	1.0
42687.0	1.0
42688.0	1.0
42722.0	1.0
42728.0	1.0
42731.0	1.0
42744.0	1.0
42766.0	1.0
42785.0	2.0
42796.0	1.0
42801.0	1.0
42808.0	1.0
42809.0	1.0
42811.0	1.0
42848.0	1.0
42869.0	1.0
42875.0	1.0
42880.0	1.0
42886.0	1.0
42894.0	1.0
42906.0	1.0
42913.0	2.0
42930.0	1.0
42932.0	1.0
42936.0	1.0
42938.0	1.0
42950.0	1.0
42959.0	1.0
42971.0	1.0
42982.0	1.0
42988.0	1.0
42990.0	1.0
42992.0	1.0
43002.0	1.0
43039.0	1.0
43051.0	1.0
43052.0	1.0
43094.0	1.0
43106.0	1.0
43109.0	2.0
43112.0	1.0
43126.0	1.0
43129.0	1.0
43137.0	1.0
43139.0	1.0
43155.0	1.0
43162.0	1.0
43165.0	1.0
43216.0	1.0
43236.0	1.0
43238.0	1.0
43247.0	1.0
43261.0	1.0
43275.0	1.0
43279.0	1.0
43288.0	1.0
43289.0	1.0
43298.0	1.0
43308.0	1.0
43311.0	1.0
43336.0	1.0
43343.0	1.0
43363.0	1.0
43373.0	1.0
43385.0	1.0
43404.0	1.0
43429.0	1.0
43434.0	1.0
43455.0	1.0
43483.0	1.0
43501.0	1.0
43524.0	1.0
43540.0	1.0
43547.0	1.0
43579.0	1.0
43580.0	1.0
43585.0	1.0
43610.0	1.0
43612.0	1.0
43613.0	1.0
43626.0	1.0
43629.0	1.0
43643.0	2.0
43650.0	1.0
43670.0	1.0
43679.0	1.0
43692.0	1.0
43699.0	2.0
43709.0	1.0
43716.0	2.0
43733.0	1.0
43752.0	1.0
43791.0	1.0
43803.0	1.0
43807.0	1.0
43817.0	1.0
43818.0	1.0
43835.0	1.0
43850.0	1.0
43864.0	1.0
43880.0	1.0
43907.0	1.0
43928.0	1.0
43929.0	1.0
43934.0	1.0
43938.0	1.0
43939.0	1.0
43946.0	1.0
43977.0	1.0
43979.0	1.0
43980.0	1.0
43998.0	1.0
44006.0	1.0
44011.0	1.0
44014.0	1.0
44021.0	1.0
44024.0	1.0
44042.0	1.0
44048.0	1.0
44075.0	1.0
44104.0	1.0
44111.0	1.0
44112.0	1.0
44161.0	1.0
44217.0	1.0
44226.0	1.0
44231.0	1.0
44234.0	1.0
44257.0	1.0
44258.0	1.0
44268.0	1.0
44277.0	1.0
44288.0	1.0
44298.0	1.0
44303.0	2.0
44315.0	1.0
44325.0	1.0
44332.0	1.0
44353.0	1.0
44357.0	1.0
44361.0	1.0
44369.0	1.0
44409.0	1.0
44425.0	1.0
44426.0	1.0
44464.0	1.0
44480.0	1.0
44488.0	1.0
44522.0	1.0
44523.0	1.0
44534.0	1.0
44539.0	1.0
44561.0	1.0
44579.0	1.0
44584.0	1.0
44589.0	1.0
44596.0	1.0
44615.0	1.0
44616.0	1.0
44645.0	1.0
44655.0	1.0
44681.0	1.0
44684.0	1.0
44697.0	1.0
44706.0	1.0
44709.0	1.0
44714.0	1.0
44717.0	1.0
44724.0	1.0
44730.0	1.0
44734.0	1.0
44760.0	1.0
44765.0	1.0
44781.0	1.0
44788.0	1.0
44832.0	2.0
44834.0	1.0
44838.0	1.0
44849.0	1.0
44852.0	1.0
44853.0	1.0
44879.0	1.0
44901.0	1.0
44909.0	1.0
44917.0	2.0
44921.0	1.0
44940.0	1.0
44941.0	1.0
44966.0	1.0
44981.0	1.0
45009.0	2.0
45022.0	1.0
45030.0	1.0
45031.0	1.0
45064.0	1.0
45083.0	1.0
45126.0	1.0
45129.0	1.0
45145.0	1.0
45159.0	1.0
45161.0	1.0
45171.0	1.0
45172.0	1.0
45211.0	1.0
45214.0	1.0
45235.0	1.0
45236.0	1.0
45243.0	1.0
45265.0	1.0
45276.0	1.0
45277.0	1.0
45297.0	1.0
45298.0	1.0
45303.0	1.0
45320.0	1.0
45322.0	1.0
45324.0	1.0
45325.0	1.0
45341.0	1.0
45356.0	1.0
45384.0	1.0
45410.0	1.0
45427.0	1.0
45451.0	1.0
45455.0	2.0
45484.0	1.0
45523.0	1.0
45540.0	1.0
45594.0	1.0
45595.0	1.0
45631.0	1.0
45655.0	1.0
45675.0	1.0
45677.0	1.0
45684.0	1.0
45705.0	1.0
45715.0	1.0
45732.0	1.0
45735.0	1.0
45743.0	1.0
45745.0	1.0
45752.0	1.0
45753.0	1.0
45759.0	1.0
45783.0	1.0
45789.0	1.0
45846.0	1.0
45860.0	2.0
45862.0	1.0
45869.0	1.0
45873.0	1.0
45905.0	1.0
45958.0	1.0
45962.0	1.0
45996.0	1.0
46015.0	1.0
46028.0	1.0
46037.0	1.0
46038.0	1.0
46045.0	1.0
46057.0	1.0
46058.0	1.0
46068.0	1.0
46096.0	1.0
46107.0	1.0
46110.0	1.0
46120.0	1.0
46147.0	1.0
46150.0	1.0
46187.0	1.0
46275.0	1.0
46292.0	2.0
46320.0	1.0
46322.0	1.0
46348.0	1.0
46352.0	1.0
46356.0	1.0
46362.0	1.0
46381.0	1.0
46385.0	1.0
46437.0	1.0
46501.0	1.0
46516.0	1.0
46519.0	1.0
46552.0	1.0
46572.0	1.0
46588.0	1.0
46596.0	1.0
46598.0	1.0
46599.0	1.0
46622.0	1.0
46666.0	1.0
46683.0	1.0
46690.0	1.0
46700.0	1.0
46702.0	1.0
46706.0	1.0
46722.0	1.0
46724.0	1.0
46729.0	1.0
46735.0	1.0
46751.0	1.0
46764.0	1.0
46786.0	1.0
46790.0	1.0
46800.0	1.0
46814.0	1.0
46816.0	1.0
46820.0	1.0
46828.0	1.0
46830.0	1.0
46837.0	1.0
46845.0	1.0
46847.0	1.0
46861.0	1.0
46870.0	1.0
46876.0	1.0
46883.0	1.0
46911.0	1.0
46919.0	1.0
46922.0	1.0
46938.0	1.0
46948.0	1.0
46951.0	1.0
46958.0	1.0
46969.0	1.0
46983.0	2.0
46994.0	1.0
47025.0	1.0
47032.0	1.0
47041.0	1.0
47047.0	1.0
47055.0	1.0
47058.0	1.0
47060.0	1.0
47063.0	1.0
47098.0	1.0
47099.0	1.0
47111.0	1.0
47126.0	1.0
47128.0	1.0
47129.0	1.0
47167.0	1.0
47176.0	1.0
47199.0	1.0
47229.0	1.0
47252.0	1.0
47257.0	1.0
47263.0	1.0
47265.0	1.0
47268.0	1.0
47270.0	1.0
47278.0	1.0
47285.0	1.0
47286.0	1.0
47298.0	1.0
47304.0	1.0
47309.0	1.0
47323.0	1.0
47354.0	2.0
47355.0	1.0
47357.0	1.0
47378.0	1.0
47398.0	1.0
47424.0	1.0
47426.0	1.0
47433.0	1.0
47436.0	2.0
47441.0	1.0
47450.0	1.0
47454.0	1.0
47461.0	1.0
47466.0	1.0
47477.0	1.0
47498.0	1.0
47511.0	1.0
47523.0	1.0
47527.0	1.0
47529.0	1.0
47539.0	1.0
47552.0	1.0
47554.0	1.0
47583.0	1.0
47594.0	1.0
47605.0	1.0
47615.0	1.0
47637.0	1.0
47643.0	1.0
47662.0	1.0
47686.0	2.0
47687.0	1.0
47698.0	1.0
47717.0	1.0
47721.0	1.0
47726.0	1.0
47745.0	2.0
47750.0	1.0
47752.0	1.0
47768.0	1.0
47816.0	1.0
47833.0	1.0
47846.0	1.0
47866.0	1.0
47872.0	2.0
47890.0	1.0
47897.0	1.0
47899.0	1.0
47911.0	1.0
47923.0	1.0
47927.0	1.0
47943.0	1.0
47949.0	1.0
48010.0	1.0
48011.0	1.0
48045.0	1.0
48082.0	1.0
48083.0	1.0
48106.0	1.0
48108.0	1.0
48120.0	1.0
48140.0	1.0
48155.0	1.0
48167.0	1.0
48212.0	1.0
48239.0	1.0
48241.0	1.0
48275.0	1.0
48280.0	1.0
48289.0	1.0
48298.0	1.0
48342.0	1.0
48344.0	1.0
48345.0	2.0
48349.0	1.0
48353.0	1.0
48372.0	1.0
48379.0	1.0
48403.0	1.0
48405.0	1.0
48408.0	1.0
48410.0	1.0
48422.0	2.0
48424.0	1.0
48439.0	1.0
48472.0	1.0
48479.0	1.0
48486.0	1.0
48579.0	1.0
48584.0	1.0
48587.0	1.0
48595.0	1.0
48602.0	1.0
48634.0	1.0
48682.0	1.0
48688.0	2.0
48747.0	1.0
48759.0	1.0
48761.0	1.0
48850.0	1.0
48857.0	1.0
48901.0	1.0
48912.0	1.0
48933.0	1.0
48936.0	1.0
48978.0	1.0
48986.0	1.0
48991.0	2.0
48998.0	1.0
49002.0	1.0
49013.0	1.0
49021.0	1.0
49028.0	1.0
49049.0	1.0
49050.0	1.0
49055.0	1.0
49057.0	1.0
49058.0	2.0
49068.0	1.0
49070.0	1.0
49076.0	1.0
49095.0	1.0
49099.0	1.0
49102.0	1.0
49114.0	1.0
49115.0	1.0
49125.0	1.0
49128.0	1.0
49139.0	1.0
49144.0	1.0
49168.0	1.0
49174.0	1.0
49187.0	1.0
49194.0	1.0
49197.0	1.0
49216.0	1.0
49223.0	2.0
49232.0	1.0
49236.0	1.0
49238.0	1.0
49247.0	1.0
49249.0	1.0
49275.0	1.0
49282.0	1.0
49302.0	1.0
49310.0	1.0
49315.0	1.0
49329.0	1.0
49353.0	2.0
49357.0	1.0
49373.0	1.0
49408.0	1.0
49413.0	1.0
49415.0	1.0
49425.0	1.0
49429.0	1.0
49464.0	1.0
49476.0	1.0
49492.0	1.0
49514.0	1.0
49539.0	1.0
49547.0	1.0
49558.0	1.0
49576.0	1.0
49581.0	1.0
49599.0	1.0
49607.0	1.0
49613.0	1.0
49624.0	1.0
49635.0	1.0
49644.0	1.0
49661.0	1.0
49684.0	1.0
49689.0	1.0
49753.0	1.0
49759.0	1.0
49760.0	1.0
49765.0	1.0
49790.0	1.0
49800.0	1.0
49818.0	1.0
49825.0	1.0
49837.0	1.0
49846.0	1.0
49867.0	1.0
49882.0	1.0
49883.0	1.0
49896.0	1.0
49910.0	1.0
49952.0	1.0
49974.0	1.0
49989.0	1.0
49992.0	1.0
49994.0	1.0
50040.0	1.0
50054.0	1.0
50061.0	1.0
50066.0	1.0
50076.0	1.0
50097.0	1.0
50119.0	1.0
50144.0	1.0
50145.0	1.0
50168.0	1.0
50201.0	1.0
50216.0	1.0
50243.0	1.0
50259.0	1.0
50273.0	1.0
50303.0	1.0
50333.0	1.0
50335.0	1.0
50349.0	1.0
50355.0	1.0
50389.0	1.0
50394.0	1.0
50407.0	1.0
50412.0	1.0
50423.0	1.0
50431.0	1.0
50432.0	1.0
50476.0	1.0
50496.0	1.0
50499.0	1.0
50514.0	1.0
50515.0	1.0
50535.0	1.0
50556.0	1.0
50570.0	1.0
50572.0	1.0
50591.0	1.0
50601.0	1.0
50609.0	1.0
50632.0	1.0
50639.0	1.0
50663.0	1.0
50685.0	1.0
50692.0	1.0
50695.0	1.0
50713.0	1.0
50722.0	1.0
50733.0	1.0
50737.0	1.0
50766.0	1.0
50767.0	1.0
50774.0	1.0
50796.0	1.0
50808.0	1.0
50813.0	1.0
50815.0	1.0
50832.0	1.0
50864.0	1.0
50867.0	1.0
50891.0	1.0
50940.0	2.0
50943.0	1.0
50952.0	1.0
50961.0	1.0
50981.0	1.0
50982.0	1.0
51017.0	1.0
51039.0	1.0
51062.0	1.0
51064.0	1.0
51068.0	1.0
51069.0	1.0
51089.0	1.0
51101.0	1.0
51102.0	1.0
51115.0	1.0
51120.0	1.0
51122.0	1.0
51133.0	1.0
51135.0	1.0
51154.0	1.0
51160.0	1.0
51208.0	1.0
51228.0	1.0
51255.0	1.0
51265.0	1.0
51275.0	1.0
51280.0	1.0
51287.0	1.0
51330.0	1.0
51333.0	1.0
51347.0	1.0
51351.0	1.0
51359.0	1.0
51373.0	1.0
51407.0	1.0
51431.0	1.0
51436.0	1.0
51484.0	1.0
51499.0	1.0
51518.0	1.0
51537.0	1.0
51590.0	1.0
51597.0	1.0
51661.0	1.0
51707.0	1.0
51718.0	1.0
51728.0	1.0
51756.0	1.0
51779.0	1.0
51806.0	1.0
51826.0	2.0
51841.0	1.0
51843.0	1.0
51860.0	1.0
51862.0	1.0
51876.0	1.0
51894.0	1.0
51896.0	1.0
51926.0	1.0
51940.0	1.0
51957.0	1.0
51962.0	1.0
52016.0	1.0
52029.0	1.0
52045.0	1.0
52057.0	1.0
52073.0	1.0
52094.0	1.0
52150.0	1.0
52161.0	1.0
52165.0	1.0
52198.0	1.0
52199.0	1.0
52206.0	1.0
52211.0	1.0
52223.0	1.0
52225.0	1.0
52254.0	1.0
52255.0	1.0
52330.0	1.0
52352.0	1.0
52364.0	1.0
52371.0	1.0
52400.0	1.0
52420.0	1.0
52439.0	1.0
52450.0	1.0
52451.0	1.0
52458.0	1.0
52504.0	1.0
52531.0	1.0
52556.0	1.0
52565.0	1.0
52567.0	1.0
52599.0	1.0
52636.0	1.0
52650.0	1.0
52668.0	1.0
52715.0	1.0
52716.0	1.0
52740.0	1.0
52765.0	1.0
52788.0	1.0
52811.0	1.0
52847.0	1.0
52896.0	1.0
52913.0	1.0
52920.0	1.0
52926.0	2.0
52935.0	1.0
52951.0	1.0
52970.0	1.0
52977.0	1.0
53010.0	1.0
53011.0	1.0
53018.0	1.0
53020.0	1.0
53030.0	1.0
53062.0	1.0
53088.0	1.0
53102.0	1.0
53114.0	1.0
53129.0	1.0
53134.0	1.0
53163.0	1.0
53208.0	1.0
53219.0	1.0
53223.0	1.0
53226.0	1.0
53233.0	1.0
53239.0	1.0
53244.0	1.0
53266.0	1.0
53269.0	1.0
53277.0	1.0
53284.0	1.0
53298.0	2.0
53316.0	1.0
53320.0	1.0
53337.0	1.0
53357.0	1.0
53370.0	1.0
53399.0	1.0
53400.0	1.0
53407.0	1.0
53410.0	1.0
53432.0	1.0
53441.0	2.0
53443.0	1.0
53471.0	2.0
53472.0	1.0
53490.0	1.0
53505.0	1.0
53518.0	1.0
53527.0	1.0
53529.0	1.0
53538.0	1.0
53571.0	1.0
53576.0	1.0
53598.0	1.0
53606.0	1.0
53612.0	1.0
53615.0	1.0
53635.0	1.0
53643.0	1.0
53647.0	1.0
53664.0	1.0
53666.0	1.0
53701.0	1.0
53705.0	1.0
53714.0	1.0
53728.0	1.0
53733.0	1.0
53762.0	1.0
53765.0	1.0
53782.0	1.0
53791.0	1.0
53801.0	1.0
53824.0	1.0
53857.0	1.0
53903.0	1.0
53914.0	1.0
53920.0	1.0
53928.0	1.0
53932.0	1.0
53947.0	1.0
53949.0	1.0
53956.0	1.0
53957.0	1.0
53962.0	1.0
53978.0	1.0
53981.0	1.0
53989.0	1.0
53993.0	1.0
54009.0	1.0
54016.0	1.0
54035.0	1.0
54056.0	1.0
54083.0	1.0
54126.0	1.0
54129.0	1.0
54131.0	1.0
54164.0	1.0
54177.0	1.0
54210.0	1.0
54213.0	1.0
54217.0	1.0
54224.0	1.0
54230.0	1.0
54244.0	2.0
54248.0	1.0
54250.0	1.0
54253.0	1.0
54262.0	1.0
54271.0	2.0
54274.0	1.0
54275.0	1.0
54284.0	1.0
54291.0	1.0
54294.0	1.0
54353.0	1.0
54372.0	1.0
54392.0	1.0
54401.0	1.0
54428.0	1.0
54437.0	1.0
54458.0	1.0
54460.0	1.0
54468.0	1.0
54473.0	1.0
54487.0	1.0
54494.0	1.0
54552.0	1.0
54553.0	1.0
54555.0	1.0
54577.0	1.0
54583.0	1.0
54586.0	1.0
54623.0	1.0
54624.0	1.0
54628.0	1.0
54637.0	1.0
54639.0	1.0
54687.0	1.0
54694.0	1.0
54696.0	1.0
54703.0	1.0
54716.0	1.0
54813.0	1.0
54823.0	1.0
54826.0	1.0
54832.0	1.0
54893.0	1.0
54907.0	1.0
54918.0	1.0
54919.0	1.0
54923.0	1.0
54957.0	2.0
54960.0	1.0
54978.0	1.0
54987.0	1.0
54998.0	1.0
54999.0	1.0
55005.0	1.0
55021.0	1.0
55034.0	1.0
55061.0	1.0
55076.0	1.0
55100.0	1.0
55112.0	1.0
55128.0	1.0
55148.0	1.0
55169.0	1.0
55178.0	1.0
55179.0	1.0
55182.0	1.0
55188.0	1.0
55192.0	1.0
55198.0	1.0
55201.0	1.0
55215.0	1.0
55233.0	1.0
55251.0	1.0
55259.0	1.0
55260.0	1.0
55266.0	2.0
55275.0	1.0
55281.0	1.0
55316.0	1.0
55326.0	1.0
55328.0	1.0
55353.0	1.0
55359.0	1.0
55382.0	1.0
55401.0	1.0
55414.0	1.0
55416.0	1.0
55432.0	1.0
55434.0	1.0
55448.0	1.0
55468.0	1.0
55473.0	1.0
55515.0	1.0
55517.0	1.0
55559.0	1.0
55600.0	1.0
55610.0	1.0
55655.0	1.0
55669.0	1.0
55710.0	2.0
55724.0	1.0
55725.0	1.0
55730.0	1.0
55741.0	2.0
55743.0	1.0
55745.0	1.0
55783.0	1.0
55801.0	1.0
55802.0	1.0
55815.0	1.0
55820.0	1.0
55828.0	1.0
55838.0	1.0
55854.0	1.0
55880.0	2.0
55903.0	1.0
55904.0	1.0
55919.0	1.0
55922.0	1.0
55947.0	1.0
55969.0	1.0
56009.0	1.0
56011.0	1.0
56021.0	1.0
56065.0	1.0
56067.0	2.0
56100.0	1.0
56104.0	1.0
56113.0	1.0
56122.0	1.0
56125.0	1.0
56183.0	2.0
56214.0	1.0
56235.0	1.0
56244.0	1.0
56255.0	1.0
56268.0	1.0
56307.0	1.0
56315.0	1.0
56339.0	1.0
56380.0	1.0
56389.0	1.0
56416.0	1.0
56418.0	1.0
56425.0	1.0
56430.0	1.0
56458.0	1.0
56460.0	1.0
56471.0	2.0
56499.0	1.0
56509.0	1.0
56514.0	1.0
56529.0	1.0
56530.0	1.0
56531.0	1.0
56536.0	1.0
56537.0	1.0
56539.0	1.0
56549.0	1.0
56602.0	1.0
56613.0	1.0
56642.0	1.0
56647.0	1.0
56654.0	1.0
56717.0	1.0
56752.0	1.0
56759.0	1.0
56792.0	1.0
56811.0	1.0
56812.0	1.0
56826.0	1.0
56830.0	1.0
56850.0	1.0
56858.0	1.0
56874.0	1.0
56912.0	1.0
56938.0	1.0
57008.0	1.0
57012.0	1.0
57109.0	1.0
57115.0	1.0
57123.0	1.0
57135.0	1.0
57170.0	1.0
57183.0	1.0
57203.0	1.0
57230.0	1.0
57269.0	1.0
57272.0	1.0
57276.0	1.0
57297.0	1.0
57314.0	1.0
57325.0	1.0
57330.0	1.0
57331.0	1.0
57335.0	1.0
57345.0	1.0
57378.0	1.0
57381.0	1.0
57398.0	1.0
57417.0	1.0
57445.0	2.0
57456.0	1.0
57462.0	1.0
57474.0	1.0
57510.0	1.0
57531.0	1.0
57532.0	1.0
57575.0	1.0
57610.0	1.0
57631.0	1.0
57647.0	1.0
57685.0	1.0
57697.0	1.0
57708.0	1.0
57710.0	1.0
57725.0	1.0
57764.0	1.0
57768.0	1.0
57805.0	1.0
57823.0	1.0
57840.0	1.0
57853.0	1.0
57857.0	1.0
57873.0	1.0
57891.0	2.0
57892.0	1.0
57901.0	1.0
57921.0	1.0
57937.0	1.0
57941.0	1.0
57945.0	1.0
57952.0	1.0
57953.0	1.0
57961.0	1.0
57990.0	1.0
58013.0	1.0
58048.0	1.0
58059.0	1.0
58060.0	1.0
58099.0	1.0
58106.0	1.0
58124.0	1.0
58137.0	1.0
58218.0	1.0
58222.0	1.0
58228.0	1.0
58253.0	1.0
58267.0	1.0
58269.0	1.0
58316.0	1.0
58332.0	1.0
58339.0	1.0
58343.0	1.0
58370.0	1.0
58381.0	1.0
58399.0	1.0
58402.0	1.0
58424.0	1.0
58434.0	1.0
58450.0	1.0
58454.0	1.0
58458.0	1.0
58471.0	1.0
58489.0	1.0
58491.0	2.0
58517.0	1.0
58528.0	2.0
58536.0	1.0
58552.0	1.0
58572.0	2.0
58577.0	1.0
58602.0	1.0
58619.0	1.0
58664.0	1.0
58689.0	1.0
58725.0	1.0
58733.0	1.0
58754.0	1.0
58779.0	1.0
58787.0	1.0
58789.0	1.0
58807.0	1.0
58808.0	1.0
58832.0	1.0
58847.0	1.0
58853.0	1.0
58856.0	1.0
58882.0	1.0
58905.0	1.0
58923.0	1.0
58974.0	1.0
58981.0	1.0
58984.0	1.0
59025.0	1.0
59040.0	1.0
59079.0	1.0
59120.0	1.0
59128.0	1.0
59199.0	1.0
59200.0	1.0
59213.0	1.0
59215.0	1.0
59240.0	1.0
59255.0	1.0
59266.0	1.0
59290.0	1.0
59316.0	1.0
59352.0	1.0
59353.0	1.0
59367.0	1.0
59378.0	1.0
59443.0	1.0
59470.0	1.0
59481.0	1.0
59485.0	1.0
59504.0	1.0
59526.0	1.0
59529.0	1.0
59548.0	1.0
59582.0	1.0
59590.0	1.0
59598.0	1.0
59623.0	1.0
59626.0	1.0
59634.0	2.0
59651.0	1.0
59668.0	1.0
59721.0	1.0
59730.0	1.0
59737.0	1.0
59750.0	1.0
59760.0	1.0
59761.0	1.0
59766.0	1.0
59770.0	1.0
59784.0	1.0
59792.0	1.0
59816.0	1.0
59820.0	2.0
59822.0	2.0
59825.0	1.0
59841.0	1.0
59882.0	1.0
59924.0	1.0
59950.0	1.0
59968.0	1.0
59971.0	1.0
60018.0	1.0
60028.0	1.0
60056.0	1.0
60062.0	1.0
60067.0	1.0
60079.0	1.0
60089.0	1.0
60091.0	1.0
60092.0	1.0
60101.0	1.0
60122.0	1.0
60123.0	1.0
60138.0	1.0
60177.0	1.0
60197.0	1.0
60198.0	1.0
60212.0	1.0
60219.0	1.0
60232.0	1.0
60263.0	1.0
60303.0	1.0
60332.0	1.0
60335.0	1.0
60338.0	1.0
60339.0	1.0
60342.0	1.0
60345.0	1.0
60346.0	1.0
60366.0	1.0
60373.0	1.0
60413.0	1.0
60441.0	1.0
60447.0	1.0
60458.0	1.0
60468.0	1.0
60478.0	1.0
60506.0	1.0
60509.0	2.0
60530.0	1.0
60531.0	1.0
60541.0	1.0
60543.0	1.0
60555.0	1.0
60557.0	1.0
60563.0	1.0
60565.0	1.0
60578.0	1.0
60581.0	1.0
60607.0	1.0
60633.0	1.0
60636.0	1.0
60678.0	1.0
60699.0	1.0
60738.0	2.0
60739.0	1.0
60760.0	1.0
60770.0	1.0
60774.0	1.0
60780.0	1.0
60788.0	1.0
60836.0	1.0
60867.0	1.0
60889.0	1.0
60897.0	1.0
60905.0	1.0
60915.0	1.0
60917.0	1.0
60919.0	1.0
60936.0	1.0
60937.0	1.0
60957.0	1.0
60966.0	1.0
60978.0	1.0
60990.0	1.0
60991.0	1.0
61003.0	1.0
61014.0	1.0
61020.0	1.0
61022.0	1.0
61041.0	1.0
61050.0	1.0
61051.0	1.0
61056.0	1.0
61060.0	1.0
61068.0	1.0
61069.0	1.0
61085.0	1.0
61092.0	1.0
61115.0	1.0
61125.0	2.0
61142.0	1.0
61149.0	1.0
61155.0	1.0
61164.0	1.0
61177.0	1.0
61190.0	1.0
61192.0	1.0
61198.0	2.0
61221.0	1.0
61222.0	1.0
61258.0	1.0
61267.0	1.0
61272.0	1.0
61278.0	1.0
61309.0	1.0
61317.0	1.0
61322.0	1.0
61338.0	1.0
61345.0	1.0
61372.0	1.0
61381.0	1.0
61385.0	1.0
61401.0	1.0
61457.0	2.0
61481.0	1.0
61493.0	1.0
61495.0	1.0
61502.0	1.0
61525.0	1.0
61537.0	1.0
61541.0	1.0
61542.0	1.0
61557.0	1.0
61558.0	2.0
61565.0	1.0
61580.0	1.0
61592.0	1.0
61613.0	1.0
61632.0	1.0
61662.0	1.0
61663.0	1.0
61707.0	1.0
61715.0	1.0
61734.0	2.0
61760.0	2.0
61763.0	1.0
61767.0	1.0
61783.0	1.0
61786.0	1.0
61795.0	1.0
61810.0	1.0
61815.0	1.0
61829.0	1.0
61841.0	1.0
61868.0	1.0
61900.0	1.0
61902.0	1.0
61909.0	1.0
61950.0	1.0
61958.0	1.0
61960.0	1.0
61961.0	1.0
61976.0	1.0
61989.0	1.0
61990.0	1.0
62011.0	1.0
62060.0	1.0
62074.0	1.0
62108.0	1.0
62110.0	1.0
62128.0	1.0
62141.0	1.0
62176.0	1.0
62229.0	1.0
62264.0	1.0
62265.0	1.0
62270.0	1.0
62341.0	1.0
62354.0	1.0
62356.0	1.0
62374.0	1.0
62375.0	1.0
62395.0	1.0
62403.0	1.0
62448.0	1.0
62457.0	1.0
62460.0	2.0
62482.0	1.0
62554.0	2.0
62567.0	1.0
62574.0	1.0
62585.0	1.0
62607.0	1.0
62618.0	1.0
62633.0	1.0
62636.0	1.0
62652.0	1.0
62668.0	1.0
62688.0	1.0
62693.0	2.0
62702.0	1.0
62717.0	1.0
62741.0	1.0
62751.0	1.0
62769.0	1.0
62773.0	2.0
62777.0	1.0
62778.0	1.0
62779.0	1.0
62807.0	1.0
62817.0	1.0
62820.0	1.0
62821.0	2.0
62823.0	1.0
62869.0	1.0
62875.0	1.0
62888.0	2.0
62890.0	1.0
62898.0	1.0
62917.0	1.0
62949.0	1.0
62968.0	1.0
62980.0	1.0
62990.0	1.0
62995.0	1.0
63017.0	1.0
63023.0	1.0
63039.0	1.0
63049.0	1.0
63050.0	1.0
63056.0	2.0
63064.0	1.0
63075.0	1.0
63085.0	1.0
63096.0	1.0
63097.0	1.0
63113.0	1.0
63175.0	1.0
63190.0	1.0
63227.0	1.0
63235.0	1.0
63245.0	1.0
63259.0	1.0
63269.0	1.0
63275.0	1.0
63280.0	1.0
63299.0	1.0
63306.0	1.0
63315.0	1.0
63347.0	1.0
63351.0	1.0
63356.0	1.0
63361.0	1.0
63375.0	1.0
63379.0	1.0
63382.0	1.0
63397.0	1.0
63409.0	1.0
63419.0	1.0
63422.0	1.0
63425.0	1.0
63448.0	1.0
63462.0	1.0
63468.0	1.0
63469.0	1.0
63477.0	1.0
63484.0	1.0
63489.0	1.0
63503.0	1.0
63505.0	1.0
63516.0	1.0
63539.0	1.0
63554.0	1.0
63560.0	1.0
63573.0	1.0
63578.0	1.0
63588.0	1.0
63613.0	1.0
63655.0	1.0
63667.0	1.0
63672.0	1.0
63712.0	1.0
63721.0	1.0
63729.0	1.0
63754.0	1.0
63757.0	1.0
63772.0	1.0
63777.0	1.0
63782.0	1.0
63785.0	1.0
63811.0	2.0
63833.0	1.0
63836.0	1.0
63840.0	1.0
63900.0	1.0
63923.0	1.0
63974.0	1.0
63984.0	1.0
63993.0	2.0
64013.0	1.0
64019.0	1.0
64043.0	1.0
64051.0	1.0
64061.0	1.0
64065.0	1.0
64066.0	1.0
64092.0	1.0
64096.0	1.0
64103.0	1.0
64106.0	1.0
64122.0	1.0
64123.0	1.0
64141.0	1.0
64153.0	1.0
64154.0	2.0
64156.0	3.0
64165.0	1.0
64279.0	1.0
64286.0	1.0
64293.0	1.0
64332.0	1.0
64333.0	1.0
64339.0	1.0
64345.0	1.0
64355.0	1.0
64361.0	1.0
64374.0	1.0
64375.0	1.0
64393.0	1.0
64395.0	1.0
64398.0	1.0
64403.0	1.0
64413.0	2.0
64424.0	1.0
64454.0	1.0
64455.0	1.0
64458.0	1.0
64467.0	1.0
64471.0	1.0
64474.0	1.0
64483.0	1.0
64520.0	1.0
64521.0	1.0
64522.0	1.0
64546.0	1.0
64555.0	1.0
64583.0	1.0
64584.0	1.0
64590.0	1.0
64592.0	1.0
64599.0	1.0
64602.0	1.0
64604.0	1.0
64633.0	1.0
64634.0	1.0
64653.0	1.0
64654.0	1.0
64656.0	1.0
64657.0	1.0
64668.0	1.0
64677.0	1.0
64690.0	2.0
64746.0	2.0
64757.0	1.0
64764.0	1.0
64771.0	1.0
64784.0	1.0
64796.0	1.0
64800.0	1.0
64808.0	1.0
64823.0	1.0
64849.0	1.0
64861.0	1.0
64865.0	2.0
64870.0	1.0
64877.0	1.0
64886.0	1.0
64891.0	1.0
64906.0	1.0
64958.0	1.0
64974.0	1.0
64976.0	1.0
64993.0	1.0
64999.0	1.0
65003.0	1.0
65082.0	1.0
65100.0	1.0
65110.0	1.0
65111.0	1.0
65116.0	1.0
65123.0	1.0
65132.0	1.0
65135.0	1.0
65163.0	2.0
65189.0	1.0
65222.0	1.0
65226.0	1.0
65228.0	1.0
65237.0	1.0
65261.0	1.0
65264.0	1.0
65265.0	1.0
65268.0	1.0
65269.0	1.0
65271.0	1.0
65289.0	1.0
65300.0	1.0
65304.0	1.0
65310.0	1.0
65319.0	1.0
65351.0	1.0
65377.0	1.0
65396.0	1.0
65412.0	1.0
65421.0	1.0
65442.0	1.0
65448.0	1.0
65452.0	1.0
65465.0	1.0
65510.0	1.0
65551.0	1.0
65588.0	1.0
65622.0	1.0
65687.0	1.0
65696.0	1.0
65710.0	1.0
65719.0	1.0
65725.0	1.0
65772.0	1.0
65797.0	1.0
65823.0	1.0
65856.0	1.0
65908.0	1.0
65914.0	1.0
65921.0	1.0
65925.0	1.0
65942.0	1.0
65946.0	1.0
65978.0	2.0
65983.0	1.0
65996.0	1.0
66002.0	1.0
66012.0	1.0
66025.0	1.0
66052.0	1.0
66059.0	1.0
66070.0	1.0
66082.0	1.0
66115.0	1.0
66125.0	1.0
66126.0	1.0
66128.0	1.0
66144.0	1.0
66148.0	1.0
66163.0	1.0
66170.0	1.0
66194.0	1.0
66204.0	1.0
66220.0	1.0
66234.0	1.0
66236.0	1.0
66253.0	1.0
66269.0	2.0
66297.0	1.0
66374.0	1.0
66384.0	1.0
66406.0	1.0
66417.0	1.0
66463.0	1.0
66520.0	1.0
66528.0	1.0
66532.0	1.0
66543.0	1.0
66549.0	1.0
66569.0	1.0
66591.0	1.0
66601.0	1.0
66607.0	1.0
66622.0	1.0
66644.0	1.0
66668.0	1.0
66679.0	1.0
66703.0	1.0
66704.0	1.0
66716.0	1.0
66717.0	1.0
66722.0	1.0
66738.0	1.0
66761.0	2.0
66774.0	2.0
66784.0	1.0
66841.0	1.0
66842.0	1.0
66845.0	1.0
66856.0	1.0
66857.0	1.0
66874.0	1.0
66882.0	1.0
66915.0	1.0
66919.0	1.0
66934.0	1.0
67013.0	1.0
67056.0	1.0
67063.0	1.0
67064.0	1.0
67097.0	1.0
67121.0	1.0
67130.0	1.0
67133.0	1.0
67136.0	1.0
67163.0	1.0
67191.0	1.0
67219.0	1.0
67260.0	1.0
67266.0	1.0
67272.0	1.0
67277.0	1.0
67312.0	1.0
67329.0	1.0
67347.0	1.0
67367.0	1.0
67371.0	1.0
67377.0	1.0
67386.0	1.0
67393.0	1.0
67435.0	1.0
67458.0	1.0
67464.0	1.0
67493.0	1.0
67505.0	1.0
67506.0	1.0
67515.0	1.0
67534.0	1.0
67567.0	1.0
67582.0	1.0
67628.0	1.0
67686.0	1.0
67716.0	1.0
67719.0	1.0
67736.0	1.0
67748.0	1.0
67788.0	1.0
67798.0	1.0
67807.0	1.0
67824.0	1.0
67843.0	1.0
67857.0	1.0
67912.0	1.0
67943.0	1.0
67992.0	1.0
67994.0	1.0
67998.0	1.0
68004.0	1.0
68010.0	1.0
68032.0	1.0
68055.0	1.0
68081.0	1.0
68122.0	1.0
68133.0	1.0
68134.0	1.0
68153.0	1.0
68158.0	1.0
68169.0	1.0
68182.0	1.0
68235.0	1.0
68237.0	1.0
68239.0	1.0
68244.0	1.0
68262.0	1.0
68268.0	1.0
68286.0	1.0
68340.0	1.0
68349.0	1.0
68357.0	1.0
68372.0	1.0
68380.0	1.0
68422.0	1.0
68462.0	1.0
68490.0	1.0
68534.0	1.0
68587.0	1.0
68611.0	1.0
68635.0	1.0
68639.0	1.0
68645.0	1.0
68684.0	1.0
68727.0	1.0
68733.0	1.0
68740.0	1.0
68747.0	1.0
68762.0	1.0
68787.0	1.0
68790.0	1.0
68801.0	1.0
68840.0	1.0
68848.0	1.0
68869.0	1.0
68886.0	1.0
68892.0	1.0
68904.0	1.0
68908.0	1.0
68948.0	1.0
68949.0	1.0
68964.0	1.0
68975.0	1.0
68988.0	1.0
69001.0	1.0
69022.0	1.0
69068.0	1.0
69103.0	1.0
69171.0	1.0
69174.0	1.0
69196.0	1.0
69201.0	1.0
69211.0	1.0
69214.0	1.0
69291.0	1.0
69326.0	1.0
69347.0	1.0
69357.0	1.0
69363.0	1.0
69389.0	1.0
69418.0	1.0
69447.0	1.0
69485.0	1.0
69524.0	1.0
69540.0	1.0
69553.0	1.0
69576.0	2.0
69590.0	1.0
69607.0	1.0
69661.0	1.0
69693.0	1.0
69710.0	1.0
69712.0	1.0
69719.0	1.0
69725.0	1.0
69727.0	1.0
69741.0	1.0
69747.0	1.0
69751.0	1.0
69755.0	1.0
69773.0	1.0
69776.0	1.0
69816.0	1.0
69844.0	1.0
69858.0	1.0
69862.0	1.0
69908.0	1.0
69911.0	1.0
69918.0	1.0
69932.0	1.0
69943.0	1.0
69950.0	1.0
69952.0	1.0
69953.0	1.0
69972.0	1.0
69979.0	1.0
70056.0	1.0
70057.0	1.0
70113.0	1.0
70131.0	1.0
70138.0	1.0
70139.0	1.0
70148.0	1.0
70154.0	1.0
70155.0	1.0
70178.0	1.0
70242.0	1.0
70257.0	1.0
70261.0	1.0
70310.0	1.0
70311.0	1.0
70337.0	1.0
70348.0	1.0
70358.0	1.0
70398.0	1.0
70402.0	1.0
70404.0	1.0
70415.0	1.0
70424.0	1.0
70445.0	1.0
70502.0	1.0
70511.0	1.0
70518.0	1.0
70531.0	1.0
70539.0	1.0
70654.0	1.0
70695.0	1.0
70726.0	1.0
70727.0	1.0
70750.0	1.0
70753.0	1.0
70791.0	1.0
70832.0	1.0
70840.0	1.0
70859.0	1.0
70863.0	1.0
70880.0	1.0
70884.0	1.0
70932.0	1.0
70947.0	1.0
70994.0	1.0
71007.0	1.0
71068.0	1.0
71130.0	1.0
71140.0	1.0
71250.0	1.0
71251.0	1.0
71281.0	1.0
71331.0	1.0
71375.0	1.0
71388.0	1.0
71395.0	1.0
71418.0	2.0
71434.0	1.0
71447.0	1.0
71473.0	1.0
71479.0	1.0
71490.0	1.0
71508.0	1.0
71510.0	1.0
71526.0	1.0
71529.0	1.0
71534.0	1.0
71537.0	1.0
71560.0	1.0
71562.0	1.0
71564.0	1.0
71587.0	1.0
71661.0	1.0
71671.0	1.0
71703.0	1.0
71706.0	1.0
71715.0	1.0
71721.0	1.0
71744.0	1.0
71750.0	1.0
71763.0	1.0
71767.0	1.0
71770.0	1.0
71779.0	1.0
71792.0	1.0
71800.0	1.0
71808.0	2.0
71823.0	1.0
71879.0	1.0
71887.0	1.0
71892.0	1.0
71960.0	1.0
71978.0	1.0
71979.0	1.0
71980.0	1.0
71988.0	1.0
72063.0	1.0
72086.0	1.0
72101.0	2.0
72114.0	1.0
72120.0	1.0
72126.0	1.0
72138.0	1.0
72187.0	1.0
72214.0	1.0
72215.0	1.0
72222.0	1.0
72255.0	2.0
72263.0	1.0
72286.0	1.0
72292.0	1.0
72305.0	1.0
72318.0	1.0
72336.0	1.0
72386.0	1.0
72401.0	1.0
72416.0	1.0
72419.0	1.0
72425.0	1.0
72426.0	1.0
72439.0	1.0
72446.0	1.0
72447.0	1.0
72456.0	1.0
72473.0	1.0
72483.0	1.0
72515.0	1.0
72521.0	1.0
72522.0	1.0
72524.0	1.0
72527.0	1.0
72534.0	1.0
72535.0	1.0
72558.0	1.0
72578.0	1.0
72628.0	1.0
72651.0	1.0
72664.0	1.0
72711.0	1.0
72723.0	1.0
72757.0	1.0
72772.0	1.0
72779.0	1.0
72788.0	1.0
72802.0	1.0
72807.0	1.0
72812.0	1.0
72827.0	1.0
72833.0	1.0
72835.0	1.0
72836.0	1.0
72837.0	1.0
72923.0	1.0
72925.0	1.0
72958.0	1.0
72961.0	1.0
72970.0	1.0
72977.0	1.0
72993.0	1.0
73000.0	1.0
73055.0	1.0
73063.0	2.0
73091.0	1.0
73112.0	1.0
73155.0	1.0
73221.0	1.0
73239.0	1.0
73246.0	1.0
73330.0	1.0
73333.0	1.0
73335.0	1.0
73351.0	1.0
73353.0	1.0
73355.0	1.0
73357.0	1.0
73403.0	1.0
73404.0	1.0
73413.0	1.0
73426.0	1.0
73428.0	1.0
73430.0	1.0
73439.0	1.0
73452.0	1.0
73474.0	1.0
73538.0	1.0
73556.0	1.0
73558.0	2.0
73559.0	1.0
73582.0	1.0
73586.0	1.0
73665.0	1.0
73670.0	1.0
73712.0	1.0
73735.0	1.0
73761.0	1.0
73791.0	1.0
73796.0	1.0
73797.0	1.0
73830.0	1.0
73845.0	1.0
73880.0	1.0
73887.0	1.0
73896.0	1.0
73905.0	1.0
73919.0	1.0
73929.0	1.0
73963.0	1.0
73980.0	1.0
74037.0	1.0
74040.0	1.0
74053.0	2.0
74089.0	1.0
74094.0	1.0
74130.0	1.0
74152.0	1.0
74161.0	1.0
74205.0	1.0
74223.0	1.0
74234.0	1.0
74256.0	1.0
74278.0	1.0
74364.0	1.0
74383.0	1.0
74388.0	1.0
74407.0	1.0
74491.0	1.0
74508.0	1.0
74527.0	1.0
74591.0	1.0
74592.0	1.0
74600.0	1.0
74604.0	1.0
74615.0	1.0
74635.0	1.0
74636.0	1.0
74643.0	1.0
74676.0	1.0
74684.0	1.0
74755.0	1.0
74757.0	1.0
74773.0	1.0
74778.0	1.0
74779.0	1.0
74782.0	1.0
74791.0	1.0
74825.0	1.0
74833.0	1.0
74834.0	1.0
74876.0	1.0
74879.0	1.0
74927.0	1.0
74936.0	1.0
74941.0	1.0
74990.0	1.0
74991.0	1.0
74996.0	1.0
75042.0	1.0
75070.0	1.0
75088.0	1.0
75149.0	1.0
75163.0	1.0
75216.0	1.0
75227.0	1.0
75229.0	1.0
75230.0	1.0
75240.0	1.0
75275.0	1.0
75296.0	1.0
75319.0	1.0
75341.0	1.0
75370.0	1.0
75386.0	1.0
75400.0	1.0
75415.0	1.0
75431.0	1.0
75434.0	1.0
75503.0	1.0
75514.0	1.0
75522.0	1.0
75575.0	1.0
75576.0	1.0
75577.0	1.0
75602.0	1.0
75622.0	1.0
75655.0	1.0
75687.0	1.0
75706.0	1.0
75709.0	1.0
75739.0	1.0
75744.0	1.0
75844.0	1.0
75868.0	1.0
75876.0	1.0
75920.0	1.0
75950.0	1.0
75973.0	1.0
75979.0	1.0
76000.0	1.0
76035.0	1.0
76112.0	1.0
76173.0	1.0
76197.0	1.0
76201.0	1.0
76257.0	1.0
76294.0	1.0
76305.0	1.0
76320.0	1.0
76331.0	1.0
76373.0	1.0
76378.0	1.0
76391.0	1.0
76415.0	1.0
76500.0	1.0
76510.0	1.0
76561.0	1.0
76582.0	1.0
76600.0	1.0
76631.0	2.0
76686.0	1.0
76688.0	1.0
76706.0	1.0
76730.0	1.0
76738.0	1.0
76749.0	2.0
76759.0	1.0
76761.0	1.0
76779.0	1.0
76782.0	1.0
76794.0	1.0
76799.0	1.0
76821.0	1.0
76831.0	1.0
76834.0	1.0
76849.0	1.0
76867.0	1.0
76877.0	1.0
76879.0	1.0
76881.0	1.0
76891.0	1.0
76904.0	1.0
76915.0	1.0
76947.0	1.0
76959.0	1.0
76963.0	1.0
76986.0	1.0
77004.0	1.0
77016.0	1.0
77037.0	1.0
77061.0	1.0
77180.0	1.0
77187.0	1.0
77207.0	1.0
77216.0	1.0
77228.0	1.0
77284.0	1.0
77285.0	1.0
77364.0	1.0
77434.0	1.0
77522.0	1.0
77544.0	1.0
77546.0	1.0
77558.0	1.0
77599.0	1.0
77654.0	1.0
77674.0	1.0
77709.0	1.0
77801.0	1.0
77836.0	1.0
77845.0	1.0
77854.0	1.0
77877.0	1.0
77911.0	1.0
77937.0	1.0
77945.0	1.0
77987.0	1.0
78124.0	1.0
78131.0	1.0
78161.0	1.0
78163.0	1.0
78258.0	1.0
78333.0	1.0
78364.0	1.0
78413.0	1.0
78474.0	1.0
78480.0	1.0
78499.0	1.0
78532.0	1.0
78586.0	1.0
78614.0	1.0
78663.0	1.0
78675.0	1.0
78680.0	1.0
78693.0	2.0
78698.0	1.0
78711.0	1.0
78713.0	1.0
78722.0	1.0
78734.0	1.0
78735.0	2.0
78748.0	1.0
78779.0	2.0
78810.0	1.0
78824.0	1.0
78829.0	1.0
78840.0	1.0
78853.0	1.0
78894.0	1.0
78904.0	1.0
78927.0	1.0
78936.0	1.0
78948.0	1.0
78957.0	1.0
78968.0	1.0
78982.0	1.0
79001.0	1.0
79017.0	1.0
79028.0	1.0
79035.0	1.0
79037.0	1.0
79048.0	1.0
79087.0	1.0
79119.0	1.0
79126.0	1.0
79151.0	1.0
79158.0	1.0
79208.0	1.0
79243.0	1.0
79352.0	2.0
79364.0	1.0
79386.0	1.0
79391.0	1.0
79419.0	1.0
79427.0	1.0
79449.0	1.0
79452.0	2.0
79555.0	1.0
79605.0	1.0
79614.0	1.0
79629.0	1.0
79636.0	1.0
79687.0	1.0
79748.0	1.0
79759.0	1.0
79760.0	1.0
79793.0	1.0
79848.0	1.0
79851.0	1.0
79887.0	1.0
79890.0	1.0
79893.0	1.0
79894.0	1.0
79911.0	1.0
79962.0	1.0
79993.0	1.0
80035.0	1.0
80047.0	1.0
80064.0	1.0
80072.0	1.0
80080.0	1.0
80098.0	1.0
80131.0	1.0
80187.0	1.0
80197.0	1.0
80202.0	1.0
80207.0	1.0
80235.0	2.0
80334.0	1.0
80364.0	1.0
80407.0	1.0
80424.0	1.0
80479.0	1.0
80515.0	1.0
80521.0	1.0
80547.0	1.0
80586.0	1.0
80664.0	1.0
80694.0	1.0
80739.0	1.0
80757.0	1.0
80774.0	1.0
80776.0	1.0
80787.0	1.0
80789.0	1.0
80832.0	2.0
80836.0	1.0
80838.0	1.0
80919.0	1.0
80958.0	1.0
80960.0	1.0
80979.0	1.0
80990.0	1.0
80993.0	1.0
81073.0	1.0
81078.0	1.0
81087.0	1.0
81146.0	1.0
81221.0	1.0
81270.0	1.0
81277.0	1.0
81288.0	1.0
81309.0	1.0
81350.0	1.0
81370.0	1.0
81378.0	1.0
81415.0	1.0
81424.0	1.0
81452.0	1.0
81519.0	1.0
81596.0	1.0
81681.0	1.0
81701.0	1.0
81741.0	1.0
81762.0	1.0
81778.0	1.0
81790.0	1.0
81834.0	1.0
81837.0	1.0
81860.0	1.0
81881.0	1.0
81896.0	1.0
81902.0	1.0
81915.0	1.0
81919.0	1.0
81952.0	1.0
81969.0	1.0
81982.0	1.0
81992.0	1.0
82001.0	1.0
82084.0	1.0
82109.0	1.0
82117.0	1.0
82118.0	1.0
82169.0	1.0
82202.0	1.0
82203.0	1.0
82213.0	1.0
82234.0	1.0
82256.0	1.0
82257.0	1.0
82259.0	1.0
82282.0	1.0
82317.0	1.0
82329.0	1.0
82330.0	1.0
82349.0	1.0
82381.0	1.0
82383.0	1.0
82429.0	1.0
82457.0	1.0
82490.0	1.0
82514.0	1.0
82556.0	1.0
82579.0	1.0
82624.0	1.0
82637.0	1.0
82671.0	1.0
82734.0	1.0
82746.0	1.0
82810.0	1.0
82818.0	1.0
82853.0	1.0
82877.0	1.0
82889.0	1.0
82916.0	1.0
82936.0	1.0
83005.0	1.0
83007.0	1.0
83019.0	1.0
83058.0	1.0
83072.0	1.0
83085.0	1.0
83091.0	1.0
83094.0	1.0
83165.0	1.0
83171.0	1.0
83184.0	1.0
83201.0	1.0
83202.0	1.0
83225.0	2.0
83257.0	1.0
83258.0	1.0
83262.0	1.0
83343.0	1.0
83356.0	1.0
83447.0	1.0
83489.0	1.0
83499.0	1.0
83582.0	1.0
83629.0	1.0
83665.0	1.0
83667.0	1.0
83768.0	1.0
83878.0	1.0
83900.0	1.0
83920.0	1.0
83932.0	1.0
83975.0	1.0
84148.0	1.0
84236.0	1.0
84355.0	1.0
84369.0	1.0
84463.0	1.0
84501.0	1.0
84656.0	1.0
84658.0	1.0
84695.0	1.0
84767.0	1.0
84908.0	1.0
84931.0	1.0
84941.0	1.0
84951.0	1.0
84961.0	1.0
85022.0	1.0
85036.0	1.0
85040.0	1.0
85099.0	1.0
85130.0	2.0
85131.0	2.0
85142.0	1.0
85249.0	1.0
85265.0	1.0
85345.0	1.0
85389.0	1.0
85493.0	1.0
85551.0	1.0
85719.0	1.0
85738.0	1.0
85809.0	1.0
85823.0	1.0
85914.0	1.0
85954.0	1.0
85967.0	1.0
85972.0	1.0
86028.0	1.0
86049.0	1.0
86166.0	1.0
86220.0	1.0
86232.0	1.0
86245.0	1.0
86254.0	1.0
86311.0	1.0
86320.0	1.0
86325.0	1.0
86348.0	1.0
86404.0	1.0
86447.0	1.0
86498.0	1.0
86500.0	1.0
86537.0	1.0
86558.0	1.0
86625.0	1.0
86654.0	1.0
86732.0	1.0
86771.0	1.0
86831.0	1.0
86874.0	1.0
86894.0	1.0
86915.0	1.0
86941.0	1.0
86948.0	1.0
86982.0	1.0
87050.0	1.0
87095.0	1.0
87240.0	1.0
87271.0	1.0
87273.0	1.0
87281.0	1.0
87335.0	1.0
87381.0	1.0
87386.0	1.0
87404.0	1.0
87457.0	1.0
87639.0	1.0
87687.0	1.0
87717.0	1.0
87876.0	1.0
87959.0	1.0
87970.0	1.0
87973.0	1.0
87992.0	1.0
88101.0	1.0
88161.0	1.0
88180.0	1.0
88195.0	1.0
88208.0	1.0
88327.0	1.0
88603.0	1.0
88622.0	1.0
88638.0	1.0
88669.0	1.0
88672.0	1.0
88698.0	1.0
88708.0	1.0
88796.0	1.0
88812.0	1.0
88921.0	1.0
88949.0	1.0
89055.0	1.0
89069.0	1.0
89107.0	1.0
89111.0	2.0
89157.0	1.0
89219.0	1.0
89274.0	1.0
89400.0	1.0
89493.0	1.0
89624.0	1.0
89627.0	1.0
89647.0	1.0
89759.0	1.0
89815.0	1.0
90120.0	1.0
90200.0	1.0
90245.0	1.0
90532.0	1.0
90589.0	1.0
90810.0	1.0
90862.0	1.0
90926.0	1.0
90930.0	1.0
90938.0	1.0
90991.0	1.0
91078.0	1.0
91109.0	1.0
91264.0	1.0
91316.0	1.0
91441.0	1.0
91503.0	1.0
91517.0	1.0
91789.0	1.0
91929.0	1.0
91930.0	1.0
92162.0	1.0
92218.0	1.0
92366.0	1.0
92572.0	1.0
92695.0	1.0
93057.0	1.0
93087.0	1.0
93167.0	1.0
93297.0	1.0
93451.0	1.0
93524.0	1.0
93553.0	1.0
93602.0	1.0
93969.0	1.0
94442.0	1.0
94933.0	1.0
94977.0	1.0
95177.0	1.0
95191.0	1.0
95217.0	1.0
95229.0	1.0
95261.0	1.0
95272.0	1.0
95674.0	1.0
95679.0	1.0
95703.0	1.0
95829.0	1.0
95943.0	1.0
95949.0	1.0
96085.0	1.0
96175.0	1.0
96224.0	1.0
96295.0	1.0
96487.0	1.0
96852.0	1.0
96881.0	1.0
96886.0	1.0
96917.0	1.0
97050.0	1.0
97198.0	1.0
97251.0	1.0
97275.0	1.0
97376.0	1.0
97385.0	1.0
97623.0	1.0
97655.0	1.0
97749.0	1.0
97827.0	1.0
97933.0	1.0
97942.0	1.0
97944.0	1.0
98143.0	1.0
98156.0	1.0
98262.0	1.0
98288.0	1.0
98395.0	1.0
98499.0	1.0
98537.0	1.0
98623.0	1.0
98664.0	1.0
98783.0	1.0
98795.0	1.0
98822.0	1.0
98840.0	1.0
98956.0	1.0
99047.0	1.0
99263.0	1.0
99326.0	1.0
99640.0	1.0
99892.0	1.0
100297.0	1.0
100515.0	1.0
100518.0	1.0
100622.0	1.0
100812.0	1.0
100931.0	1.0
101520.0	1.0
101668.0	1.0
101751.0	1.0
101982.0	1.0
102434.0	1.0
102437.0	1.0
102660.0	1.0
102676.0	1.0
102696.0	1.0
102721.0	1.0
103292.0	1.0
103860.0	1.0
103876.0	1.0
103980.0	1.0
104083.0	1.0
104106.0	1.0
104125.0	1.0
104157.0	1.0
104659.0	1.0
104700.0	1.0
104703.0	1.0
105053.0	1.0
105375.0	1.0
106001.0	1.0
106066.0	1.0
106233.0	1.0
106522.0	1.0
106577.0	1.0
107101.0	1.0
107214.0	1.0
107259.0	1.0
107289.0	1.0
107312.0	1.0
108206.0	1.0
108757.0	1.0
108937.0	1.0
109136.0	1.0
109189.0	1.0
109423.0	1.0
109482.0	1.0
109577.0	1.0
109675.0	1.0
109923.0	1.0
110160.0	1.0
110275.0	1.0
110321.0	1.0
110484.0	1.0
110543.0	1.0
111231.0	1.0
111399.0	1.0
111921.0	1.0
112008.0	1.0
112226.0	1.0
112298.0	1.0
112309.0	1.0
112454.0	1.0
112663.0	1.0
112732.0	1.0
112904.0	1.0
112951.0	1.0
113093.0	1.0
113299.0	1.0
113357.0	1.0
113370.0	1.0
114039.0	1.0
114095.0	1.0
114275.0	1.0
114446.0	1.0
114951.0	1.0
115668.0	1.0
115953.0	1.0
116091.0	1.0
116159.0	1.0
116364.0	1.0
116636.0	1.0
116828.0	1.0
116960.0	1.0
117006.0	1.0
117046.0	1.0
117221.0	1.0
117275.0	1.0
117616.0	1.0
117760.0	1.0
118248.0	1.0
119304.0	1.0
119421.0	1.0
119927.0	1.0
120004.0	1.0
120561.0	1.0
121545.0	1.0
122000.0	1.0
