# Position (bp)	A	C	G	T	N
0.0	20.745064430362824	28.800298926520163	28.495223601351626	21.95572145151944	0.003691590245941818
1.0	21.035754089791702	25.15830288828867	24.40482624665291	29.400597645388377	5.191298783355681E-4
2.0	26.175589797875055	26.019366313154602	22.363699854793605	25.440513426371407	8.30607805336909E-4
3.0	28.62155674129947	24.07657465647157	23.653287689896267	23.648569376113173	1.153621951856818E-5
4.0	29.66889550273172	21.800928458019296	23.994563671914072	24.535416251603102	1.9611573181565906E-4
5.0	29.89088697492753	22.620703753228266	22.690244084486196	24.79630785601552	0.001857331342489477
6.0	27.735759661785732	21.56841595362255	19.485943751008698	31.209857561143984	2.307243903713636E-5
7.0	26.79131244223959	24.0052692836273	21.101948917389247	28.10144628430482	2.307243903713636E-5
8.0	26.050329526342438	24.142527223459226	21.06431776931968	28.74281394465914	1.153621951856818E-5
9.0	31.97566642144509	21.21479621671988	20.948574878889882	25.860950946725623	1.153621951856818E-5
10.0	28.946347465625237	23.802116457905313	23.282848144935524	23.968653322875365	3.460865855570454E-5
11.0	27.000141087964714	24.06861466500376	22.801268661132895	26.129825615044894	1.4997085374138635E-4
12.0	27.602862412931827	23.587565847298986	22.07499442512192	26.7342196918422	3.576228050756136E-4
13.0	28.170513630562493	23.13014320716824	21.834187378891325	26.864013697645607	0.0011420857323382499
14.0	28.00697618266727	23.264655526754744	22.17915495115507	26.547494442714655	0.0017188967082666588
15.0	28.05345561110758	23.36866608193415	22.22967205642688	26.3421266628451	0.006079587686285431
16.0	28.231447942059567	23.344140079237675	22.039151391077727	26.375604771887986	0.009655815737041567
17.0	28.368440548842567	23.314641965928697	21.982785422510002	26.318961934051817	0.015170128666917157
18.0	28.217385290466435	23.343009529724856	22.04227770656726	26.38539902225925	0.011928450982199499
19.0	28.3119246094211	23.383236327186104	22.059939658650187	26.235924225957163	0.008975178785446044
20.0	28.261626692320142	23.464289805523563	22.032125833390918	26.237435470714093	0.004522198051278726
21.0	28.477342461097848	23.41946005647441	21.996178973371062	26.10613022015375	8.882889029297498E-4
22.0	28.40368369947179	23.28874315310951	21.84963437682669	26.45775419107971	1.8457951229709088E-4
23.0	28.47481602902328	23.334991857159455	21.98947642983077	26.200300380083824	4.153039026684545E-4
24.0	28.437023965489473	23.544894741141057	21.94867214492354	26.069339928038467	6.922040746823591E-5
25.0	28.753624452495963	23.461877659066335	21.823565136770444	25.96081737835846	1.1537330880035295E-4
26.0	29.041019455506124	22.952113623792524	21.82584909435243	26.180960136646135	5.768970278034368E-5
27.0	28.951284240648008	23.04695036115662	22.560000461542014	25.44166108970069	1.038469526688667E-4
28.0	27.970971512710058	24.33642165851024	23.19432215897355	24.49803080324534	2.538665608120037E-4
29.0	25.750089583863478	24.998196782136084	23.102134836841962	26.14941722883787	1.6156832060694294E-4
30.0	26.740736226399935	23.003219853578383	20.201545566653138	30.054059744119982	4.3860924856078455E-4
31.0	29.050325442765747	23.17614730393518	23.096941088515745	24.676205199164787	3.8096561854559103E-4
32.0	28.976327601771086	22.788358039856053	23.2016960750149	25.032879293100397	7.389902575681262E-4
33.0	33.43068010438691	21.916365254387653	21.671939456330488	22.980218144249108	7.970406458385699E-4
34.0	26.160174417966058	22.723022683608217	20.562071769473594	30.554048977761756	6.8215119037117E-4
35.0	25.96078325053351	25.002743001233803	19.814015826798503	29.221670068915085	7.878525191062926E-4
36.0	25.954593146493977	24.611842417140465	20.093108312820203	29.339673818491686	7.823050536672943E-4
37.0	29.896724892713323	22.882076678939413	20.790573630243674	26.430289302581496	3.354955220933387E-4
38.0	30.967074832421915	24.68489973729554	19.944492411141443	24.401534351024637	0.001998668116463595
39.0	24.28508347872285	28.51997653804389	24.07167500324717	23.12121873407999	0.002046245906104513
