#Position (bp)	mapping quality
3406923.0	37.8965625472909
1.0220768E7	40.323791649959254
1.7034613E7	40.152819487414035
2.3848458E7	26.583623288680627
3.0662303E7	37.13136654431701
3.7476148E7	37.68970645623639
4.4289993E7	39.71327772843937
5.1103838E7	39.32783426021833
5.7917683E7	38.34620708594501
6.4731528E7	40.10300092931538
7.1545373E7	39.56690733012174
7.8359218E7	40.739394513750085
8.5173063E7	36.30489123633435
9.1986908E7	40.28790374410429
9.8800753E7	30.381093639251304
1.05614598E8	29.58926736162091
1.12428443E8	39.52641091196214
1.19242288E8	40.21027029521406
1.26056133E8	39.92293987844801
1.300790245E8	9.806540391775943
1.33485947E8	39.46946678293263
1.39683823E8	39.10488553154228
1.46497668E8	29.776609615265215
1.53311513E8	40.31163741693645
1.60125358E8	39.11870105309098
1.66939203E8	40.89014789036184
1.73753048E8	41.18098805844298
1.80566893E8	35.8960921438281
1.87380738E8	40.85261022673821
1.94194583E8	40.7440061395458
2.01008428E8	39.94394266329519
2.07822273E8	41.07762653435912
2.14636118E8	38.050439691782294
2.21449963E8	40.920298208409406
2.28263808E8	40.962618555665564
2.35077653E8	40.883517828314346
2.41891498E8	40.90289623943132
2.48705343E8	40.91827327718832
2.52444901E8	39.78727201603834
2.558518235E8	38.73645625154766
2.62333033E8	20.938114780796038
2.69146878E8	36.18654781199352
2.75960723E8	29.649717354703387
2.82774568E8	40.3265392560911
2.89588413E8	38.19009325749657
2.96402258E8	34.39947975584126
3.03216103E8	39.59011632199977
3.10029948E8	37.653117597513315
3.16843793E8	29.03279828855669
3.23657638E8	39.07624282946357
3.30471483E8	40.80335022060365
3.37285328E8	41.07279735874914
3.44099173E8	34.96635705270381
3.50913018E8	40.635860492555416
3.57726863E8	40.93842669160991
3.64540708E8	39.43729090527664
3.704270945E8	36.49031535033168
3.73834017E8	0.0
3.78168398E8	31.665592320572046
3.84982243E8	38.17151058715221
3.91796088E8	36.16611837245265
3.98609933E8	36.78343966816094
4.05423778E8	40.17714114608363
4.12237623E8	40.57779093862658
4.19051468E8	40.8503108060141
4.25865313E8	39.90871187357399
4.32679158E8	37.76452060652087
4.39493003E8	35.386409674267725
4.46306848E8	37.98640137417693
4.53120693E8	31.03428611088619
4.59934538E8	37.1051773553154
4.66748383E8	40.632058048854546
4.73562228E8	39.88999626218745
4.80376073E8	39.512335466671146
4.87189918E8	40.49531158891171
4.91962519E8	34.16500113671184
4.953694415E8	2.000352547153182
5.00817608E8	35.3704464653751
5.07631453E8	36.16656636183046
5.14445298E8	38.32398306657891
5.21259143E8	40.27742376160334
5.28072988E8	40.19425178536922
5.34886833E8	37.67886127287414
5.41700678E8	40.28416238053712
5.48514523E8	40.14871858675713
5.55328368E8	40.35101007563144
5.62142213E8	37.133526911533195
5.68956058E8	40.550882629981096
5.75769903E8	35.54508262672526
5.82583748E8	30.43119307462471
5.89397593E8	33.09508852807822
5.96211438E8	39.25367038081463
6.03025283E8	14.04151783100076
6.09839128E8	38.03742433505546
6.15738246E8	40.576521217276046
6.191451685E8	0.0
6.23466818E8	39.601931204759715
6.30280663E8	39.400302065498956
6.37094508E8	13.88420149002054
6.43908353E8	39.318032990356095
6.50722198E8	38.170773252781935
6.57536043E8	39.982932291163856
6.64349888E8	34.09857226834591
6.71163733E8	40.899960732742834
6.77977578E8	38.90361864268467
6.84791423E8	40.75375297175566
6.91605268E8	40.717512105402996
6.98419113E8	40.43270505627263
7.05232958E8	40.24653432945976
7.12046803E8	40.09964707210246
7.18860648E8	40.53486628366502
7.222708485E8	0.0
7.25677771E8	40.50812330854954
7.32488338E8	39.981985979710934
7.39302183E8	40.23368998644819
7.46116028E8	39.016405862658694
7.52929873E8	40.06256599565801
7.59743718E8	40.30433556101195
7.66557563E8	40.680772132988096
7.73371408E8	37.18390193399349
7.80185253E8	37.84874176312769
7.86999098E8	35.90048160429496
7.93812943E8	17.39863989637306
8.00626788E8	40.10870939370213
8.07440633E8	35.9235928519906
8.14254478E8	40.535227809129275
8.190716475E8	38.304221163139104
8.2247857E8	18.103157038977464
8.27882168E8	28.500055978817617
8.34696013E8	37.62239115030433
8.41509858E8	36.593977335304174
8.48323703E8	40.813617427463456
8.55137548E8	39.175268451193936
8.61951393E8	36.52429948252777
8.68765238E8	40.72223048643135
8.75579083E8	40.791309047532486
8.82392928E8	39.23489244794383
8.89206773E8	39.46589617877283
8.96020618E8	39.10813502368876
9.02834463E8	39.9630523920565
9.09648308E8	38.58467407087253
9.14262198E8	28.930303385264143
9.176691205E8	34.89449059402008
9.23275998E8	39.58858929650781
9.30089843E8	38.59470008216927
9.36903688E8	37.82746681288748
9.43717533E8	24.881872598285547
9.50531378E8	40.6600304849854
9.57345223E8	38.83873554991771
9.64159068E8	36.41520420947131
9.70972913E8	39.16561249786849
9.77786758E8	39.68730718773172
9.84600603E8	39.48717228814934
9.91414448E8	38.20275389694601
9.98228293E8	40.84088025485129
1.00390351E9	23.58094443653232
1.0073104325E9	0.0
1.011855983E9	39.92969461311171
1.018669828E9	39.727815719529175
1.025483673E9	39.368248638973085
1.032297518E9	39.842818735256856
1.039111363E9	39.41807247790698
1.045925208E9	40.097768148430724
1.052739053E9	41.14277420747685
1.059552898E9	37.94829262040311
1.0652815955E9	40.927408716429795
1.068688518E9	0.0
1.073180588E9	26.531409947169635
1.079994433E9	40.17867056202839
1.086808278E9	37.14621370367457
1.093622123E9	30.519427942393946
1.100435968E9	39.82712966286341
1.107249813E9	40.98508257261875
1.114063658E9	32.327742659386395
1.120877503E9	40.44161448545577
1.127691348E9	40.257261693162825
1.134505193E9	39.99926025684655
1.141319038E9	39.66130293950699
1.148132883E9	40.433701440446
1.154946728E9	36.181032244211075
1.161760573E9	40.98236981857187
1.168574418E9	31.6267392526315
1.175388263E9	40.50076052641373
1.182202108E9	12.574147522406511
1.189015953E9	38.0466577303422
1.195829798E9	39.205947054795836
1.202643643E9	40.90336252237607
1.209457488E9	37.357631602955934
1.216271333E9	36.08403937374901
1.223085178E9	40.80265237883279
1.229899023E9	40.652001679155894
1.236712868E9	39.75351133270394
1.243526713E9	38.542355827562005
1.250340558E9	40.46835266002616
1.257154403E9	39.156905359924856
1.2618183335E9	40.45893946503989
1.265225256E9	39.06784197451719
1.270782093E9	40.05266433349902
1.277595938E9	36.924678674167815
1.284409783E9	39.19417341897703
1.291223628E9	40.86439412020582
1.298037473E9	40.91122756462659
1.304851318E9	39.36269014671276
1.311665163E9	35.46530138720004
1.318479008E9	38.409189610328056
1.325292853E9	40.59109272514092
1.332106698E9	39.882259541857316
1.338920543E9	40.31347595790053
1.345734388E9	34.55824208918622
1.352548233E9	39.897415911493326
1.359362078E9	38.880268428545165
1.366175923E9	40.42935450963371
1.372989768E9	28.88355358559742
1.379803613E9	40.22320949429048
1.386617458E9	39.13699692364138
1.393431303E9	40.44140757927301
1.400245148E9	38.31879766750258
1.407058993E9	40.15854315170333
1.413872838E9	38.52121006102673
1.420686683E9	40.22411369207932
1.427500528E9	40.811357024934594
1.434314373E9	41.14751718466862
1.441128218E9	36.00101647196008
1.444861853E9	39.91160245222287
1.4482687755E9	25.109699620505562
1.454755908E9	38.991462643961256
1.461569753E9	39.71757113704179
1.468383598E9	31.66859007251498
1.475197443E9	37.40931647810572
1.482011288E9	37.653792042857205
1.488825133E9	30.741050623826332
1.495638978E9	40.05858955171409
1.502452823E9	30.713284200198512
1.509266668E9	37.86308988632604
1.516080513E9	39.47542371818193
1.522894358E9	38.608523832684824
1.529708203E9	39.94456257437899
1.536522048E9	39.570682044599124
1.543335893E9	40.38396364245586
1.550149738E9	40.351248093139276
1.556963583E9	38.211800836668445
1.563777428E9	40.319525138284156
1.570591273E9	40.10766959078358
1.577405118E9	40.13051911869325
1.584218963E9	40.41089311102495
1.591032808E9	39.988862129645874
1.597846653E9	37.98009426699382
1.6032409105E9	36.3539501116352
1.606647833E9	0.0
1.611474343E9	39.59454010775749
1.618288188E9	34.93304008425748
1.625102033E9	31.76084038125923
1.631915878E9	27.043546983758702
1.638729723E9	39.65819525519165
1.645543568E9	40.22030095288391
1.652357413E9	39.537937844473475
1.659171258E9	35.90508623287307
1.665985103E9	39.656553685707514
1.672798948E9	34.84571059450492
1.679612793E9	26.918508466746545
1.686426638E9	35.24347371121832
1.693240483E9	39.34998943937942
1.700054328E9	36.490636805180785
1.706868173E9	41.07438246179907
1.713682018E9	39.861836153938995
1.720495863E9	39.20170769934043
1.727309708E9	40.732121749490254
1.734123553E9	40.503957624877245
1.740937398E9	40.97206560322295
1.747751243E9	39.52849786369549
1.754565088E9	40.20845189289932
1.759854186E9	41.03114991357504
1.7632611085E9	0.6624472573839663
1.768192778E9	37.3605474556675
1.775006623E9	10.34542675318193
1.781820468E9	37.4063637516561
1.788634313E9	39.44113341879995
1.795448158E9	39.91575899538794
1.802262003E9	39.46757903308423
1.809075848E9	39.73335334693657
1.815889693E9	39.470584454193386
1.822703538E9	39.18151211918057
1.829517383E9	40.03946614932254
1.836331228E9	40.55724575324927
1.843145073E9	11.870527554520644
1.849958918E9	39.67680463947367
1.856772763E9	39.1908779726159
1.863586608E9	36.700063839641494
1.870400453E9	39.43394077864773
1.877214298E9	40.82590162157151
1.884028143E9	40.8504796125503
1.890841988E9	38.921249804666616
1.897655833E9	40.63183253336208
1.904469678E9	40.73332417764121
1.910723823E9	40.67271092064696
1.9141307455E9	0.0
1.918097368E9	35.92443103921031
1.924911213E9	35.5770828462124
1.931725058E9	15.143470895168395
1.938538903E9	38.046802583041696
1.945352748E9	41.167841015614805
1.952166593E9	39.11321145666789
1.958980438E9	38.38434098085757
1.965794283E9	40.17696792181823
1.972608128E9	37.510667574169176
1.979421973E9	33.4939415806482
1.986235818E9	39.810032320232416
1.993049663E9	27.69586592178771
1.999863508E9	40.634232739676385
2.006677353E9	40.07447530462686
2.013491198E9	41.158193530051044
2.020305043E9	34.51269226632247
2.027118888E9	41.15407608462245
2.033932733E9	40.281540280725494
2.040746578E9	39.99024421467999
2.047560423E9	38.9839147324653
2.054374268E9	40.154406417774204
2.060544391E9	39.58381432496222
2.0639513135E9	0.0
2.068001958E9	37.70793395880878
2.074815803E9	24.423293229038784
2.081629648E9	39.864997120281096
2.088443493E9	38.99910179824912
2.095257338E9	39.65917455044684
2.102071183E9	38.934844390129875
2.108885028E9	39.85584909227697
2.115698873E9	16.476245992422033
2.122512718E9	30.790013302618345
2.129326563E9	40.777698758203556
2.136140408E9	41.1061992389648
2.142954253E9	40.09096437136601
2.149768098E9	38.54789829385306
2.156581943E9	37.812556929652466
2.163395788E9	40.649709740729264
2.170209633E9	16.601550292155526
2.177023478E9	40.574214195385316
2.183837323E9	40.33545268190249
2.190651168E9	40.50503175456229
2.197465013E9	40.58303067673809
2.204278858E9	40.69120661453624
2.2082174155E9	40.74787897317188
2.211624338E9	39.85279265134917
2.217906548E9	40.503285880634046
2.224720393E9	40.052028202903315
2.231534238E9	34.723860083280236
2.238348083E9	33.00163535682865
2.245161928E9	39.987884243638554
2.251975773E9	38.154061080278574
2.258789618E9	31.9572129369186
2.265603463E9	33.47545421907279
2.272417308E9	35.42271999556439
2.279231153E9	39.96769813994458
2.286044998E9	38.790313431109595
2.292858843E9	40.33770284597018
2.299672688E9	38.635842472582254
2.306486533E9	39.578529518409866
2.313300378E9	39.98114712171131
2.320114223E9	40.196135631477816
2.326928068E9	40.249171421778414
2.333741913E9	40.50686734598614
2.3376495495E9	25.328967223999516
2.341056472E9	2.4010672455653355
2.347369603E9	37.671616384551214
2.354183448E9	38.22195957122539
2.360997293E9	39.823405708142346
2.367811138E9	40.55482830959479
2.374624983E9	36.85414403181641
2.381438828E9	39.92813752762225
2.388252673E9	39.26644697488771
2.395066518E9	39.92117769836742
2.401880363E9	41.0065195182215
2.408694208E9	40.6473268996689
2.415508053E9	37.671523123411994
2.422321898E9	38.26360500833441
2.429135743E9	37.89703365809982
2.435949588E9	40.244909793228814
2.442763433E9	40.50372832621841
2.449577278E9	40.31360346468187
2.456391123E9	40.86360785179591
2.4612717095E9	38.868430162831814
2.462753523E9	0.0
2.4646867815E9	3.5629032258064517
2.470018813E9	36.551755074155686
2.476832658E9	39.1435382585752
2.483646503E9	32.548515320805826
2.490460348E9	2.961942301811139
2.497274193E9	35.03871531078578
2.504088038E9	37.10325862451565
2.510901883E9	38.07410536214362
2.517715728E9	36.227097658133104
2.524529573E9	39.58274141809699
2.531343418E9	22.11230166907068
2.538157263E9	37.45386300867997
2.544971108E9	16.725794645777203
2.551784953E9	17.645277628158592
2.558598798E9	30.12724315153484
2.565412643E9	39.33766198424922
2.572226488E9	26.38791052397145
2.579040333E9	29.66753789331342
2.585854178E9	7.233731853116994
2.592668023E9	14.034688487478187
2.599481868E9	37.87533673054379
2.606295713E9	33.50374914225115
2.613109558E9	34.562393192822555
2.619923403E9	33.84113588454095
2.626737248E9	38.08051953194607
2.631968571E9	20.66168823984954
2.6353754935E9	2.4332236150990965
2.640364938E9	1.6931747992588018
2.647178783E9	1.193523925077728
2.653992628E9	1.249820788530466
2.660806473E9	0.9858943012977243
2.667620318E9	2.0010532968190438
2.674434163E9	1.618908708335326
2.681248008E9	1.581657378240853
2.688061853E9	1.464185674269708
2.694875698E9	1.1938999816816267
2.701689543E9	1.0306318787039175
2.708503388E9	1.8544979824353192
2.715317233E9	1.0450704225352112
2.7221309125E9	4.982168403842223
