# Position (bp)	A	C	G	T	N
0.0	18.099242336872052	28.65161629282053	30.031975941251666	23.214167626103915	0.0029978029518397576
1.0	20.496703679478088	21.70216654633364	26.493698580781157	31.305027338934032	0.0024038544730821147
2.0	22.302456711210933	23.821608556524673	24.863132289723765	29.012549897518163	2.525450224638798E-4
3.0	25.62220312233571	22.31615494029976	26.942125005483504	25.118474014473446	0.0010429174075823181
4.0	25.48863486601037	22.26889160702161	26.683401983488608	25.55826246405559	8.090794238194666E-4
5.0	26.356468421630087	23.268160816554754	24.71063718699266	25.664125596064714	6.079787577834142E-4
6.0	18.09252650997838	24.08388123911309	23.217576983907176	34.60513135942273	8.839075786235791E-4
7.0	20.280043434002458	26.495157729799836	24.56175254273085	28.66214367884953	9.026146173246072E-4
8.0	20.13365150264756	25.645577567192646	25.60934670998843	28.61119038218761	2.3383798376285162E-4
9.0	26.42578267677707	22.56618386605835	25.31031001959282	25.69728849892196	4.3493864979890403E-4
10.0	21.823996135874086	26.30795171675897	26.73180176936784	25.136124105487866	1.262725112319399E-4
11.0	20.236956447114313	25.300685248181136	26.78584640417511	27.676175173832817	3.3672669661850634E-4
12.0	21.134749325213733	25.281192513854666	24.67662779063419	28.90728539074748	1.44979549932968E-4
13.0	21.97898862827178	24.586974307659514	24.693319145915183	28.74058696888262	1.309492709071969E-4
14.0	21.759896467765014	24.55299764861877	25.497226073533813	28.189692739695392	1.8707038701028128E-4
15.0	21.79254960381766	24.717675710303922	25.695735814709774	27.793674083913977	3.6478725467004855E-4
16.0	22.079796183071945	24.515443268426456	25.560619550931925	27.84331321110716	8.277864625204948E-4
17.0	22.146949775248963	24.703374179216986	25.254796882247515	27.894327305644858	5.518576416803299E-4
18.0	21.673638312314573	24.632105038525744	25.594502674779164	28.097808442355614	0.0019455320249069253
19.0	21.978796881125092	24.84691796392965	25.64648953532932	27.521711155278428	0.006084464337509399
20.0	21.99551162020446	24.752372590334655	25.689613936294865	27.54900004798355	0.013501805182467052
21.0	22.084795639164795	24.574244167823466	25.95816283036747	27.361761297624966	0.021036065019306133
22.0	22.06932959491872	24.434105064154384	25.492441748386025	27.97827046505605	0.025853127484820874
23.0	22.246171908519212	24.736822364414422	25.440903856764695	27.556819590160586	0.019282280141084747
24.0	22.27500218647677	24.891632598942167	25.32313788179743	27.496547237485984	0.013680095297648475
25.0	22.620854000481746	24.726103865429096	25.306968249179747	27.34100853345681	0.005065351452605288
26.0	22.926153925021442	24.223907965891893	24.94325886716429	27.903133798126362	0.0035454437960159312
27.0	22.77667991816251	24.538256180857122	25.72768197083542	26.95624995000811	0.001131980136835817
28.0	22.005830780499583	25.226695659959645	26.599607669924797	26.1675711789428	2.9471067317624847E-4
29.0	20.144398005265295	25.26071979022649	26.064016327361657	28.530772308459284	9.356868727623048E-5
30.0	21.32013526242997	23.32649896230393	23.094613558876155	32.25868670675139	6.550963855010137E-5
31.0	24.43931184019946	23.873416014208846	26.229204610713907	25.45790373499763	1.6379988016400768E-4
32.0	23.89434105626364	23.568281402176346	26.356200043795425	26.181093239785756	8.425797883271055E-5
33.0	26.826881778794437	21.768099776005005	23.722563727159866	27.682173723249825	2.809947908717343E-4
34.0	20.677551449320433	25.045027251171557	23.809799229103277	30.46251319344041	0.005108876964322181
35.0	20.445240985398595	26.373029849413456	23.114152155116106	30.067323347906537	2.5366216530627804E-4
36.0	19.192250366373568	26.1469659499673	25.37298286370903	29.28767781229562	1.2300765448247463E-4
37.0	20.90950245940887	25.022780365356432	27.829495494711182	26.237399459268612	8.222212549030988E-4
38.0	25.231631837517277	26.885221361475992	26.874003969837336	21.007994325995117	0.0011485051742834702
39.0	18.658525449507618	29.839598128551415	32.52681432635718	18.968656864267796	0.006405231315986112
