# Position (bp)	A	C	G	T	N
0.0	19.175673539464402	30.52534790735476	29.723694875269715	20.571412687945514	0.0038709899656095793
1.0	20.76037497785265	25.236944660020498	24.981698061759513	29.0206412439827	3.410563846352052E-4
2.0	24.570656906997165	26.879540419700575	24.445148157451406	24.103818927708495	8.355881423562529E-4
3.0	27.080951267646896	24.801978399875992	24.812073668861192	23.304979610796686	1.705281923176026E-5
4.0	28.021243720086158	22.58076343084306	25.063602752529658	24.33413430425265	2.5579228847640397E-4
5.0	28.284829146951473	23.302063578708054	23.591620449263342	24.81979859597318	0.001688229103944266
6.0	26.548681620965965	22.201866840332578	20.20953481102833	31.039916727673127	0.0
7.0	25.357303458158263	24.65324371053658	21.952315883694997	28.037136947610158	0.0
8.0	24.580735123163134	24.84467865923232	21.9793787078158	28.59519045696951	1.705281923176026E-5
9.0	30.229140437299083	21.95234998933346	21.918670671350736	25.899804796378255	3.410563846352052E-5
10.0	27.329666636142118	24.55200112275762	24.161730301819553	23.95653372800378	6.821127692704105E-5
11.0	25.520243145917732	24.773909459420516	23.562767079123205	26.142943892984693	1.364225538540821E-4
12.0	26.040848664244145	24.31844571055943	22.987609592074396	26.652567395725846	5.286373961845681E-4
13.0	26.570765021871097	23.83472544023132	22.755605986426296	26.837743959763532	0.0011595917077596978
14.0	26.419523568104612	24.009414520441467	23.10401213615039	26.465191018007268	0.0018587572962618685
15.0	26.462206774641707	24.100237835669823	23.11096968639695	26.32003742070652	0.0065482825849959405
16.0	26.655756272922186	24.034857326735256	22.982749538593346	26.31616643074091	0.010470431008300802
17.0	26.758022029855056	23.988865873267198	22.912099708516163	26.324454100887547	0.016558287474039216
18.0	26.60115314574209	24.149571641707308	22.91353214533163	26.322493026675897	0.013250040543077725
19.0	26.726047993795504	24.083065646703442	22.923115829739878	26.258033369979845	0.00973715978133511
20.0	26.663276566203393	24.22787818761955	22.862339581997883	26.241833191709667	0.004672472469502312
21.0	26.84173431946376	24.074368708895243	22.88031325346816	26.20239002082661	0.0011936973462232184
22.0	26.797055933076553	24.068383169344898	22.755367246957054	26.378989016790715	2.0463383078112314E-4
23.0	26.81707594285464	24.066524412048633	22.877465432656454	26.23855905041717	3.7516202309872574E-4
24.0	26.829370197429466	24.262468244349296	22.865807957377296	26.04218306637014	1.705344737996803E-4
25.0	27.078539703026287	24.14778831874296	22.730181230775738	26.04326904382978	2.2170362522946327E-4
26.0	27.419415081085052	23.672449364371694	22.676493256229183	26.231625243395012	1.705491905650141E-5
27.0	27.32431509571246	23.745770569130705	23.33317187103984	25.59652073772804	2.2172638895379595E-4
28.0	26.428433755490172	24.982047673873183	24.012570892499255	24.576589484456953	3.581936804400665E-4
29.0	24.226720327327072	25.747427916587274	23.857870098465252	26.167811075264176	1.7058235622338167E-4
30.0	25.18205157819547	23.733571854949695	20.90635370883655	30.177596357893655	4.265001246233364E-4
31.0	27.4189615856119	23.919412450701294	23.970462151645936	24.690788446592748	3.753654481223623E-4
32.0	27.286794455469877	23.53942448964965	24.15204967757018	25.020878162653432	8.532146568626614E-4
33.0	31.66842631477801	22.62733383784544	22.549489463104226	23.153879947282242	8.704369900903308E-4
34.0	24.561224695364402	23.49553362746072	21.274229913103692	30.668397149142802	6.146149283819955E-4
35.0	24.305699810515232	25.813371438868636	20.525373571192024	29.354563560145724	9.916192783781348E-4
36.0	23.97476595573504	25.720922348773318	20.825117559345248	29.47843774056388	7.563955825122717E-4
37.0	26.602201904732407	24.878451100125325	21.575857951348063	26.9431195140226	3.6952977160596587E-4
38.0	28.716513975741425	25.2606135913871	20.074933092926972	25.94588841295203	0.0020509269924799934
39.0	21.21644699663882	29.81813082740048	26.219208470301027	22.744126811410478	0.0020868942491967745
