#Coverage	Number of genomic locations
0.0	2.578976678E9
1.0	7.4390081E7
2.0	2.9051366E7
3.0	1.474554E7
4.0	8431334.0
5.0	5215769.0
6.0	3413636.0
7.0	2350274.0
8.0	1691108.0
9.0	1257187.0
10.0	963777.0
11.0	757559.0
12.0	605911.0
13.0	489443.0
14.0	400929.0
15.0	331907.0
16.0	278638.0
17.0	235910.0
18.0	200752.0
19.0	171861.0
20.0	147784.0
21.0	128521.0
22.0	113123.0
23.0	98984.0
24.0	87371.0
25.0	77301.0
26.0	69384.0
27.0	61654.0
28.0	54762.0
29.0	49238.0
30.0	44495.0
31.0	40297.0
32.0	36512.0
33.0	33527.0
34.0	31003.0
35.0	28133.0
36.0	25501.0
37.0	23570.0
38.0	21799.0
39.0	19988.0
40.0	18296.0
41.0	16728.0
42.0	15714.0
43.0	14640.0
44.0	13940.0
45.0	12818.0
46.0	11920.0
47.0	11050.0
48.0	10648.0
49.0	9608.0
50.0	9163.0
51.0	8366.0
52.0	7823.0
53.0	7460.0
54.0	7028.0
55.0	6623.0
56.0	6207.0
57.0	6044.0
58.0	5533.0
59.0	5131.0
60.0	4947.0
61.0	4528.0
62.0	4379.0
63.0	4168.0
64.0	4109.0
65.0	3946.0
66.0	3692.0
67.0	3536.0
68.0	3409.0
69.0	3232.0
70.0	2998.0
71.0	3003.0
72.0	2923.0
73.0	2869.0
74.0	2683.0
75.0	2514.0
76.0	2461.0
77.0	2381.0
78.0	2246.0
79.0	2311.0
80.0	2232.0
81.0	1980.0
82.0	2029.0
83.0	1986.0
84.0	1979.0
85.0	1865.0
86.0	1768.0
87.0	1796.0
88.0	1750.0
89.0	1672.0
90.0	1702.0
91.0	1570.0
92.0	1508.0
93.0	1537.0
94.0	1587.0
95.0	1520.0
96.0	1508.0
97.0	1540.0
98.0	1413.0
99.0	1379.0
100.0	1244.0
101.0	1250.0
102.0	1170.0
103.0	1200.0
104.0	1224.0
105.0	1279.0
106.0	1164.0
107.0	1168.0
108.0	1081.0
109.0	1130.0
110.0	1127.0
111.0	1062.0
112.0	1091.0
113.0	1051.0
114.0	1058.0
115.0	1041.0
116.0	943.0
117.0	953.0
118.0	996.0
119.0	954.0
120.0	887.0
121.0	904.0
122.0	876.0
123.0	874.0
124.0	878.0
125.0	831.0
126.0	866.0
127.0	820.0
128.0	805.0
129.0	828.0
130.0	808.0
131.0	778.0
132.0	778.0
133.0	700.0
134.0	763.0
135.0	758.0
136.0	721.0
137.0	701.0
138.0	678.0
139.0	602.0
140.0	583.0
141.0	541.0
142.0	542.0
143.0	565.0
144.0	540.0
145.0	542.0
146.0	493.0
147.0	513.0
148.0	513.0
149.0	523.0
150.0	454.0
151.0	475.0
152.0	458.0
153.0	487.0
154.0	436.0
155.0	409.0
156.0	436.0
157.0	407.0
158.0	394.0
159.0	408.0
160.0	422.0
161.0	387.0
162.0	374.0
163.0	421.0
164.0	373.0
165.0	382.0
166.0	379.0
167.0	350.0
168.0	345.0
169.0	345.0
170.0	335.0
171.0	303.0
172.0	340.0
173.0	351.0
174.0	331.0
175.0	292.0
176.0	311.0
177.0	309.0
178.0	253.0
179.0	272.0
180.0	252.0
181.0	262.0
182.0	264.0
183.0	232.0
184.0	266.0
185.0	254.0
186.0	272.0
187.0	273.0
188.0	230.0
189.0	228.0
190.0	214.0
191.0	226.0
192.0	203.0
193.0	228.0
194.0	185.0
195.0	190.0
196.0	185.0
197.0	191.0
198.0	159.0
199.0	150.0
200.0	170.0
201.0	161.0
202.0	148.0
203.0	155.0
204.0	150.0
205.0	150.0
206.0	136.0
207.0	130.0
208.0	121.0
209.0	127.0
210.0	106.0
211.0	112.0
212.0	126.0
213.0	86.0
214.0	124.0
215.0	93.0
216.0	85.0
217.0	86.0
218.0	85.0
219.0	65.0
220.0	72.0
221.0	74.0
222.0	50.0
223.0	64.0
224.0	56.0
225.0	75.0
226.0	78.0
227.0	63.0
228.0	67.0
229.0	62.0
230.0	77.0
231.0	64.0
232.0	57.0
233.0	60.0
234.0	71.0
235.0	67.0
236.0	60.0
237.0	69.0
238.0	42.0
239.0	51.0
240.0	54.0
241.0	47.0
242.0	41.0
243.0	40.0
244.0	38.0
245.0	58.0
246.0	48.0
247.0	49.0
248.0	56.0
249.0	50.0
250.0	43.0
251.0	33.0
252.0	36.0
253.0	38.0
254.0	33.0
255.0	31.0
256.0	47.0
257.0	37.0
258.0	26.0
259.0	36.0
260.0	33.0
261.0	30.0
262.0	27.0
263.0	26.0
264.0	28.0
265.0	31.0
266.0	29.0
267.0	32.0
268.0	31.0
269.0	35.0
270.0	23.0
271.0	25.0
272.0	23.0
273.0	22.0
274.0	27.0
275.0	33.0
276.0	30.0
277.0	21.0
278.0	26.0
279.0	25.0
280.0	24.0
281.0	29.0
282.0	24.0
283.0	25.0
284.0	23.0
285.0	35.0
286.0	19.0
287.0	38.0
288.0	28.0
289.0	26.0
290.0	42.0
291.0	33.0
292.0	17.0
293.0	33.0
294.0	19.0
295.0	25.0
296.0	31.0
297.0	32.0
298.0	24.0
299.0	35.0
300.0	35.0
301.0	32.0
302.0	51.0
303.0	29.0
304.0	28.0
305.0	17.0
306.0	25.0
307.0	25.0
308.0	33.0
309.0	33.0
310.0	19.0
311.0	27.0
312.0	29.0
313.0	20.0
314.0	22.0
315.0	18.0
316.0	24.0
317.0	17.0
318.0	19.0
319.0	18.0
320.0	18.0
321.0	16.0
322.0	20.0
323.0	17.0
324.0	22.0
325.0	24.0
326.0	15.0
327.0	13.0
328.0	23.0
329.0	25.0
330.0	27.0
331.0	34.0
332.0	20.0
333.0	19.0
334.0	18.0
335.0	29.0
336.0	19.0
337.0	63.0
338.0	45.0
339.0	18.0
340.0	27.0
341.0	28.0
342.0	14.0
343.0	24.0
344.0	20.0
345.0	26.0
346.0	24.0
347.0	19.0
348.0	12.0
349.0	20.0
350.0	15.0
351.0	30.0
352.0	18.0
353.0	24.0
354.0	27.0
355.0	21.0
356.0	20.0
357.0	15.0
358.0	24.0
359.0	18.0
360.0	17.0
361.0	18.0
362.0	14.0
363.0	14.0
364.0	19.0
365.0	20.0
366.0	15.0
367.0	15.0
368.0	16.0
369.0	19.0
370.0	10.0
371.0	15.0
372.0	18.0
373.0	13.0
374.0	15.0
375.0	14.0
376.0	15.0
377.0	14.0
378.0	13.0
379.0	7.0
380.0	14.0
381.0	20.0
382.0	15.0
383.0	16.0
384.0	18.0
385.0	13.0
386.0	12.0
387.0	13.0
388.0	6.0
389.0	11.0
390.0	8.0
391.0	7.0
392.0	10.0
393.0	9.0
394.0	8.0
395.0	12.0
396.0	13.0
397.0	13.0
398.0	10.0
399.0	7.0
400.0	12.0
401.0	12.0
402.0	9.0
403.0	19.0
404.0	18.0
405.0	13.0
406.0	12.0
407.0	11.0
408.0	16.0
409.0	7.0
410.0	14.0
411.0	12.0
412.0	12.0
413.0	12.0
414.0	15.0
415.0	10.0
416.0	5.0
417.0	20.0
418.0	9.0
419.0	14.0
420.0	12.0
421.0	9.0
422.0	9.0
423.0	15.0
424.0	10.0
425.0	9.0
426.0	9.0
427.0	9.0
428.0	9.0
429.0	10.0
430.0	10.0
431.0	12.0
432.0	9.0
433.0	15.0
434.0	9.0
435.0	14.0
436.0	12.0
437.0	12.0
438.0	7.0
439.0	8.0
440.0	12.0
441.0	10.0
442.0	17.0
443.0	5.0
444.0	12.0
445.0	13.0
446.0	8.0
447.0	11.0
448.0	10.0
449.0	11.0
450.0	16.0
451.0	9.0
452.0	14.0
453.0	15.0
454.0	8.0
455.0	10.0
456.0	10.0
457.0	14.0
458.0	13.0
459.0	9.0
460.0	7.0
461.0	4.0
462.0	10.0
463.0	18.0
464.0	8.0
465.0	10.0
466.0	11.0
467.0	18.0
468.0	8.0
469.0	21.0
470.0	21.0
471.0	8.0
472.0	5.0
473.0	7.0
474.0	9.0
475.0	13.0
476.0	10.0
477.0	13.0
478.0	9.0
479.0	11.0
480.0	5.0
481.0	7.0
482.0	12.0
483.0	5.0
484.0	16.0
485.0	15.0
486.0	13.0
487.0	22.0
488.0	12.0
489.0	14.0
490.0	6.0
491.0	10.0
492.0	10.0
493.0	7.0
494.0	9.0
495.0	4.0
496.0	11.0
497.0	15.0
498.0	8.0
499.0	3.0
500.0	9.0
501.0	7.0
502.0	3.0
503.0	8.0
504.0	7.0
505.0	4.0
506.0	6.0
507.0	8.0
508.0	13.0
509.0	6.0
510.0	5.0
511.0	5.0
512.0	8.0
513.0	11.0
514.0	6.0
515.0	14.0
516.0	11.0
517.0	9.0
518.0	10.0
519.0	15.0
520.0	5.0
521.0	6.0
522.0	13.0
523.0	8.0
524.0	10.0
525.0	3.0
526.0	6.0
527.0	6.0
528.0	10.0
529.0	9.0
530.0	5.0
531.0	8.0
533.0	4.0
534.0	8.0
535.0	8.0
536.0	7.0
537.0	10.0
538.0	6.0
539.0	8.0
540.0	11.0
541.0	11.0
542.0	7.0
543.0	10.0
544.0	7.0
545.0	10.0
546.0	13.0
547.0	10.0
548.0	6.0
549.0	8.0
550.0	10.0
551.0	7.0
552.0	6.0
553.0	6.0
554.0	8.0
555.0	4.0
556.0	6.0
557.0	4.0
558.0	6.0
559.0	8.0
560.0	7.0
561.0	14.0
562.0	9.0
563.0	7.0
564.0	6.0
565.0	13.0
566.0	25.0
567.0	12.0
568.0	10.0
569.0	13.0
570.0	9.0
571.0	10.0
572.0	12.0
573.0	14.0
574.0	7.0
575.0	5.0
576.0	9.0
577.0	6.0
578.0	5.0
579.0	8.0
580.0	8.0
581.0	4.0
582.0	8.0
583.0	3.0
584.0	6.0
585.0	8.0
586.0	4.0
587.0	5.0
588.0	8.0
589.0	8.0
590.0	6.0
591.0	4.0
592.0	2.0
593.0	6.0
594.0	5.0
595.0	6.0
596.0	10.0
597.0	3.0
598.0	3.0
599.0	5.0
600.0	4.0
601.0	2.0
602.0	5.0
603.0	6.0
604.0	3.0
605.0	5.0
606.0	6.0
607.0	6.0
608.0	2.0
609.0	6.0
610.0	5.0
611.0	8.0
612.0	7.0
613.0	4.0
614.0	4.0
615.0	10.0
616.0	8.0
617.0	3.0
618.0	2.0
619.0	8.0
620.0	5.0
621.0	9.0
622.0	3.0
623.0	7.0
624.0	12.0
625.0	6.0
626.0	8.0
627.0	8.0
628.0	8.0
629.0	3.0
630.0	8.0
631.0	9.0
632.0	10.0
633.0	11.0
634.0	7.0
635.0	9.0
636.0	17.0
637.0	7.0
638.0	7.0
639.0	7.0
640.0	6.0
641.0	4.0
642.0	8.0
643.0	12.0
644.0	11.0
645.0	9.0
646.0	13.0
647.0	12.0
648.0	8.0
649.0	12.0
650.0	8.0
651.0	10.0
652.0	6.0
653.0	4.0
654.0	3.0
655.0	8.0
656.0	7.0
657.0	9.0
658.0	7.0
659.0	5.0
660.0	1.0
661.0	8.0
662.0	7.0
663.0	10.0
664.0	4.0
665.0	1.0
666.0	2.0
667.0	5.0
668.0	6.0
669.0	4.0
670.0	5.0
671.0	6.0
672.0	3.0
673.0	8.0
674.0	8.0
675.0	5.0
676.0	4.0
677.0	1.0
678.0	2.0
679.0	4.0
680.0	2.0
681.0	4.0
682.0	5.0
683.0	4.0
684.0	8.0
685.0	2.0
686.0	4.0
687.0	5.0
688.0	7.0
690.0	4.0
691.0	3.0
692.0	7.0
693.0	7.0
694.0	6.0
695.0	5.0
696.0	4.0
697.0	6.0
698.0	3.0
700.0	1.0
701.0	3.0
702.0	2.0
703.0	3.0
704.0	5.0
705.0	5.0
706.0	6.0
707.0	10.0
708.0	7.0
709.0	4.0
710.0	4.0
711.0	5.0
712.0	14.0
713.0	13.0
714.0	4.0
715.0	2.0
716.0	6.0
717.0	9.0
718.0	3.0
719.0	6.0
720.0	5.0
721.0	5.0
722.0	3.0
723.0	3.0
724.0	3.0
725.0	2.0
726.0	4.0
727.0	5.0
728.0	4.0
729.0	5.0
730.0	7.0
731.0	6.0
732.0	3.0
733.0	5.0
734.0	1.0
735.0	5.0
736.0	5.0
737.0	2.0
739.0	4.0
740.0	5.0
741.0	1.0
742.0	1.0
743.0	5.0
744.0	8.0
745.0	14.0
746.0	4.0
747.0	4.0
748.0	5.0
749.0	3.0
750.0	8.0
751.0	6.0
752.0	6.0
753.0	8.0
754.0	6.0
755.0	7.0
756.0	5.0
757.0	4.0
758.0	1.0
759.0	6.0
760.0	4.0
761.0	1.0
762.0	7.0
763.0	1.0
764.0	3.0
765.0	5.0
766.0	10.0
767.0	2.0
768.0	7.0
769.0	2.0
770.0	3.0
771.0	2.0
772.0	1.0
773.0	4.0
774.0	4.0
775.0	3.0
776.0	5.0
777.0	4.0
778.0	2.0
779.0	3.0
780.0	4.0
781.0	7.0
782.0	4.0
783.0	4.0
784.0	3.0
785.0	5.0
786.0	9.0
787.0	4.0
788.0	3.0
789.0	2.0
790.0	3.0
791.0	4.0
792.0	5.0
793.0	5.0
794.0	4.0
795.0	4.0
796.0	1.0
797.0	2.0
798.0	3.0
799.0	4.0
800.0	4.0
801.0	4.0
802.0	1.0
803.0	5.0
804.0	3.0
805.0	2.0
806.0	7.0
807.0	5.0
808.0	6.0
809.0	6.0
810.0	8.0
811.0	5.0
812.0	9.0
813.0	6.0
814.0	5.0
815.0	5.0
816.0	4.0
817.0	3.0
818.0	4.0
819.0	5.0
820.0	3.0
821.0	5.0
822.0	8.0
823.0	4.0
824.0	7.0
825.0	7.0
826.0	3.0
827.0	8.0
828.0	4.0
829.0	6.0
830.0	2.0
831.0	4.0
832.0	6.0
833.0	2.0
834.0	5.0
835.0	3.0
836.0	5.0
837.0	7.0
838.0	7.0
839.0	6.0
840.0	8.0
841.0	4.0
842.0	4.0
843.0	5.0
844.0	4.0
845.0	6.0
846.0	4.0
847.0	5.0
848.0	10.0
849.0	7.0
850.0	2.0
851.0	7.0
852.0	7.0
853.0	4.0
854.0	3.0
855.0	5.0
856.0	3.0
857.0	5.0
858.0	3.0
859.0	6.0
860.0	5.0
861.0	5.0
862.0	6.0
863.0	5.0
864.0	3.0
865.0	3.0
866.0	6.0
867.0	1.0
868.0	4.0
869.0	3.0
870.0	6.0
871.0	3.0
872.0	7.0
873.0	7.0
874.0	10.0
875.0	7.0
876.0	2.0
877.0	5.0
878.0	5.0
879.0	1.0
880.0	6.0
881.0	1.0
882.0	3.0
883.0	1.0
884.0	1.0
885.0	4.0
886.0	6.0
887.0	9.0
888.0	2.0
889.0	5.0
890.0	3.0
891.0	4.0
892.0	1.0
893.0	1.0
894.0	4.0
895.0	2.0
896.0	4.0
897.0	2.0
898.0	3.0
899.0	4.0
900.0	6.0
901.0	5.0
902.0	3.0
903.0	4.0
904.0	2.0
905.0	3.0
906.0	4.0
907.0	3.0
908.0	2.0
909.0	2.0
910.0	5.0
911.0	4.0
912.0	5.0
913.0	3.0
914.0	2.0
915.0	5.0
916.0	10.0
917.0	2.0
919.0	4.0
920.0	6.0
921.0	5.0
922.0	2.0
923.0	5.0
924.0	7.0
925.0	5.0
926.0	3.0
927.0	3.0
928.0	3.0
929.0	2.0
930.0	1.0
931.0	3.0
932.0	6.0
933.0	3.0
934.0	2.0
935.0	4.0
936.0	3.0
937.0	5.0
938.0	5.0
939.0	7.0
940.0	1.0
941.0	2.0
942.0	3.0
943.0	10.0
944.0	7.0
945.0	3.0
946.0	4.0
947.0	4.0
948.0	5.0
949.0	4.0
950.0	1.0
951.0	6.0
952.0	2.0
953.0	5.0
954.0	3.0
955.0	6.0
956.0	4.0
957.0	5.0
958.0	2.0
959.0	5.0
960.0	5.0
961.0	1.0
962.0	6.0
963.0	3.0
964.0	3.0
965.0	2.0
966.0	2.0
967.0	1.0
968.0	2.0
969.0	3.0
971.0	2.0
972.0	5.0
973.0	4.0
974.0	4.0
975.0	4.0
976.0	3.0
977.0	2.0
978.0	1.0
979.0	1.0
980.0	1.0
981.0	3.0
982.0	2.0
983.0	3.0
984.0	4.0
985.0	2.0
986.0	2.0
987.0	4.0
988.0	7.0
989.0	3.0
990.0	8.0
991.0	3.0
992.0	5.0
993.0	3.0
994.0	3.0
995.0	3.0
997.0	2.0
998.0	2.0
999.0	1.0
1000.0	3.0
1002.0	1.0
1003.0	2.0
1004.0	3.0
1005.0	2.0
1006.0	2.0
1007.0	1.0
1008.0	3.0
1009.0	4.0
1010.0	1.0
1011.0	3.0
1012.0	2.0
1013.0	1.0
1015.0	1.0
1017.0	4.0
1018.0	3.0
1019.0	4.0
1020.0	2.0
1021.0	2.0
1022.0	5.0
1023.0	4.0
1024.0	3.0
1025.0	2.0
1026.0	1.0
1027.0	2.0
1028.0	3.0
1029.0	3.0
1030.0	3.0
1031.0	4.0
1032.0	3.0
1033.0	4.0
1034.0	3.0
1035.0	4.0
1036.0	2.0
1037.0	2.0
1038.0	2.0
1039.0	2.0
1040.0	1.0
1041.0	3.0
1042.0	2.0
1043.0	4.0
1044.0	3.0
1045.0	3.0
1046.0	5.0
1047.0	2.0
1048.0	2.0
1049.0	6.0
1050.0	2.0
1052.0	1.0
1053.0	4.0
1054.0	2.0
1055.0	1.0
1056.0	4.0
1057.0	3.0
1058.0	6.0
1059.0	2.0
1060.0	3.0
1061.0	1.0
1062.0	3.0
1063.0	3.0
1064.0	2.0
1065.0	2.0
1066.0	3.0
1067.0	3.0
1068.0	1.0
1069.0	6.0
1071.0	2.0
1072.0	3.0
1073.0	2.0
1074.0	1.0
1075.0	2.0
1076.0	1.0
1078.0	2.0
1079.0	1.0
1080.0	3.0
1081.0	4.0
1082.0	1.0
1083.0	1.0
1084.0	7.0
1085.0	3.0
1086.0	3.0
1087.0	2.0
1088.0	4.0
1089.0	3.0
1090.0	3.0
1091.0	2.0
1092.0	4.0
1093.0	2.0
1094.0	7.0
1095.0	2.0
1096.0	4.0
1097.0	6.0
1098.0	4.0
1099.0	5.0
1101.0	5.0
1102.0	3.0
1103.0	4.0
1105.0	2.0
1106.0	3.0
1107.0	3.0
1108.0	4.0
1109.0	1.0
1110.0	6.0
1112.0	5.0
1113.0	1.0
1115.0	1.0
1117.0	3.0
1118.0	4.0
1119.0	2.0
1122.0	2.0
1123.0	4.0
1124.0	3.0
1125.0	1.0
1126.0	3.0
1127.0	2.0
1128.0	2.0
1129.0	2.0
1130.0	1.0
1131.0	5.0
1132.0	9.0
1133.0	2.0
1135.0	3.0
1136.0	3.0
1137.0	5.0
1138.0	4.0
1139.0	1.0
1141.0	1.0
1142.0	6.0
1143.0	2.0
1144.0	1.0
1145.0	2.0
1146.0	4.0
1147.0	7.0
1148.0	5.0
1149.0	2.0
1150.0	4.0
1151.0	3.0
1152.0	2.0
1153.0	2.0
1154.0	1.0
1155.0	3.0
1156.0	1.0
1157.0	1.0
1159.0	1.0
1160.0	1.0
1161.0	2.0
1162.0	1.0
1163.0	2.0
1165.0	1.0
1168.0	2.0
1169.0	4.0
1170.0	2.0
1171.0	3.0
1172.0	3.0
1173.0	1.0
1174.0	1.0
1175.0	1.0
1176.0	3.0
1177.0	2.0
1178.0	2.0
1179.0	1.0
1180.0	2.0
1181.0	2.0
1183.0	3.0
1184.0	3.0
1185.0	2.0
1186.0	1.0
1187.0	2.0
1188.0	1.0
1189.0	2.0
1190.0	1.0
1191.0	2.0
1192.0	1.0
1194.0	1.0
1195.0	2.0
1196.0	2.0
1198.0	3.0
1199.0	1.0
1200.0	2.0
1201.0	2.0
1202.0	1.0
1204.0	3.0
1205.0	1.0
1207.0	3.0
1208.0	4.0
1209.0	1.0
1210.0	4.0
1211.0	1.0
1212.0	1.0
1214.0	2.0
1215.0	4.0
1216.0	5.0
1217.0	2.0
1219.0	1.0
1220.0	1.0
1221.0	1.0
1222.0	2.0
1224.0	4.0
1225.0	3.0
1226.0	2.0
1227.0	3.0
1229.0	1.0
1230.0	1.0
1231.0	4.0
1232.0	1.0
1233.0	1.0
1234.0	4.0
1236.0	2.0
1237.0	1.0
1238.0	3.0
1239.0	1.0
1240.0	1.0
1241.0	2.0
1242.0	1.0
1243.0	1.0
1245.0	3.0
1246.0	1.0
1249.0	2.0
1250.0	2.0
1251.0	2.0
1252.0	3.0
1253.0	3.0
1255.0	1.0
1256.0	2.0
1257.0	2.0
1258.0	1.0
1259.0	5.0
1260.0	2.0
1261.0	1.0
1262.0	3.0
1264.0	6.0
1265.0	1.0
1266.0	1.0
1267.0	2.0
1268.0	4.0
1269.0	3.0
1270.0	1.0
1271.0	2.0
1272.0	3.0
1273.0	3.0
1274.0	5.0
1275.0	2.0
1276.0	4.0
1279.0	4.0
1280.0	2.0
1282.0	1.0
1283.0	1.0
1284.0	5.0
1286.0	1.0
1288.0	2.0
1290.0	1.0
1291.0	2.0
1293.0	3.0
1295.0	3.0
1296.0	1.0
1300.0	1.0
1301.0	1.0
1302.0	2.0
1303.0	1.0
1306.0	2.0
1308.0	2.0
1309.0	2.0
1310.0	3.0
1311.0	3.0
1312.0	2.0
1313.0	2.0
1315.0	2.0
1316.0	2.0
1317.0	1.0
1318.0	1.0
1319.0	1.0
1320.0	3.0
1322.0	7.0
1323.0	1.0
1324.0	1.0
1325.0	2.0
1328.0	2.0
1329.0	1.0
1331.0	2.0
1332.0	2.0
1334.0	4.0
1335.0	2.0
1336.0	1.0
1337.0	2.0
1338.0	3.0
1340.0	2.0
1341.0	2.0
1342.0	1.0
1343.0	3.0
1344.0	2.0
1345.0	1.0
1346.0	7.0
1347.0	2.0
1348.0	4.0
1349.0	1.0
1350.0	3.0
1351.0	2.0
1352.0	3.0
1353.0	2.0
1354.0	2.0
1355.0	2.0
1356.0	2.0
1357.0	6.0
1358.0	5.0
1359.0	2.0
1360.0	8.0
1361.0	6.0
1362.0	8.0
1363.0	2.0
1364.0	5.0
1365.0	1.0
1366.0	1.0
1367.0	2.0
1368.0	3.0
1369.0	3.0
1370.0	2.0
1372.0	4.0
1374.0	3.0
1375.0	3.0
1376.0	1.0
1378.0	3.0
1379.0	3.0
1380.0	1.0
1381.0	2.0
1382.0	3.0
1383.0	3.0
1384.0	2.0
1385.0	2.0
1386.0	1.0
1388.0	1.0
1389.0	3.0
1390.0	5.0
1392.0	2.0
1394.0	1.0
1395.0	3.0
1396.0	1.0
1398.0	5.0
1399.0	5.0
1400.0	2.0
1401.0	6.0
1402.0	2.0
1403.0	1.0
1407.0	1.0
1409.0	3.0
1411.0	2.0
1412.0	1.0
1413.0	3.0
1415.0	5.0
1416.0	3.0
1417.0	4.0
1418.0	2.0
1419.0	1.0
1420.0	3.0
1421.0	1.0
1422.0	2.0
1423.0	1.0
1424.0	5.0
1425.0	3.0
1426.0	4.0
1427.0	3.0
1428.0	2.0
1429.0	2.0
1430.0	1.0
1431.0	2.0
1432.0	3.0
1433.0	3.0
1434.0	4.0
1435.0	3.0
1436.0	2.0
1437.0	3.0
1438.0	4.0
1440.0	2.0
1441.0	1.0
1442.0	2.0
1444.0	1.0
1447.0	1.0
1448.0	2.0
1449.0	2.0
1450.0	2.0
1453.0	3.0
1454.0	3.0
1456.0	1.0
1457.0	6.0
1458.0	2.0
1459.0	2.0
1461.0	1.0
1462.0	3.0
1464.0	2.0
1465.0	3.0
1466.0	3.0
1467.0	4.0
1468.0	1.0
1470.0	2.0
1471.0	2.0
1472.0	3.0
1474.0	1.0
1475.0	2.0
1476.0	2.0
1477.0	3.0
1478.0	1.0
1479.0	3.0
1480.0	5.0
1481.0	2.0
1482.0	1.0
1483.0	2.0
1484.0	1.0
1485.0	5.0
1487.0	1.0
1489.0	1.0
1490.0	1.0
1491.0	3.0
1492.0	1.0
1493.0	1.0
1494.0	3.0
1495.0	1.0
1496.0	5.0
1497.0	8.0
1498.0	5.0
1499.0	5.0
1500.0	5.0
1501.0	7.0
1502.0	3.0
1503.0	3.0
1504.0	2.0
1505.0	4.0
1506.0	9.0
1507.0	3.0
1508.0	3.0
1509.0	3.0
1511.0	2.0
1512.0	1.0
1513.0	1.0
1514.0	1.0
1515.0	1.0
1516.0	1.0
1517.0	4.0
1518.0	1.0
1519.0	2.0
1520.0	3.0
1521.0	2.0
1522.0	3.0
1523.0	2.0
1524.0	2.0
1525.0	2.0
1526.0	3.0
1528.0	1.0
1529.0	2.0
1531.0	1.0
1533.0	3.0
1536.0	1.0
1537.0	3.0
1538.0	2.0
1539.0	3.0
1540.0	1.0
1541.0	3.0
1542.0	1.0
1544.0	2.0
1545.0	4.0
1546.0	3.0
1547.0	1.0
1548.0	3.0
1549.0	2.0
1551.0	1.0
1552.0	4.0
1553.0	4.0
1555.0	2.0
1557.0	2.0
1559.0	6.0
1560.0	1.0
1561.0	1.0
1562.0	1.0
1563.0	1.0
1564.0	2.0
1565.0	1.0
1566.0	2.0
1567.0	2.0
1568.0	5.0
1569.0	2.0
1570.0	2.0
1571.0	3.0
1572.0	5.0
1573.0	3.0
1574.0	2.0
1575.0	1.0
1576.0	4.0
1577.0	3.0
1578.0	3.0
1579.0	2.0
1580.0	2.0
1581.0	1.0
1583.0	1.0
1584.0	2.0
1585.0	6.0
1586.0	4.0
1587.0	4.0
1588.0	1.0
1589.0	4.0
1590.0	1.0
1591.0	2.0
1592.0	2.0
1593.0	2.0
1594.0	5.0
1595.0	2.0
1596.0	1.0
1598.0	1.0
1599.0	2.0
1600.0	2.0
1602.0	1.0
1603.0	1.0
1604.0	1.0
1605.0	1.0
1606.0	2.0
1607.0	3.0
1608.0	1.0
1609.0	1.0
1610.0	1.0
1611.0	2.0
1613.0	2.0
1614.0	4.0
1615.0	2.0
1616.0	1.0
1617.0	2.0
1618.0	2.0
1619.0	1.0
1621.0	2.0
1622.0	2.0
1623.0	2.0
1624.0	5.0
1625.0	1.0
1626.0	1.0
1627.0	1.0
1628.0	1.0
1630.0	2.0
1631.0	5.0
1634.0	3.0
1635.0	4.0
1636.0	4.0
1637.0	2.0
1638.0	5.0
1639.0	4.0
1640.0	2.0
1641.0	1.0
1642.0	2.0
1643.0	2.0
1646.0	5.0
1647.0	2.0
1649.0	3.0
1650.0	2.0
1651.0	5.0
1652.0	4.0
1653.0	2.0
1654.0	2.0
1655.0	3.0
1656.0	3.0
1657.0	1.0
1658.0	1.0
1659.0	4.0
1660.0	2.0
1661.0	1.0
1662.0	6.0
1663.0	2.0
1664.0	1.0
1665.0	1.0
1666.0	1.0
1667.0	2.0
1668.0	1.0
1669.0	1.0
1670.0	1.0
1671.0	1.0
1672.0	1.0
1673.0	1.0
1674.0	1.0
1675.0	2.0
1676.0	1.0
1677.0	1.0
1678.0	1.0
1679.0	1.0
1680.0	3.0
1682.0	4.0
1683.0	2.0
1684.0	4.0
1685.0	1.0
1686.0	2.0
1687.0	3.0
1689.0	3.0
1690.0	1.0
1691.0	3.0
1692.0	1.0
1693.0	2.0
1694.0	2.0
1695.0	3.0
1697.0	1.0
1699.0	1.0
1700.0	1.0
1701.0	3.0
1702.0	1.0
1703.0	3.0
1704.0	4.0
1705.0	2.0
1706.0	3.0
1707.0	4.0
1708.0	3.0
1709.0	3.0
1711.0	2.0
1712.0	1.0
1714.0	3.0
1715.0	1.0
1716.0	2.0
1717.0	5.0
1718.0	5.0
1719.0	6.0
1720.0	3.0
1721.0	3.0
1722.0	1.0
1723.0	5.0
1724.0	1.0
1725.0	2.0
1726.0	1.0
1727.0	1.0
1729.0	1.0
1731.0	3.0
1732.0	3.0
1733.0	3.0
1734.0	3.0
1735.0	3.0
1736.0	4.0
1737.0	4.0
1738.0	2.0
1740.0	3.0
1741.0	4.0
1743.0	2.0
1744.0	1.0
1745.0	1.0
1747.0	4.0
1748.0	7.0
1749.0	2.0
1750.0	2.0
1751.0	2.0
1752.0	3.0
1753.0	4.0
1754.0	2.0
1755.0	2.0
1756.0	6.0
1757.0	4.0
1758.0	3.0
1760.0	3.0
1761.0	5.0
1762.0	6.0
1763.0	4.0
1764.0	1.0
1765.0	1.0
1766.0	6.0
1767.0	1.0
1768.0	5.0
1769.0	1.0
1770.0	4.0
1771.0	2.0
1772.0	5.0
1773.0	3.0
1774.0	1.0
1776.0	2.0
1777.0	3.0
1778.0	1.0
1779.0	2.0
1780.0	2.0
1783.0	2.0
1784.0	2.0
1786.0	4.0
1787.0	1.0
1788.0	4.0
1789.0	4.0
1790.0	2.0
1791.0	5.0
1793.0	1.0
1794.0	4.0
1795.0	1.0
1796.0	4.0
1797.0	2.0
1798.0	3.0
1799.0	4.0
1800.0	1.0
1801.0	3.0
1802.0	2.0
1803.0	2.0
1805.0	1.0
1806.0	1.0
1807.0	2.0
1808.0	1.0
1809.0	1.0
1810.0	3.0
1811.0	1.0
1813.0	3.0
1814.0	2.0
1815.0	3.0
1816.0	1.0
1817.0	3.0
1818.0	1.0
1820.0	2.0
1821.0	1.0
1822.0	1.0
1823.0	4.0
1824.0	4.0
1825.0	5.0
1826.0	1.0
1827.0	1.0
1828.0	3.0
1829.0	1.0
1831.0	1.0
1833.0	1.0
1834.0	1.0
1835.0	2.0
1836.0	2.0
1838.0	3.0
1839.0	2.0
1840.0	2.0
1841.0	4.0
1844.0	1.0
1845.0	2.0
1846.0	3.0
1847.0	2.0
1848.0	1.0
1850.0	2.0
1852.0	2.0
1853.0	1.0
1854.0	2.0
1855.0	2.0
1856.0	2.0
1857.0	1.0
1858.0	3.0
1859.0	2.0
1860.0	2.0
1861.0	2.0
1862.0	2.0
1863.0	3.0
1865.0	1.0
1867.0	2.0
1870.0	2.0
1871.0	1.0
1872.0	1.0
1873.0	1.0
1874.0	1.0
1875.0	1.0
1876.0	3.0
1877.0	2.0
1878.0	2.0
1880.0	1.0
1881.0	2.0
1882.0	1.0
1883.0	1.0
1885.0	2.0
1886.0	3.0
1888.0	2.0
1891.0	1.0
1892.0	1.0
1893.0	2.0
1894.0	1.0
1895.0	1.0
1897.0	1.0
1898.0	2.0
1899.0	1.0
1900.0	2.0
1901.0	2.0
1902.0	2.0
1903.0	1.0
1906.0	3.0
1908.0	2.0
1909.0	1.0
1911.0	3.0
1912.0	1.0
1913.0	1.0
1914.0	1.0
1915.0	1.0
1917.0	1.0
1919.0	5.0
1920.0	1.0
1922.0	2.0
1923.0	1.0
1926.0	1.0
1928.0	2.0
1929.0	3.0
1930.0	1.0
1932.0	1.0
1935.0	3.0
1937.0	3.0
1938.0	6.0
1939.0	1.0
1940.0	1.0
1941.0	3.0
1942.0	4.0
1943.0	1.0
1944.0	3.0
1945.0	2.0
1946.0	1.0
1948.0	3.0
1949.0	1.0
1950.0	1.0
1951.0	1.0
1952.0	3.0
1953.0	1.0
1955.0	1.0
1956.0	1.0
1959.0	1.0
1961.0	2.0
1962.0	1.0
1963.0	2.0
1964.0	2.0
1966.0	3.0
1967.0	1.0
1968.0	1.0
1969.0	2.0
1970.0	1.0
1971.0	1.0
1972.0	1.0
1975.0	1.0
1977.0	2.0
1978.0	1.0
1979.0	1.0
1982.0	1.0
1987.0	1.0
1988.0	1.0
1989.0	5.0
1991.0	2.0
1993.0	2.0
1994.0	4.0
1997.0	1.0
1998.0	1.0
1999.0	3.0
2000.0	1.0
2001.0	1.0
2003.0	3.0
2004.0	1.0
2006.0	1.0
2007.0	1.0
2009.0	2.0
2010.0	2.0
2012.0	1.0
2014.0	1.0
2016.0	2.0
2017.0	1.0
2018.0	1.0
2019.0	1.0
2020.0	1.0
2023.0	2.0
2024.0	2.0
2025.0	1.0
2027.0	4.0
2031.0	1.0
2032.0	2.0
2033.0	3.0
2034.0	1.0
2035.0	2.0
2036.0	3.0
2039.0	1.0
2040.0	3.0
2041.0	1.0
2042.0	2.0
2043.0	2.0
2045.0	1.0
2046.0	1.0
2047.0	2.0
2048.0	1.0
2049.0	1.0
2050.0	1.0
2051.0	1.0
2052.0	1.0
2053.0	1.0
2055.0	2.0
2057.0	3.0
2059.0	1.0
2060.0	2.0
2065.0	2.0
2074.0	1.0
2076.0	3.0
2077.0	4.0
2079.0	1.0
2080.0	2.0
2081.0	3.0
2082.0	1.0
2083.0	1.0
2085.0	1.0
2087.0	1.0
2088.0	2.0
2090.0	1.0
2091.0	2.0
2092.0	1.0
2093.0	1.0
2094.0	3.0
2095.0	2.0
2096.0	2.0
2097.0	1.0
2100.0	1.0
2101.0	2.0
2102.0	1.0
2103.0	1.0
2104.0	5.0
2105.0	1.0
2106.0	1.0
2107.0	1.0
2108.0	1.0
2109.0	3.0
2110.0	3.0
2111.0	1.0
2112.0	2.0
2113.0	1.0
2114.0	1.0
2115.0	2.0
2117.0	1.0
2118.0	1.0
2121.0	2.0
2123.0	2.0
2124.0	2.0
2125.0	1.0
2126.0	3.0
2127.0	2.0
2129.0	1.0
2130.0	1.0
2131.0	3.0
2132.0	2.0
2133.0	1.0
2135.0	1.0
2136.0	2.0
2137.0	2.0
2139.0	2.0
2140.0	1.0
2141.0	2.0
2142.0	2.0
2143.0	2.0
2144.0	1.0
2145.0	1.0
2146.0	2.0
2147.0	3.0
2148.0	1.0
2149.0	2.0
2150.0	1.0
2151.0	1.0
2152.0	1.0
2153.0	1.0
2154.0	1.0
2156.0	1.0
2158.0	2.0
2159.0	1.0
2160.0	1.0
2161.0	3.0
2165.0	1.0
2166.0	1.0
2167.0	2.0
2168.0	1.0
2171.0	1.0
2172.0	1.0
2175.0	1.0
2176.0	4.0
2180.0	1.0
2182.0	2.0
2183.0	2.0
2184.0	1.0
2189.0	2.0
2190.0	1.0
2192.0	1.0
2194.0	1.0
2195.0	2.0
2198.0	1.0
2199.0	2.0
2201.0	1.0
2205.0	2.0
2206.0	1.0
2209.0	2.0
2213.0	1.0
2214.0	2.0
2215.0	1.0
2216.0	2.0
2217.0	1.0
2218.0	3.0
2219.0	3.0
2220.0	2.0
2221.0	2.0
2222.0	2.0
2223.0	4.0
2224.0	1.0
2229.0	1.0
2230.0	2.0
2231.0	1.0
2234.0	1.0
2237.0	1.0
2242.0	1.0
2244.0	2.0
2245.0	3.0
2248.0	1.0
2249.0	1.0
2250.0	1.0
2251.0	1.0
2253.0	1.0
2254.0	1.0
2261.0	1.0
2263.0	3.0
2265.0	1.0
2266.0	2.0
2267.0	2.0
2268.0	1.0
2269.0	3.0
2271.0	1.0
2272.0	3.0
2273.0	1.0
2277.0	1.0
2278.0	1.0
2280.0	1.0
2281.0	1.0
2282.0	1.0
2283.0	1.0
2284.0	2.0
2287.0	3.0
2288.0	2.0
2289.0	1.0
2292.0	1.0
2296.0	2.0
2298.0	1.0
2299.0	1.0
2301.0	1.0
2302.0	1.0
2303.0	1.0
2304.0	1.0
2305.0	1.0
2306.0	1.0
2312.0	1.0
2313.0	1.0
2316.0	3.0
2317.0	1.0
2320.0	1.0
2321.0	1.0
2322.0	1.0
2326.0	1.0
2329.0	1.0
2330.0	1.0
2332.0	1.0
2333.0	1.0
2335.0	1.0
2348.0	1.0
2349.0	1.0
2352.0	1.0
2358.0	2.0
2360.0	2.0
2366.0	2.0
2367.0	1.0
2368.0	1.0
2372.0	1.0
2373.0	1.0
2379.0	2.0
2380.0	1.0
2382.0	1.0
2383.0	2.0
2388.0	1.0
2389.0	1.0
2390.0	2.0
2394.0	2.0
2395.0	2.0
2404.0	1.0
2405.0	2.0
2406.0	1.0
2407.0	1.0
2408.0	1.0
2409.0	1.0
2411.0	1.0
2412.0	1.0
2413.0	1.0
2420.0	1.0
2424.0	1.0
2425.0	1.0
2427.0	1.0
2435.0	1.0
2439.0	1.0
2440.0	1.0
2442.0	1.0
2444.0	1.0
2446.0	1.0
2449.0	1.0
2452.0	3.0
2454.0	1.0
2455.0	1.0
2456.0	3.0
2458.0	1.0
2460.0	1.0
2468.0	1.0
2469.0	1.0
2470.0	1.0
2471.0	1.0
2472.0	1.0
2475.0	1.0
2480.0	2.0
2483.0	1.0
2489.0	1.0
2490.0	1.0
2491.0	2.0
2495.0	2.0
2496.0	3.0
2498.0	1.0
2501.0	1.0
2502.0	1.0
2503.0	2.0
2505.0	1.0
2506.0	1.0
2509.0	1.0
2512.0	3.0
2514.0	2.0
2516.0	2.0
2517.0	1.0
2521.0	1.0
2522.0	1.0
2526.0	1.0
2527.0	1.0
2529.0	2.0
2535.0	1.0
2537.0	1.0
2538.0	2.0
2543.0	2.0
2545.0	2.0
2546.0	1.0
2551.0	2.0
2552.0	1.0
2553.0	1.0
2554.0	1.0
2560.0	1.0
2563.0	1.0
2568.0	1.0
2569.0	2.0
2576.0	1.0
2580.0	1.0
2582.0	1.0
2583.0	1.0
2586.0	1.0
2587.0	2.0
2588.0	2.0
2589.0	1.0
2590.0	1.0
2591.0	1.0
2593.0	1.0
2594.0	1.0
2595.0	1.0
2601.0	1.0
2610.0	1.0
2614.0	1.0
2617.0	1.0
2620.0	1.0
2621.0	1.0
2629.0	1.0
2631.0	1.0
2634.0	1.0
2637.0	1.0
2644.0	1.0
2645.0	1.0
2647.0	1.0
2650.0	1.0
2654.0	1.0
2657.0	1.0
2658.0	3.0
2660.0	1.0
2661.0	2.0
2663.0	1.0
2670.0	2.0
2676.0	1.0
2678.0	1.0
2680.0	1.0
2681.0	1.0
2682.0	1.0
2684.0	1.0
2686.0	1.0
2691.0	1.0
2695.0	1.0
2704.0	1.0
2708.0	1.0
2711.0	1.0
2730.0	1.0
2731.0	1.0
2732.0	1.0
2733.0	1.0
2740.0	2.0
2741.0	1.0
2742.0	1.0
2752.0	1.0
2753.0	1.0
2756.0	2.0
2763.0	1.0
2767.0	1.0
2768.0	1.0
2770.0	1.0
2771.0	1.0
2774.0	2.0
2777.0	3.0
2778.0	1.0
2779.0	1.0
2780.0	1.0
2784.0	1.0
2785.0	1.0
2787.0	1.0
2791.0	1.0
2792.0	1.0
2795.0	2.0
2799.0	1.0
2810.0	2.0
2815.0	1.0
2823.0	1.0
2824.0	1.0
2826.0	1.0
2829.0	1.0
2834.0	1.0
2836.0	1.0
2837.0	1.0
2844.0	1.0
2847.0	1.0
2849.0	1.0
2850.0	1.0
2854.0	1.0
2855.0	1.0
2857.0	1.0
2859.0	1.0
2862.0	2.0
2865.0	1.0
2876.0	1.0
2878.0	2.0
2880.0	1.0
2881.0	1.0
2885.0	1.0
2887.0	3.0
2891.0	3.0
2896.0	3.0
2898.0	1.0
2899.0	1.0
2900.0	1.0
2901.0	2.0
2905.0	1.0
2906.0	1.0
2908.0	1.0
2912.0	1.0
2913.0	1.0
2914.0	2.0
2915.0	2.0
2919.0	1.0
2920.0	1.0
2923.0	1.0
2926.0	1.0
2928.0	1.0
2929.0	2.0
2930.0	1.0
2933.0	2.0
2935.0	1.0
2936.0	1.0
2937.0	1.0
2945.0	1.0
2951.0	1.0
2953.0	2.0
2956.0	1.0
2958.0	1.0
2959.0	1.0
2966.0	1.0
2967.0	1.0
2971.0	1.0
2972.0	1.0
2974.0	1.0
2976.0	1.0
2983.0	1.0
2986.0	1.0
2988.0	1.0
2995.0	1.0
2998.0	1.0
3011.0	1.0
3013.0	1.0
3015.0	1.0
3017.0	1.0
3020.0	2.0
3021.0	1.0
3022.0	1.0
3023.0	1.0
3026.0	1.0
3029.0	1.0
3031.0	1.0
3034.0	1.0
3037.0	1.0
3040.0	1.0
3041.0	2.0
3042.0	1.0
3048.0	1.0
3049.0	1.0
3051.0	1.0
3054.0	1.0
3055.0	1.0
3057.0	2.0
3058.0	1.0
3059.0	1.0
3061.0	2.0
3066.0	1.0
3068.0	1.0
3074.0	1.0
3080.0	1.0
3082.0	1.0
3084.0	2.0
3085.0	1.0
3086.0	1.0
3087.0	1.0
3089.0	1.0
3090.0	1.0
3097.0	1.0
3098.0	1.0
3099.0	1.0
3100.0	1.0
3101.0	1.0
3104.0	1.0
3105.0	1.0
3106.0	2.0
3108.0	2.0
3110.0	1.0
3114.0	2.0
3115.0	1.0
3119.0	1.0
3120.0	1.0
3121.0	3.0
3123.0	1.0
3124.0	1.0
3125.0	1.0
3127.0	1.0
3129.0	1.0
3131.0	1.0
3132.0	1.0
3135.0	1.0
3136.0	1.0
3138.0	1.0
3139.0	1.0
3140.0	1.0
3142.0	2.0
3144.0	2.0
3146.0	1.0
3147.0	1.0
3148.0	1.0
3149.0	1.0
3150.0	1.0
3151.0	1.0
3152.0	1.0
3154.0	1.0
3157.0	1.0
3168.0	1.0
3169.0	2.0
3170.0	1.0
3171.0	1.0
3172.0	2.0
3173.0	1.0
3174.0	1.0
3180.0	2.0
3181.0	1.0
3182.0	1.0
3183.0	1.0
3184.0	1.0
3185.0	1.0
3187.0	1.0
3188.0	3.0
3189.0	2.0
3190.0	2.0
3192.0	2.0
3193.0	1.0
3196.0	1.0
3197.0	2.0
3199.0	1.0
3204.0	1.0
3205.0	1.0
3206.0	1.0
3207.0	1.0
3210.0	1.0
3211.0	1.0
3213.0	1.0
3214.0	2.0
3216.0	1.0
3218.0	1.0
3222.0	1.0
3223.0	2.0
3224.0	1.0
3225.0	1.0
3228.0	1.0
3231.0	1.0
3232.0	1.0
3234.0	1.0
3235.0	1.0
3240.0	1.0
3248.0	1.0
3249.0	2.0
3250.0	2.0
3251.0	1.0
3255.0	1.0
3257.0	1.0
3261.0	1.0
3262.0	2.0
3266.0	1.0
3267.0	1.0
3268.0	2.0
3269.0	1.0
3271.0	1.0
3272.0	1.0
3274.0	2.0
3276.0	1.0
3280.0	1.0
3281.0	1.0
3283.0	1.0
3285.0	2.0
3286.0	1.0
3287.0	2.0
3288.0	1.0
3291.0	1.0
3292.0	1.0
3301.0	1.0
3302.0	1.0
3303.0	1.0
3304.0	1.0
3305.0	1.0
3309.0	1.0
3312.0	1.0
3313.0	1.0
3316.0	1.0
3321.0	1.0
3322.0	1.0
3323.0	1.0
3324.0	2.0
3328.0	3.0
3332.0	1.0
3333.0	1.0
3340.0	1.0
3341.0	1.0
3342.0	1.0
3345.0	1.0
3353.0	1.0
3357.0	1.0
3358.0	1.0
3360.0	1.0
3363.0	1.0
3365.0	1.0
3367.0	1.0
3368.0	1.0
3373.0	1.0
3378.0	2.0
3382.0	1.0
3384.0	2.0
3387.0	1.0
3388.0	1.0
3392.0	1.0
3399.0	1.0
3405.0	1.0
3408.0	1.0
3415.0	1.0
3416.0	2.0
3417.0	1.0
3425.0	1.0
3427.0	1.0
3435.0	2.0
3438.0	1.0
3441.0	1.0
3444.0	2.0
3445.0	1.0
3447.0	1.0
3449.0	1.0
3450.0	2.0
3451.0	1.0
3453.0	1.0
3455.0	1.0
3456.0	1.0
3459.0	1.0
3460.0	1.0
3462.0	1.0
3463.0	1.0
3464.0	1.0
3465.0	2.0
3469.0	1.0
3474.0	1.0
3475.0	1.0
3478.0	2.0
3479.0	1.0
3484.0	1.0
3485.0	2.0
3486.0	1.0
3489.0	1.0
3493.0	1.0
3495.0	1.0
3497.0	1.0
3498.0	2.0
3500.0	3.0
3501.0	1.0
3506.0	2.0
3518.0	1.0
3519.0	2.0
3522.0	1.0
3524.0	1.0
3526.0	1.0
3527.0	3.0
3528.0	1.0
3530.0	3.0
3533.0	1.0
3535.0	1.0
3536.0	1.0
3537.0	1.0
3539.0	2.0
3542.0	1.0
3547.0	2.0
3551.0	1.0
3552.0	1.0
3553.0	1.0
3554.0	1.0
3558.0	1.0
3559.0	2.0
3563.0	2.0
3566.0	1.0
3567.0	2.0
3568.0	1.0
3573.0	1.0
3574.0	2.0
3575.0	1.0
3577.0	2.0
3578.0	1.0
3579.0	1.0
3580.0	1.0
3582.0	1.0
3583.0	1.0
3585.0	1.0
3588.0	1.0
3589.0	2.0
3590.0	1.0
3595.0	1.0
3600.0	2.0
3602.0	1.0
3603.0	2.0
3605.0	1.0
3606.0	1.0
3608.0	1.0
3611.0	2.0
3614.0	2.0
3615.0	1.0
3618.0	1.0
3620.0	1.0
3621.0	1.0
3622.0	1.0
3623.0	2.0
3625.0	1.0
3627.0	1.0
3630.0	1.0
3631.0	1.0
3633.0	3.0
3634.0	1.0
3636.0	1.0
3637.0	3.0
3638.0	1.0
3639.0	2.0
3640.0	1.0
3642.0	1.0
3645.0	1.0
3647.0	1.0
3648.0	1.0
3649.0	1.0
3651.0	1.0
3652.0	1.0
3655.0	1.0
3658.0	1.0
3660.0	1.0
3661.0	1.0
3662.0	4.0
3663.0	4.0
3664.0	2.0
3665.0	3.0
3666.0	3.0
3667.0	3.0
3668.0	2.0
3669.0	3.0
3670.0	2.0
3671.0	2.0
3672.0	3.0
3673.0	2.0
3674.0	1.0
3675.0	2.0
3676.0	2.0
3678.0	3.0
3679.0	1.0
3680.0	2.0
3681.0	1.0
3683.0	3.0
3684.0	4.0
3686.0	1.0
3688.0	1.0
3692.0	1.0
3693.0	2.0
3696.0	1.0
3699.0	1.0
3703.0	1.0
3710.0	1.0
3711.0	1.0
3717.0	2.0
3720.0	1.0
3721.0	1.0
3725.0	1.0
3726.0	1.0
3728.0	1.0
3738.0	1.0
3742.0	1.0
3747.0	1.0
3748.0	2.0
3754.0	1.0
3761.0	1.0
3773.0	2.0
3778.0	1.0
3800.0	3.0
3805.0	1.0
3813.0	1.0
3822.0	1.0
3823.0	1.0
3825.0	1.0
3828.0	3.0
3829.0	1.0
3831.0	1.0
3833.0	1.0
3834.0	3.0
3842.0	2.0
3844.0	2.0
3846.0	1.0
3847.0	2.0
3851.0	1.0
3856.0	2.0
3866.0	1.0
3869.0	1.0
3871.0	2.0
3879.0	1.0
3891.0	1.0
3894.0	1.0
3895.0	1.0
3905.0	1.0
3911.0	1.0
3914.0	1.0
3927.0	1.0
3935.0	1.0
3939.0	1.0
3941.0	1.0
3946.0	1.0
3953.0	1.0
3954.0	1.0
3969.0	1.0
3972.0	1.0
3975.0	2.0
3982.0	1.0
3993.0	2.0
3997.0	1.0
4010.0	1.0
4012.0	2.0
4019.0	1.0
4033.0	1.0
4037.0	1.0
4039.0	1.0
4050.0	1.0
4053.0	1.0
4055.0	1.0
4059.0	1.0
4068.0	1.0
4072.0	3.0
4074.0	1.0
4079.0	1.0
4087.0	1.0
4101.0	1.0
4109.0	1.0
4115.0	2.0
4118.0	1.0
4125.0	2.0
4138.0	1.0
4169.0	1.0
4174.0	1.0
4177.0	1.0
4189.0	2.0
4192.0	1.0
4207.0	1.0
4240.0	1.0
4241.0	1.0
4246.0	2.0
4247.0	1.0
4251.0	2.0
4253.0	1.0
4254.0	1.0
4258.0	1.0
4264.0	1.0
4265.0	1.0
4267.0	1.0
4271.0	1.0
4273.0	2.0
4274.0	1.0
4275.0	1.0
4277.0	1.0
4279.0	1.0
4280.0	1.0
4283.0	2.0
4285.0	1.0
4291.0	1.0
4292.0	1.0
4300.0	2.0
4301.0	2.0
4305.0	1.0
4310.0	1.0
4312.0	1.0
4315.0	1.0
4325.0	1.0
4326.0	1.0
4331.0	1.0
4335.0	1.0
4340.0	1.0
4341.0	1.0
4343.0	1.0
4344.0	1.0
4348.0	1.0
4349.0	1.0
4351.0	1.0
4352.0	2.0
4357.0	1.0
4360.0	1.0
4363.0	1.0
4365.0	1.0
4379.0	1.0
4393.0	1.0
4399.0	1.0
4402.0	1.0
4403.0	1.0
4415.0	1.0
4427.0	1.0
4431.0	1.0
4434.0	1.0
4444.0	1.0
4447.0	1.0
4454.0	1.0
4455.0	1.0
4457.0	1.0
4464.0	1.0
4467.0	1.0
4468.0	1.0
4470.0	1.0
4474.0	1.0
4480.0	1.0
4488.0	2.0
4500.0	1.0
4504.0	1.0
4509.0	1.0
4510.0	1.0
4512.0	1.0
4514.0	2.0
4523.0	1.0
4529.0	1.0
4530.0	1.0
4534.0	1.0
4538.0	1.0
4539.0	1.0
4543.0	1.0
4544.0	1.0
4548.0	2.0
4554.0	1.0
4557.0	1.0
4561.0	1.0
4563.0	1.0
4564.0	2.0
4566.0	1.0
4575.0	1.0
4576.0	1.0
4578.0	1.0
4581.0	1.0
4582.0	1.0
4583.0	1.0
4586.0	1.0
4600.0	1.0
4607.0	1.0
4608.0	1.0
4612.0	2.0
4613.0	3.0
4617.0	1.0
4622.0	1.0
4624.0	1.0
4630.0	1.0
4632.0	1.0
4633.0	1.0
4634.0	2.0
4638.0	1.0
4640.0	1.0
4645.0	1.0
4655.0	1.0
4657.0	2.0
4658.0	1.0
4659.0	1.0
4671.0	1.0
4677.0	1.0
4689.0	1.0
4691.0	1.0
4697.0	1.0
4699.0	1.0
4711.0	1.0
4726.0	1.0
4728.0	1.0
4732.0	1.0
4734.0	1.0
4738.0	1.0
4742.0	1.0
4759.0	1.0
4767.0	1.0
4772.0	1.0
4779.0	1.0
4783.0	1.0
4792.0	1.0
4824.0	1.0
4837.0	1.0
4856.0	1.0
4859.0	1.0
4872.0	1.0
4883.0	1.0
4901.0	1.0
4910.0	1.0
4919.0	1.0
4923.0	2.0
4935.0	1.0
4942.0	1.0
4954.0	1.0
4969.0	1.0
4977.0	1.0
4981.0	1.0
4986.0	1.0
5005.0	2.0
5009.0	1.0
5015.0	1.0
5020.0	1.0
5053.0	1.0
5064.0	1.0
5081.0	1.0
5089.0	1.0
5092.0	1.0
5094.0	1.0
5102.0	1.0
5113.0	1.0
5116.0	1.0
5138.0	1.0
5139.0	1.0
5140.0	1.0
5150.0	2.0
5154.0	1.0
5155.0	1.0
5159.0	1.0
5165.0	1.0
5173.0	1.0
5176.0	1.0
5181.0	1.0
5185.0	1.0
5186.0	1.0
5187.0	1.0
5188.0	1.0
5191.0	1.0
5195.0	1.0
5207.0	1.0
5209.0	1.0
5212.0	1.0
5215.0	1.0
5223.0	1.0
5229.0	1.0
5240.0	2.0
5241.0	1.0
5245.0	1.0
5247.0	1.0
5250.0	1.0
5252.0	1.0
5255.0	1.0
5281.0	1.0
5290.0	1.0
5297.0	1.0
5304.0	1.0
5305.0	1.0
5320.0	1.0
5322.0	2.0
5328.0	1.0
5331.0	1.0
5336.0	1.0
5339.0	1.0
5340.0	1.0
5344.0	1.0
5345.0	1.0
5348.0	2.0
5355.0	1.0
5356.0	1.0
5361.0	1.0
5363.0	2.0
5365.0	1.0
5367.0	1.0
5371.0	1.0
5375.0	1.0
5377.0	4.0
5378.0	5.0
5379.0	1.0
5380.0	5.0
5381.0	9.0
5385.0	1.0
5390.0	1.0
5397.0	2.0
5414.0	1.0
5418.0	1.0
5421.0	1.0
5426.0	1.0
5431.0	1.0
5433.0	1.0
5434.0	1.0
5443.0	1.0
5445.0	1.0
5449.0	1.0
5456.0	1.0
5470.0	1.0
5472.0	1.0
5479.0	2.0
5493.0	1.0
5500.0	1.0
5502.0	1.0
5508.0	1.0
5509.0	1.0
5516.0	1.0
5518.0	1.0
5524.0	1.0
5532.0	1.0
5544.0	1.0
5548.0	1.0
5555.0	1.0
5561.0	1.0
5563.0	1.0
5564.0	1.0
5567.0	1.0
5571.0	1.0
5572.0	2.0
5577.0	1.0
5580.0	1.0
5602.0	1.0
5611.0	1.0
5612.0	1.0
5613.0	1.0
5615.0	1.0
5620.0	1.0
5625.0	2.0
5626.0	1.0
5631.0	1.0
5635.0	1.0
5637.0	1.0
5646.0	1.0
5647.0	1.0
5648.0	1.0
5649.0	1.0
5651.0	1.0
5652.0	2.0
5664.0	1.0
5666.0	1.0
5671.0	1.0
5677.0	1.0
5681.0	1.0
5686.0	1.0
5689.0	1.0
5695.0	1.0
5701.0	1.0
5727.0	1.0
5731.0	1.0
5733.0	1.0
5734.0	1.0
5742.0	2.0
5745.0	1.0
5746.0	1.0
5755.0	2.0
5759.0	1.0
5763.0	1.0
5775.0	1.0
5776.0	1.0
5778.0	1.0
5779.0	1.0
5786.0	2.0
5790.0	1.0
5792.0	2.0
5793.0	1.0
5794.0	1.0
5796.0	1.0
5797.0	1.0
5800.0	2.0
5802.0	1.0
5803.0	2.0
5805.0	1.0
5809.0	1.0
5810.0	1.0
5811.0	1.0
5812.0	2.0
5815.0	1.0
5817.0	1.0
5818.0	2.0
5820.0	1.0
5824.0	1.0
5852.0	1.0
5853.0	1.0
5854.0	1.0
5855.0	1.0
5867.0	2.0
5872.0	1.0
5874.0	1.0
5877.0	1.0
5885.0	1.0
5886.0	1.0
5889.0	1.0
5890.0	1.0
5895.0	1.0
5899.0	1.0
5902.0	2.0
5906.0	1.0
5911.0	1.0
5916.0	1.0
5919.0	1.0
5920.0	1.0
5921.0	1.0
5928.0	1.0
5931.0	3.0
5934.0	1.0
5938.0	1.0
5941.0	1.0
5950.0	1.0
5956.0	1.0
5957.0	1.0
5965.0	1.0
5978.0	1.0
5983.0	1.0
5986.0	1.0
5995.0	1.0
6003.0	1.0
6004.0	1.0
6009.0	1.0
6019.0	1.0
6028.0	1.0
6029.0	1.0
6038.0	1.0
6051.0	2.0
6062.0	1.0
6063.0	1.0
6078.0	1.0
6079.0	1.0
6093.0	1.0
6105.0	1.0
6120.0	1.0
6145.0	1.0
6157.0	1.0
6174.0	1.0
6180.0	1.0
6182.0	1.0
6185.0	1.0
6196.0	1.0
6200.0	2.0
6203.0	1.0
6209.0	1.0
6213.0	1.0
6217.0	1.0
6223.0	1.0
6224.0	1.0
6233.0	1.0
6234.0	1.0
6238.0	2.0
6244.0	1.0
6249.0	1.0
6260.0	1.0
6261.0	1.0
6265.0	1.0
6275.0	1.0
6281.0	1.0
6282.0	1.0
6289.0	1.0
6308.0	1.0
6309.0	1.0
6318.0	1.0
6321.0	1.0
6325.0	1.0
6329.0	1.0
6330.0	1.0
6336.0	1.0
6338.0	1.0
6347.0	1.0
6371.0	1.0
6372.0	1.0
6376.0	1.0
6387.0	1.0
6388.0	1.0
6392.0	1.0
6397.0	1.0
6413.0	1.0
6422.0	1.0
6429.0	1.0
6431.0	1.0
6461.0	1.0
6470.0	1.0
6474.0	1.0
6495.0	1.0
6511.0	1.0
6516.0	1.0
6524.0	1.0
6528.0	2.0
6534.0	1.0
6545.0	1.0
6558.0	1.0
6564.0	1.0
6587.0	1.0
6597.0	1.0
6604.0	1.0
6607.0	1.0
6618.0	1.0
6621.0	1.0
6630.0	1.0
6633.0	1.0
6634.0	1.0
6637.0	1.0
6639.0	1.0
6661.0	1.0
6679.0	1.0
6680.0	1.0
6685.0	1.0
6690.0	1.0
6696.0	1.0
6698.0	1.0
6709.0	1.0
6717.0	1.0
6719.0	1.0
6723.0	1.0
6735.0	1.0
6736.0	1.0
6738.0	1.0
6743.0	1.0
6749.0	1.0
6767.0	1.0
6774.0	1.0
6778.0	1.0
6781.0	1.0
6786.0	1.0
6795.0	1.0
6797.0	1.0
6799.0	1.0
6803.0	1.0
6809.0	1.0
6824.0	1.0
6853.0	1.0
6856.0	1.0
6863.0	1.0
6867.0	1.0
6869.0	1.0
6875.0	1.0
6880.0	1.0
6884.0	1.0
6889.0	1.0
6937.0	1.0
6950.0	1.0
6958.0	1.0
6969.0	1.0
6970.0	1.0
6984.0	2.0
6994.0	1.0
7003.0	1.0
7006.0	1.0
7007.0	1.0
7008.0	2.0
7009.0	1.0
7014.0	1.0
7021.0	1.0
7023.0	1.0
7024.0	1.0
7034.0	1.0
7054.0	1.0
7058.0	1.0
7064.0	1.0
7065.0	1.0
7075.0	1.0
7079.0	1.0
7087.0	1.0
7089.0	1.0
7093.0	1.0
7094.0	1.0
7098.0	1.0
7106.0	1.0
7107.0	1.0
7115.0	1.0
7116.0	1.0
7129.0	1.0
7132.0	1.0
7135.0	1.0
7148.0	1.0
7163.0	1.0
7174.0	1.0
7176.0	1.0
7177.0	1.0
7192.0	2.0
7195.0	1.0
7199.0	1.0
7206.0	1.0
7213.0	1.0
7216.0	1.0
7230.0	1.0
7233.0	2.0
7239.0	1.0
7242.0	1.0
7255.0	2.0
7258.0	1.0
7259.0	1.0
7281.0	1.0
7311.0	1.0
7314.0	1.0
7317.0	1.0
7320.0	1.0
7331.0	1.0
7336.0	1.0
7345.0	1.0
7359.0	1.0
7366.0	1.0
7368.0	1.0
7388.0	1.0
7393.0	1.0
7410.0	1.0
7412.0	3.0
7420.0	1.0
7423.0	1.0
7424.0	1.0
7427.0	1.0
7428.0	1.0
7436.0	2.0
7460.0	1.0
7461.0	1.0
7482.0	1.0
7495.0	1.0
7500.0	1.0
7524.0	1.0
7537.0	1.0
7558.0	1.0
7560.0	1.0
7561.0	1.0
7565.0	1.0
7580.0	1.0
7581.0	1.0
7590.0	1.0
7592.0	1.0
7603.0	1.0
7614.0	1.0
7643.0	1.0
7645.0	1.0
7649.0	1.0
7660.0	1.0
7662.0	1.0
7664.0	1.0
7673.0	1.0
7696.0	1.0
7700.0	2.0
7705.0	1.0
7707.0	1.0
7713.0	1.0
7715.0	1.0
7717.0	1.0
7719.0	1.0
7722.0	1.0
7735.0	1.0
7736.0	1.0
7763.0	1.0
7766.0	2.0
7774.0	2.0
7775.0	1.0
7776.0	1.0
7777.0	1.0
7781.0	1.0
7788.0	1.0
7790.0	1.0
7791.0	1.0
7794.0	1.0
7804.0	1.0
7805.0	1.0
7809.0	1.0
7832.0	1.0
7833.0	1.0
7834.0	1.0
7838.0	1.0
7840.0	1.0
7844.0	1.0
7859.0	2.0
7873.0	1.0
7881.0	1.0
7884.0	1.0
7885.0	1.0
7887.0	1.0
7903.0	1.0
7907.0	1.0
7914.0	2.0
7918.0	1.0
7923.0	1.0
7925.0	1.0
7926.0	1.0
7931.0	1.0
7932.0	1.0
7944.0	1.0
7948.0	1.0
7952.0	1.0
7954.0	1.0
7957.0	1.0
7969.0	1.0
7978.0	1.0
7982.0	1.0
7995.0	2.0
7996.0	1.0
7998.0	1.0
8001.0	1.0
8012.0	1.0
8018.0	1.0
8046.0	1.0
8047.0	1.0
8052.0	1.0
8065.0	1.0
8080.0	1.0
8081.0	2.0
8091.0	1.0
8095.0	1.0
8097.0	1.0
8101.0	1.0
8103.0	1.0
8109.0	1.0
8113.0	1.0
8114.0	1.0
8119.0	2.0
8120.0	1.0
8129.0	1.0
8147.0	1.0
8148.0	1.0
8152.0	1.0
8155.0	1.0
8160.0	1.0
8164.0	1.0
8167.0	1.0
8173.0	1.0
8174.0	1.0
8176.0	1.0
8186.0	1.0
8187.0	1.0
8188.0	1.0
8189.0	2.0
8191.0	2.0
8195.0	1.0
8197.0	1.0
8209.0	1.0
8210.0	1.0
8212.0	1.0
8217.0	1.0
8219.0	1.0
8223.0	1.0
8224.0	1.0
8232.0	1.0
8246.0	1.0
8248.0	1.0
8251.0	1.0
8267.0	1.0
8270.0	1.0
8271.0	1.0
8272.0	1.0
8274.0	1.0
8275.0	1.0
8282.0	1.0
8286.0	1.0
8288.0	1.0
8295.0	1.0
8297.0	1.0
8311.0	1.0
8312.0	1.0
8319.0	2.0
8323.0	1.0
8325.0	1.0
8326.0	1.0
8327.0	1.0
8335.0	1.0
8341.0	1.0
8346.0	3.0
8353.0	1.0
8357.0	2.0
8358.0	1.0
8364.0	1.0
8373.0	1.0
8374.0	1.0
8388.0	2.0
8393.0	1.0
8394.0	1.0
8397.0	2.0
8402.0	1.0
8404.0	1.0
8406.0	3.0
8408.0	1.0
8409.0	2.0
8414.0	1.0
8415.0	3.0
8417.0	1.0
8419.0	1.0
8420.0	2.0
8421.0	1.0
8422.0	1.0
8425.0	1.0
8428.0	2.0
8429.0	1.0
8431.0	2.0
8434.0	1.0
8435.0	1.0
8436.0	1.0
8439.0	1.0
8441.0	1.0
8442.0	1.0
8444.0	1.0
8450.0	2.0
8452.0	2.0
8453.0	4.0
8457.0	1.0
8462.0	1.0
8463.0	1.0
8468.0	1.0
8469.0	1.0
8470.0	1.0
8471.0	1.0
8472.0	1.0
8473.0	1.0
8476.0	1.0
8477.0	1.0
8486.0	2.0
8491.0	1.0
8496.0	1.0
8497.0	2.0
8501.0	1.0
8502.0	1.0
8505.0	2.0
8507.0	2.0
8509.0	2.0
8510.0	1.0
8511.0	1.0
8518.0	1.0
8520.0	1.0
8521.0	2.0
8522.0	1.0
8523.0	1.0
8524.0	2.0
8526.0	1.0
8527.0	1.0
8531.0	1.0
8532.0	1.0
8533.0	2.0
8536.0	1.0
8547.0	1.0
8550.0	1.0
8554.0	2.0
8557.0	1.0
8572.0	1.0
8573.0	1.0
8579.0	1.0
8584.0	1.0
8589.0	1.0
8595.0	1.0
8607.0	2.0
8610.0	1.0
8626.0	1.0
8628.0	2.0
8634.0	1.0
8640.0	1.0
8641.0	2.0
8646.0	1.0
8647.0	1.0
8656.0	1.0
8657.0	1.0
8662.0	3.0
8668.0	1.0
8680.0	1.0
8684.0	1.0
8700.0	1.0
8704.0	1.0
8707.0	1.0
8708.0	1.0
8717.0	1.0
8718.0	1.0
8724.0	1.0
8725.0	2.0
8726.0	1.0
8727.0	1.0
8728.0	2.0
8730.0	1.0
8731.0	1.0
8732.0	1.0
8735.0	1.0
8740.0	1.0
8746.0	1.0
8751.0	1.0
8754.0	1.0
8756.0	1.0
8757.0	1.0
8761.0	1.0
8762.0	1.0
8764.0	1.0
8777.0	1.0
8790.0	1.0
8795.0	1.0
8796.0	1.0
8811.0	1.0
8821.0	2.0
8823.0	1.0
8824.0	1.0
8834.0	1.0
8838.0	1.0
8849.0	1.0
8850.0	1.0
8854.0	1.0
8862.0	1.0
8871.0	2.0
8872.0	1.0
8874.0	1.0
8885.0	1.0
8886.0	1.0
8887.0	1.0
8889.0	1.0
8890.0	1.0
8893.0	1.0
8894.0	1.0
8897.0	1.0
8906.0	1.0
8907.0	1.0
8909.0	1.0
8910.0	1.0
8912.0	1.0
8913.0	1.0
8917.0	1.0
8925.0	1.0
8929.0	1.0
8936.0	1.0
8938.0	1.0
8943.0	1.0
8945.0	1.0
8951.0	1.0
8955.0	1.0
8962.0	1.0
8972.0	1.0
8974.0	1.0
8986.0	1.0
8990.0	1.0
8994.0	1.0
8995.0	1.0
8996.0	1.0
9003.0	1.0
9005.0	1.0
9009.0	1.0
9015.0	2.0
9017.0	1.0
9018.0	1.0
9020.0	1.0
9021.0	1.0
9026.0	1.0
9032.0	1.0
9033.0	1.0
9035.0	1.0
9038.0	1.0
9046.0	1.0
9048.0	1.0
9051.0	1.0
9056.0	1.0
9057.0	2.0
9058.0	2.0
9062.0	1.0
9068.0	2.0
9069.0	1.0
9071.0	1.0
9072.0	1.0
9074.0	1.0
9077.0	1.0
9082.0	2.0
9083.0	1.0
9090.0	1.0
9091.0	2.0
9092.0	1.0
9093.0	1.0
9095.0	3.0
9110.0	1.0
9114.0	1.0
9144.0	1.0
9147.0	2.0
9150.0	1.0
9157.0	1.0
9161.0	1.0
9170.0	1.0
9179.0	1.0
9195.0	1.0
9200.0	1.0
9203.0	1.0
9205.0	1.0
9214.0	1.0
9217.0	1.0
9230.0	1.0
9236.0	1.0
9253.0	1.0
9262.0	1.0
9279.0	1.0
9286.0	1.0
9301.0	1.0
9310.0	2.0
9314.0	1.0
9315.0	1.0
9325.0	1.0
9327.0	1.0
9329.0	1.0
9351.0	1.0
9357.0	1.0
9358.0	1.0
9361.0	1.0
9362.0	1.0
9372.0	1.0
9373.0	1.0
9384.0	1.0
9390.0	1.0
9399.0	1.0
9402.0	1.0
9418.0	1.0
9421.0	1.0
9424.0	1.0
9434.0	1.0
9436.0	1.0
9440.0	1.0
9457.0	1.0
9458.0	1.0
9459.0	1.0
9460.0	1.0
9461.0	1.0
9463.0	2.0
9466.0	1.0
9467.0	1.0
9471.0	1.0
9475.0	1.0
9488.0	2.0
9495.0	1.0
9499.0	1.0
9517.0	1.0
9525.0	1.0
9526.0	1.0
9534.0	1.0
9538.0	1.0
9541.0	1.0
9543.0	1.0
9559.0	1.0
9590.0	1.0
9599.0	1.0
9600.0	1.0
9608.0	1.0
9622.0	1.0
9628.0	1.0
9674.0	1.0
9681.0	1.0
9686.0	1.0
9689.0	1.0
9699.0	1.0
9701.0	1.0
9708.0	1.0
9710.0	1.0
9715.0	3.0
9716.0	1.0
9736.0	1.0
9740.0	1.0
9743.0	1.0
9746.0	1.0
9750.0	3.0
9752.0	1.0
9754.0	1.0
9756.0	2.0
9759.0	1.0
9762.0	1.0
9770.0	2.0
9772.0	1.0
9778.0	1.0
9824.0	1.0
9834.0	1.0
9843.0	1.0
9848.0	1.0
9896.0	1.0
9914.0	1.0
9924.0	1.0
9934.0	1.0
9940.0	1.0
9960.0	1.0
9963.0	1.0
9974.0	1.0
9983.0	1.0
10002.0	1.0
10022.0	2.0
10076.0	1.0
10110.0	1.0
10116.0	1.0
10119.0	1.0
10133.0	1.0
10138.0	1.0
10140.0	1.0
10142.0	1.0
10178.0	1.0
10182.0	1.0
10191.0	1.0
10220.0	1.0
10242.0	1.0
10262.0	1.0
10265.0	1.0
10274.0	1.0
10282.0	1.0
10305.0	1.0
10342.0	1.0
10354.0	1.0
10359.0	1.0
10392.0	1.0
10409.0	1.0
10417.0	1.0
10437.0	1.0
10457.0	1.0
10458.0	1.0
10512.0	1.0
10514.0	1.0
10553.0	1.0
10559.0	1.0
10576.0	1.0
10579.0	1.0
10594.0	1.0
10597.0	1.0
10622.0	1.0
10623.0	1.0
10646.0	1.0
10652.0	1.0
10657.0	1.0
10679.0	1.0
10685.0	1.0
10695.0	1.0
10706.0	1.0
10728.0	1.0
10730.0	1.0
10731.0	1.0
10736.0	1.0
10740.0	1.0
10764.0	1.0
10769.0	1.0
10770.0	1.0
10772.0	1.0
10775.0	2.0
10778.0	2.0
10779.0	6.0
10780.0	7.0
10781.0	5.0
10812.0	1.0
10830.0	1.0
10866.0	2.0
10888.0	1.0
10892.0	1.0
10894.0	1.0
10906.0	1.0
10920.0	1.0
10937.0	1.0
10941.0	1.0
10961.0	1.0
10963.0	1.0
10966.0	1.0
10971.0	1.0
11010.0	1.0
11046.0	1.0
11065.0	1.0
11072.0	1.0
11077.0	1.0
11078.0	1.0
11082.0	1.0
11087.0	1.0
11109.0	1.0
11115.0	1.0
11138.0	1.0
11146.0	1.0
11163.0	1.0
11176.0	1.0
11180.0	1.0
11201.0	1.0
11242.0	1.0
11287.0	1.0
11332.0	1.0
11353.0	1.0
11369.0	1.0
11370.0	1.0
11376.0	1.0
11479.0	1.0
11493.0	1.0
11504.0	1.0
11507.0	1.0
11510.0	1.0
11540.0	1.0
11571.0	1.0
11588.0	2.0
11676.0	1.0
11687.0	1.0
11749.0	1.0
11764.0	1.0
11773.0	1.0
11852.0	1.0
11886.0	1.0
11908.0	1.0
11962.0	1.0
12031.0	1.0
12037.0	1.0
12072.0	1.0
12094.0	1.0
12102.0	1.0
12125.0	1.0
12143.0	1.0
12155.0	1.0
12175.0	1.0
12214.0	2.0
12244.0	1.0
12286.0	1.0
12307.0	1.0
12310.0	1.0
12389.0	1.0
12393.0	1.0
12414.0	1.0
12429.0	1.0
12432.0	1.0
12448.0	1.0
12462.0	1.0
12473.0	2.0
12505.0	1.0
12544.0	1.0
12550.0	1.0
12552.0	1.0
12575.0	1.0
12585.0	1.0
12590.0	1.0
12603.0	1.0
12616.0	1.0
12661.0	1.0
12665.0	1.0
12697.0	1.0
12749.0	1.0
12766.0	1.0
12805.0	1.0
12822.0	1.0
12909.0	1.0
12923.0	1.0
12925.0	2.0
12972.0	1.0
12986.0	1.0
13010.0	1.0
13025.0	1.0
13044.0	1.0
13048.0	1.0
13086.0	1.0
13123.0	1.0
13140.0	2.0
13172.0	1.0
13226.0	1.0
13260.0	1.0
13271.0	1.0
13297.0	1.0
13329.0	1.0
13340.0	1.0
13352.0	1.0
13380.0	1.0
13382.0	1.0
13402.0	1.0
13423.0	1.0
13463.0	1.0
13494.0	1.0
13526.0	1.0
13527.0	1.0
13530.0	1.0
13533.0	1.0
13536.0	1.0
13540.0	1.0
13615.0	1.0
13646.0	1.0
13737.0	1.0
13740.0	1.0
13747.0	1.0
13792.0	1.0
13817.0	2.0
13822.0	1.0
13899.0	1.0
13907.0	2.0
13929.0	1.0
13944.0	1.0
13951.0	1.0
13960.0	1.0
13963.0	1.0
13983.0	1.0
13999.0	1.0
14021.0	1.0
14026.0	1.0
14040.0	1.0
14068.0	1.0
14104.0	1.0
14116.0	1.0
14130.0	1.0
14179.0	1.0
14207.0	1.0
14216.0	1.0
14229.0	1.0
14246.0	1.0
14253.0	1.0
14269.0	1.0
14289.0	1.0
14325.0	1.0
14332.0	1.0
14369.0	1.0
14393.0	1.0
14406.0	1.0
14442.0	1.0
14507.0	1.0
14553.0	1.0
14554.0	1.0
14607.0	1.0
14622.0	1.0
14646.0	1.0
14650.0	1.0
14657.0	1.0
14659.0	2.0
14689.0	1.0
14694.0	1.0
14715.0	1.0
14719.0	1.0
14738.0	1.0
14761.0	1.0
14782.0	1.0
14788.0	1.0
14793.0	1.0
14812.0	1.0
14827.0	1.0
14845.0	1.0
14859.0	1.0
14866.0	1.0
14868.0	1.0
14883.0	1.0
14917.0	2.0
14919.0	1.0
14926.0	1.0
14927.0	1.0
14935.0	1.0
14951.0	1.0
14953.0	1.0
14979.0	1.0
14981.0	1.0
14999.0	2.0
15000.0	1.0
15017.0	1.0
15027.0	1.0
15028.0	1.0
15031.0	2.0
15046.0	1.0
15049.0	1.0
15052.0	1.0
15075.0	1.0
15078.0	1.0
15110.0	1.0
15111.0	1.0
15129.0	1.0
15132.0	1.0
15137.0	1.0
15143.0	1.0
15147.0	1.0
15164.0	1.0
15171.0	1.0
15191.0	1.0
15204.0	1.0
15205.0	1.0
15209.0	1.0
15213.0	1.0
15218.0	1.0
15219.0	1.0
15237.0	1.0
15264.0	1.0
15277.0	1.0
15330.0	1.0
15334.0	1.0
15343.0	1.0
15347.0	1.0
15349.0	1.0
15363.0	1.0
15371.0	1.0
15380.0	1.0
15426.0	1.0
15431.0	1.0
15435.0	1.0
15457.0	1.0
15461.0	1.0
15486.0	1.0
15522.0	1.0
15548.0	1.0
15565.0	1.0
15601.0	2.0
15618.0	1.0
15645.0	1.0
15672.0	1.0
15695.0	1.0
15735.0	1.0
15777.0	1.0
15781.0	1.0
15783.0	1.0
15806.0	1.0
15814.0	1.0
15817.0	1.0
15845.0	1.0
15874.0	1.0
15892.0	1.0
15895.0	1.0
15902.0	1.0
15932.0	1.0
15941.0	1.0
15952.0	1.0
15971.0	1.0
15976.0	1.0
15977.0	2.0
16009.0	1.0
16030.0	1.0
16043.0	1.0
16092.0	1.0
16097.0	1.0
16106.0	1.0
16115.0	1.0
16117.0	1.0
16128.0	2.0
16135.0	1.0
16151.0	1.0
16157.0	1.0
16197.0	1.0
16206.0	1.0
16224.0	1.0
16250.0	1.0
16255.0	1.0
16262.0	1.0
16271.0	1.0
16278.0	1.0
16297.0	1.0
16299.0	1.0
16336.0	1.0
16339.0	1.0
16345.0	1.0
16349.0	1.0
16355.0	2.0
16367.0	1.0
16373.0	1.0
16378.0	1.0
16393.0	1.0
16396.0	1.0
16414.0	1.0
16431.0	1.0
16436.0	1.0
16439.0	1.0
16444.0	1.0
16462.0	1.0
16468.0	1.0
16471.0	1.0
16474.0	2.0
16480.0	1.0
16493.0	1.0
16499.0	1.0
16511.0	1.0
16527.0	1.0
16540.0	1.0
16541.0	3.0
16545.0	1.0
16553.0	1.0
16556.0	1.0
16560.0	1.0
16579.0	2.0
16594.0	1.0
16599.0	1.0
16618.0	1.0
16625.0	1.0
16629.0	1.0
16632.0	1.0
16659.0	1.0
16670.0	1.0
16675.0	1.0
16689.0	1.0
16691.0	1.0
16696.0	1.0
16708.0	1.0
16716.0	1.0
16721.0	1.0
16723.0	1.0
16738.0	1.0
16746.0	1.0
16747.0	1.0
16753.0	1.0
16761.0	1.0
16770.0	1.0
16778.0	1.0
16807.0	1.0
16816.0	1.0
16818.0	1.0
16835.0	1.0
16853.0	1.0
16865.0	1.0
16868.0	2.0
16892.0	1.0
16902.0	1.0
16909.0	1.0
16910.0	1.0
16911.0	2.0
16925.0	1.0
16931.0	1.0
16933.0	1.0
16948.0	1.0
16977.0	1.0
16981.0	1.0
16994.0	1.0
16996.0	1.0
16999.0	2.0
17024.0	1.0
17044.0	1.0
17051.0	1.0
17052.0	1.0
17070.0	1.0
17079.0	1.0
17082.0	1.0
17085.0	1.0
17119.0	1.0
17121.0	1.0
17159.0	1.0
17161.0	1.0
17191.0	1.0
17206.0	1.0
17208.0	3.0
17210.0	1.0
17214.0	1.0
17356.0	1.0
17365.0	1.0
17381.0	1.0
17385.0	1.0
17389.0	1.0
17403.0	1.0
17412.0	1.0
17423.0	1.0
17425.0	1.0
17450.0	1.0
17487.0	1.0
17527.0	1.0
17551.0	1.0
17560.0	1.0
17572.0	1.0
17576.0	1.0
17585.0	1.0
17587.0	1.0
17597.0	1.0
17641.0	1.0
17655.0	1.0
17712.0	1.0
17790.0	1.0
17793.0	1.0
17802.0	1.0
17819.0	1.0
17885.0	1.0
17892.0	1.0
17954.0	1.0
18121.0	1.0
18162.0	1.0
18181.0	1.0
18194.0	1.0
18200.0	1.0
18222.0	1.0
18275.0	1.0
18294.0	1.0
18351.0	1.0
18360.0	1.0
18361.0	1.0
18374.0	1.0
18398.0	1.0
18400.0	2.0
18417.0	1.0
18439.0	1.0
18498.0	1.0
18527.0	1.0
18548.0	1.0
18575.0	1.0
18576.0	1.0
18606.0	1.0
18647.0	1.0
18688.0	1.0
18693.0	1.0
18729.0	1.0
18770.0	1.0
18791.0	1.0
18809.0	1.0
18853.0	1.0
18866.0	1.0
18880.0	1.0
18886.0	1.0
18906.0	1.0
18951.0	1.0
18968.0	1.0
18985.0	1.0
19006.0	1.0
19019.0	1.0
19021.0	2.0
19023.0	1.0
19029.0	1.0
19030.0	1.0
19031.0	1.0
19033.0	1.0
19034.0	5.0
19176.0	1.0
19215.0	1.0
19252.0	1.0
19277.0	1.0
19300.0	1.0
19332.0	1.0
19362.0	2.0
19377.0	1.0
19383.0	1.0
19407.0	1.0
19418.0	1.0
19493.0	1.0
19578.0	1.0
19606.0	1.0
19669.0	1.0
19685.0	1.0
19736.0	1.0
19785.0	1.0
19965.0	1.0
19970.0	1.0
20133.0	1.0
20166.0	1.0
20179.0	1.0
20207.0	1.0
20271.0	1.0
20320.0	1.0
20345.0	1.0
20350.0	1.0
20366.0	1.0
20399.0	1.0
20401.0	1.0
20419.0	1.0
20430.0	1.0
20432.0	1.0
20436.0	1.0
20448.0	1.0
20455.0	1.0
20469.0	1.0
20485.0	1.0
20508.0	1.0
20521.0	1.0
20556.0	1.0
20569.0	1.0
20571.0	1.0
20578.0	1.0
20590.0	1.0
20592.0	1.0
20611.0	1.0
20657.0	1.0
20665.0	1.0
20769.0	1.0
20778.0	1.0
20785.0	1.0
20790.0	1.0
20796.0	1.0
20802.0	2.0
20826.0	1.0
20856.0	1.0
20911.0	1.0
20925.0	1.0
20983.0	1.0
21017.0	1.0
21024.0	1.0
21037.0	1.0
21038.0	1.0
21060.0	1.0
21070.0	1.0
21084.0	1.0
21112.0	1.0
21275.0	1.0
21321.0	1.0
21344.0	1.0
21402.0	1.0
21530.0	1.0
21537.0	1.0
21559.0	1.0
21583.0	1.0
21705.0	1.0
21821.0	1.0
21851.0	1.0
21912.0	1.0
21968.0	1.0
21992.0	1.0
22047.0	1.0
22245.0	1.0
22337.0	1.0
22344.0	1.0
22365.0	1.0
22368.0	1.0
22397.0	1.0
22463.0	1.0
22505.0	1.0
22537.0	1.0
22599.0	1.0
22621.0	1.0
22647.0	1.0
22658.0	1.0
22711.0	1.0
22714.0	1.0
22717.0	1.0
22729.0	1.0
22801.0	1.0
22803.0	1.0
22805.0	1.0
22828.0	1.0
22901.0	1.0
22959.0	1.0
22965.0	1.0
22968.0	1.0
22993.0	1.0
23030.0	1.0
23056.0	1.0
23063.0	1.0
23152.0	1.0
23159.0	1.0
23179.0	1.0
23228.0	1.0
23232.0	1.0
23273.0	1.0
23294.0	1.0
23299.0	2.0
23318.0	1.0
23344.0	1.0
23361.0	1.0
23388.0	1.0
23408.0	1.0
23420.0	1.0
23480.0	1.0
23495.0	1.0
23514.0	1.0
23557.0	1.0
23588.0	1.0
23592.0	1.0
23619.0	1.0
23753.0	1.0
23776.0	1.0
23846.0	1.0
23870.0	1.0
23954.0	1.0
23966.0	1.0
24024.0	1.0
24066.0	1.0
24208.0	1.0
24226.0	1.0
24252.0	1.0
24297.0	1.0
24324.0	1.0
24358.0	1.0
24360.0	1.0
24365.0	1.0
24401.0	1.0
24452.0	1.0
24469.0	1.0
24541.0	1.0
24578.0	1.0
24587.0	1.0
24617.0	1.0
24618.0	1.0
24719.0	1.0
24734.0	1.0
24777.0	1.0
24873.0	1.0
24884.0	1.0
25077.0	1.0
25145.0	1.0
25158.0	1.0
25316.0	1.0
25361.0	1.0
25391.0	1.0
25474.0	1.0
25680.0	1.0
25690.0	1.0
25735.0	1.0
25760.0	1.0
25844.0	1.0
25912.0	1.0
25930.0	1.0
25947.0	1.0
26095.0	1.0
26204.0	1.0
26358.0	1.0
26478.0	1.0
26481.0	1.0
26503.0	1.0
26521.0	1.0
26541.0	1.0
26543.0	1.0
26599.0	1.0
26621.0	1.0
26670.0	1.0
26761.0	1.0
26781.0	1.0
26795.0	1.0
26851.0	1.0
26905.0	1.0
26934.0	1.0
27025.0	1.0
27034.0	1.0
27197.0	1.0
27348.0	1.0
27429.0	1.0
27499.0	1.0
27512.0	1.0
27632.0	1.0
28000.0	1.0
28027.0	1.0
28072.0	1.0
28096.0	1.0
28110.0	2.0
28144.0	1.0
28253.0	1.0
28277.0	1.0
28321.0	1.0
28418.0	1.0
28422.0	1.0
28436.0	1.0
28468.0	1.0
28507.0	1.0
28536.0	1.0
28549.0	1.0
28621.0	1.0
28668.0	1.0
28704.0	1.0
28751.0	2.0
28761.0	1.0
28772.0	1.0
28813.0	1.0
28851.0	1.0
28908.0	1.0
29035.0	1.0
29093.0	1.0
29236.0	1.0
29250.0	1.0
29265.0	1.0
29311.0	1.0
29364.0	1.0
29485.0	1.0
29745.0	1.0
29770.0	1.0
29963.0	1.0
29986.0	1.0
29993.0	1.0
30008.0	1.0
30011.0	1.0
30087.0	1.0
30132.0	1.0
30203.0	1.0
30241.0	1.0
30252.0	1.0
30285.0	1.0
30319.0	1.0
30496.0	1.0
30526.0	1.0
30568.0	1.0
30571.0	1.0
30597.0	1.0
30598.0	1.0
30657.0	1.0
30731.0	1.0
30838.0	1.0
30873.0	1.0
30887.0	1.0
31042.0	1.0
31067.0	1.0
31107.0	1.0
31109.0	2.0
31136.0	1.0
31365.0	1.0
31525.0	1.0
31671.0	1.0
31687.0	1.0
31742.0	1.0
31766.0	1.0
31893.0	1.0
31919.0	1.0
31971.0	1.0
32025.0	1.0
32171.0	1.0
32181.0	1.0
32205.0	1.0
32281.0	1.0
32449.0	1.0
32531.0	1.0
32541.0	1.0
32617.0	1.0
32635.0	1.0
32645.0	1.0
32792.0	1.0
32981.0	1.0
33050.0	1.0
33052.0	1.0
33053.0	1.0
33056.0	1.0
33073.0	1.0
33099.0	1.0
33108.0	1.0
33153.0	1.0
33187.0	1.0
33282.0	1.0
33290.0	1.0
33330.0	1.0
33407.0	1.0
33411.0	1.0
33443.0	1.0
33515.0	1.0
33537.0	1.0
33588.0	1.0
33651.0	1.0
33671.0	1.0
33717.0	1.0
33724.0	1.0
33738.0	1.0
33800.0	1.0
33808.0	1.0
33973.0	1.0
34044.0	1.0
34088.0	1.0
34090.0	1.0
34102.0	1.0
34211.0	1.0
34245.0	1.0
34273.0	1.0
34297.0	1.0
34332.0	1.0
34362.0	1.0
34401.0	1.0
34469.0	1.0
34479.0	1.0
34518.0	1.0
34613.0	1.0
34630.0	1.0
34708.0	1.0
34782.0	1.0
34832.0	1.0
34837.0	1.0
34878.0	1.0
34910.0	1.0
34950.0	1.0
34962.0	1.0
34971.0	1.0
35038.0	1.0
35085.0	1.0
35099.0	1.0
35167.0	1.0
35413.0	1.0
35497.0	1.0
35523.0	1.0
35532.0	1.0
35556.0	1.0
35627.0	1.0
35743.0	1.0
35747.0	1.0
35817.0	1.0
35830.0	1.0
35852.0	1.0
35950.0	1.0
36109.0	1.0
36168.0	1.0
36209.0	1.0
36243.0	1.0
36318.0	1.0
36343.0	1.0
36420.0	1.0
36439.0	1.0
36501.0	1.0
36533.0	1.0
36600.0	1.0
36683.0	1.0
36725.0	1.0
36747.0	1.0
36781.0	1.0
36783.0	1.0
36793.0	1.0
36809.0	1.0
36887.0	1.0
36925.0	1.0
36962.0	1.0
37003.0	1.0
37096.0	1.0
37135.0	1.0
37197.0	1.0
37226.0	1.0
37395.0	1.0
37463.0	1.0
37511.0	1.0
37534.0	1.0
37583.0	1.0
37593.0	1.0
37622.0	1.0
37668.0	1.0
37681.0	1.0
37700.0	1.0
37707.0	1.0
37718.0	1.0
37858.0	1.0
37877.0	1.0
37912.0	1.0
37936.0	1.0
37951.0	1.0
38052.0	1.0
38053.0	1.0
38086.0	1.0
38100.0	1.0
38104.0	1.0
38153.0	1.0
38170.0	1.0
38175.0	1.0
38224.0	1.0
38230.0	1.0
38265.0	1.0
38283.0	1.0
38295.0	1.0
38324.0	1.0
38407.0	1.0
38415.0	1.0
38421.0	1.0
38437.0	1.0
38441.0	1.0
38502.0	1.0
38524.0	1.0
38548.0	1.0
38680.0	1.0
38699.0	1.0
38712.0	1.0
38762.0	1.0
38808.0	1.0
38809.0	1.0
38823.0	1.0
38833.0	1.0
38842.0	1.0
38865.0	1.0
38872.0	1.0
38896.0	1.0
38906.0	1.0
38974.0	1.0
38992.0	1.0
38995.0	1.0
39007.0	1.0
39056.0	1.0
39059.0	1.0
39074.0	1.0
39081.0	1.0
39099.0	1.0
39125.0	1.0
39132.0	1.0
39162.0	1.0
39167.0	1.0
39198.0	1.0
39213.0	1.0
39219.0	2.0
39238.0	1.0
39242.0	1.0
39314.0	1.0
39461.0	1.0
39468.0	2.0
39502.0	1.0
39519.0	1.0
39529.0	1.0
39602.0	1.0
39642.0	1.0
39710.0	1.0
39763.0	1.0
39794.0	1.0
39805.0	1.0
39846.0	1.0
39883.0	1.0
39907.0	1.0
40006.0	1.0
40009.0	1.0
40022.0	1.0
40050.0	1.0
40071.0	1.0
40123.0	1.0
40137.0	1.0
40142.0	1.0
40161.0	1.0
40218.0	1.0
40241.0	1.0
40286.0	1.0
40289.0	1.0
40376.0	1.0
40431.0	1.0
40446.0	1.0
40455.0	1.0
40458.0	1.0
40462.0	1.0
40472.0	1.0
40530.0	1.0
40554.0	1.0
40584.0	1.0
40585.0	1.0
40601.0	1.0
40642.0	1.0
40646.0	1.0
40663.0	1.0
40705.0	1.0
40714.0	1.0
40717.0	1.0
40724.0	1.0
40754.0	1.0
40756.0	1.0
40771.0	1.0
40819.0	1.0
40839.0	1.0
40845.0	1.0
40847.0	1.0
40854.0	1.0
40864.0	1.0
40873.0	1.0
40916.0	1.0
40946.0	1.0
40956.0	1.0
40979.0	1.0
40983.0	1.0
41020.0	1.0
41066.0	1.0
41131.0	1.0
41189.0	1.0
41204.0	1.0
41216.0	2.0
41234.0	1.0
41261.0	1.0
41269.0	1.0
41298.0	1.0
41415.0	1.0
41448.0	1.0
41452.0	1.0
41484.0	1.0
41487.0	1.0
41494.0	1.0
41540.0	1.0
41577.0	1.0
41624.0	1.0
41651.0	1.0
41723.0	1.0
41767.0	1.0
41803.0	1.0
41838.0	1.0
41873.0	1.0
41876.0	1.0
41911.0	1.0
41914.0	1.0
41925.0	1.0
41961.0	1.0
42037.0	1.0
42050.0	1.0
42137.0	1.0
42152.0	1.0
42197.0	1.0
42268.0	1.0
42279.0	1.0
42316.0	2.0
42320.0	1.0
42329.0	1.0
42339.0	1.0
42350.0	1.0
42357.0	1.0
42365.0	1.0
42370.0	1.0
42422.0	1.0
42532.0	1.0
42540.0	1.0
42559.0	1.0
42624.0	1.0
42631.0	1.0
42632.0	2.0
42635.0	1.0
42641.0	1.0
42694.0	1.0
42734.0	1.0
42749.0	1.0
42752.0	1.0
42853.0	1.0
42918.0	1.0
42939.0	1.0
42954.0	1.0
42955.0	1.0
42967.0	1.0
42975.0	1.0
43010.0	1.0
43012.0	1.0
43046.0	1.0
43084.0	1.0
43097.0	1.0
43150.0	1.0
43152.0	1.0
43163.0	1.0
43201.0	1.0
43222.0	1.0
43229.0	1.0
43242.0	1.0
43266.0	1.0
43315.0	1.0
43342.0	1.0
43420.0	1.0
43498.0	1.0
43509.0	1.0
43517.0	1.0
43531.0	1.0
43555.0	1.0
43585.0	1.0
43590.0	1.0
43595.0	1.0
43639.0	1.0
43724.0	1.0
43768.0	1.0
43779.0	1.0
43787.0	1.0
43794.0	1.0
43972.0	1.0
44015.0	1.0
44096.0	1.0
44129.0	1.0
44160.0	1.0
44230.0	1.0
44249.0	1.0
44259.0	1.0
44264.0	1.0
44317.0	1.0
44343.0	1.0
44498.0	1.0
44500.0	1.0
44512.0	1.0
44525.0	1.0
44529.0	1.0
44546.0	1.0
44570.0	1.0
44589.0	1.0
44619.0	1.0
44688.0	1.0
44718.0	1.0
44726.0	1.0
44771.0	1.0
44774.0	1.0
44803.0	1.0
44840.0	1.0
44893.0	1.0
44895.0	1.0
45005.0	1.0
45009.0	1.0
45014.0	1.0
45044.0	1.0
45077.0	1.0
45079.0	1.0
45086.0	1.0
45124.0	1.0
45140.0	1.0
45173.0	1.0
45190.0	1.0
45228.0	1.0
45260.0	1.0
45304.0	1.0
45390.0	1.0
45403.0	1.0
45444.0	1.0
45521.0	1.0
45578.0	1.0
45644.0	1.0
45660.0	1.0
45674.0	1.0
45678.0	1.0
45753.0	1.0
45814.0	1.0
45821.0	1.0
45824.0	1.0
45838.0	1.0
45855.0	1.0
45898.0	1.0
45979.0	1.0
45982.0	1.0
45984.0	1.0
46004.0	1.0
46005.0	1.0
46026.0	1.0
46054.0	1.0
46088.0	1.0
46112.0	2.0
46135.0	1.0
46173.0	1.0
46196.0	1.0
46278.0	1.0
46316.0	1.0
46325.0	1.0
46327.0	1.0
46334.0	1.0
46373.0	1.0
46374.0	1.0
46431.0	1.0
46433.0	1.0
46467.0	1.0
46505.0	1.0
46511.0	1.0
46525.0	1.0
46530.0	1.0
46532.0	1.0
46585.0	1.0
46589.0	1.0
46605.0	1.0
46660.0	1.0
46670.0	1.0
46692.0	1.0
46695.0	1.0
46717.0	1.0
46731.0	1.0
46768.0	1.0
46832.0	1.0
46834.0	1.0
46869.0	1.0
46873.0	1.0
46877.0	1.0
46879.0	1.0
46941.0	1.0
46951.0	1.0
46957.0	1.0
46966.0	1.0
47014.0	1.0
47081.0	1.0
47086.0	1.0
47090.0	1.0
47125.0	1.0
47169.0	1.0
47181.0	1.0
47265.0	1.0
47270.0	1.0
47272.0	1.0
47309.0	2.0
47389.0	1.0
47469.0	1.0
47477.0	1.0
47479.0	1.0
47489.0	1.0
47536.0	1.0
47600.0	1.0
47656.0	1.0
47701.0	1.0
47715.0	1.0
47718.0	1.0
47756.0	1.0
47794.0	1.0
47815.0	1.0
47821.0	1.0
47823.0	1.0
47869.0	1.0
47883.0	1.0
47916.0	1.0
47934.0	1.0
47961.0	1.0
47992.0	1.0
48003.0	1.0
48069.0	1.0
48075.0	1.0
48091.0	1.0
48104.0	1.0
48141.0	1.0
48149.0	1.0
48159.0	1.0
48205.0	1.0
48214.0	1.0
48237.0	1.0
48260.0	1.0
48340.0	1.0
48353.0	1.0
48360.0	1.0
48411.0	1.0
48420.0	2.0
48425.0	1.0
48445.0	1.0
48494.0	1.0
48508.0	1.0
48510.0	1.0
48555.0	1.0
48562.0	1.0
48571.0	1.0
48573.0	1.0
48594.0	1.0
48729.0	1.0
48757.0	1.0
48818.0	1.0
48820.0	1.0
48858.0	1.0
48866.0	1.0
48872.0	1.0
48873.0	1.0
48876.0	2.0
48902.0	1.0
48973.0	1.0
48980.0	1.0
49035.0	1.0
49062.0	1.0
49075.0	1.0
49081.0	1.0
49108.0	1.0
49134.0	1.0
49171.0	1.0
49177.0	1.0
49179.0	1.0
49180.0	1.0
49204.0	1.0
49231.0	2.0
49242.0	1.0
49321.0	1.0
49387.0	1.0
49402.0	1.0
49414.0	1.0
49425.0	1.0
49446.0	1.0
49472.0	1.0
49483.0	1.0
49486.0	1.0
49509.0	1.0
49524.0	2.0
49532.0	1.0
49538.0	1.0
49558.0	1.0
49566.0	1.0
49595.0	1.0
49599.0	1.0
49634.0	1.0
49639.0	1.0
49653.0	1.0
49658.0	1.0
49668.0	1.0
49690.0	1.0
49711.0	1.0
49714.0	1.0
49720.0	1.0
49733.0	1.0
49740.0	1.0
49757.0	1.0
49787.0	1.0
49837.0	1.0
49880.0	1.0
49897.0	1.0
49908.0	1.0
49922.0	1.0
49943.0	1.0
49944.0	1.0
49948.0	1.0
49968.0	1.0
49971.0	1.0
49998.0	1.0
50001.0	1.0
50036.0	1.0
50037.0	1.0
50068.0	2.0
50079.0	2.0
50111.0	1.0
50119.0	1.0
50127.0	1.0
50148.0	1.0
50183.0	1.0
50209.0	1.0
50238.0	1.0
50243.0	1.0
50250.0	1.0
50260.0	1.0
50309.0	1.0
50339.0	1.0
50343.0	1.0
50357.0	1.0
50378.0	1.0
50401.0	1.0
50405.0	1.0
50417.0	1.0
50466.0	1.0
50487.0	1.0
50508.0	1.0
50517.0	1.0
50552.0	1.0
50589.0	1.0
50619.0	1.0
50670.0	1.0
50690.0	1.0
50710.0	1.0
50777.0	1.0
50847.0	1.0
50851.0	1.0
50878.0	1.0
50924.0	1.0
50930.0	1.0
50932.0	1.0
50936.0	1.0
50958.0	1.0
50982.0	1.0
50996.0	1.0
51079.0	1.0
51081.0	1.0
51085.0	1.0
51121.0	1.0
51124.0	1.0
51126.0	1.0
51197.0	1.0
51201.0	1.0
51205.0	2.0
51212.0	1.0
51223.0	1.0
51224.0	1.0
51227.0	1.0
51231.0	1.0
51291.0	1.0
51294.0	1.0
51352.0	1.0
51367.0	1.0
51374.0	1.0
51375.0	1.0
51392.0	1.0
51494.0	1.0
51507.0	1.0
51510.0	1.0
51516.0	1.0
51521.0	2.0
51530.0	1.0
51534.0	1.0
51590.0	1.0
51620.0	1.0
51651.0	1.0
51677.0	1.0
51681.0	1.0
51698.0	1.0
51704.0	1.0
51711.0	1.0
51713.0	1.0
51714.0	1.0
51717.0	1.0
51730.0	1.0
51735.0	1.0
51736.0	1.0
51745.0	1.0
51746.0	1.0
51775.0	1.0
51776.0	1.0
51791.0	1.0
51813.0	1.0
51882.0	1.0
51934.0	1.0
51985.0	1.0
52023.0	1.0
52028.0	1.0
52175.0	1.0
52238.0	1.0
52241.0	1.0
52248.0	1.0
52275.0	1.0
52308.0	1.0
52310.0	1.0
52328.0	1.0
52364.0	1.0
52372.0	1.0
52409.0	1.0
52412.0	1.0
52431.0	1.0
52433.0	1.0
52443.0	1.0
52465.0	1.0
52479.0	1.0
52498.0	1.0
52546.0	1.0
52557.0	1.0
52616.0	1.0
52667.0	1.0
52672.0	1.0
52739.0	1.0
52775.0	1.0
52806.0	1.0
52825.0	1.0
52833.0	1.0
52850.0	1.0
52853.0	1.0
52859.0	1.0
52876.0	1.0
52877.0	1.0
52939.0	1.0
52980.0	1.0
52996.0	1.0
52997.0	1.0
53001.0	1.0
53008.0	1.0
53034.0	1.0
53102.0	1.0
53111.0	1.0
53131.0	1.0
53154.0	1.0
53180.0	1.0
53185.0	2.0
53220.0	1.0
53243.0	1.0
53258.0	1.0
53282.0	1.0
53296.0	1.0
53319.0	1.0
53328.0	1.0
53353.0	1.0
53360.0	1.0
53369.0	1.0
53379.0	1.0
53387.0	1.0
53421.0	1.0
53441.0	1.0
53450.0	1.0
53456.0	1.0
53483.0	1.0
53490.0	1.0
53509.0	1.0
53544.0	1.0
53575.0	1.0
53604.0	1.0
53630.0	1.0
53650.0	1.0
53651.0	1.0
53671.0	1.0
53692.0	1.0
53695.0	1.0
53699.0	1.0
53702.0	1.0
53725.0	1.0
53740.0	1.0
53762.0	1.0
53784.0	1.0
53805.0	1.0
53815.0	1.0
53829.0	1.0
53840.0	1.0
53870.0	1.0
53875.0	1.0
53897.0	1.0
53948.0	1.0
53949.0	1.0
53969.0	1.0
54029.0	1.0
54036.0	1.0
54047.0	1.0
54102.0	1.0
54114.0	1.0
54119.0	1.0
54160.0	1.0
54188.0	2.0
54225.0	1.0
54229.0	1.0
54263.0	1.0
54275.0	1.0
54290.0	1.0
54299.0	1.0
54305.0	1.0
54309.0	1.0
54321.0	1.0
54332.0	1.0
54339.0	1.0
54340.0	1.0
54347.0	1.0
54377.0	1.0
54400.0	1.0
54434.0	1.0
54471.0	1.0
54489.0	1.0
54501.0	1.0
54509.0	1.0
54535.0	1.0
54546.0	1.0
54561.0	1.0
54563.0	1.0
54565.0	1.0
54567.0	1.0
54603.0	1.0
54611.0	1.0
54626.0	1.0
54638.0	1.0
54648.0	1.0
54659.0	1.0
54689.0	1.0
54726.0	1.0
54740.0	1.0
54742.0	1.0
54746.0	1.0
54770.0	1.0
54789.0	1.0
54805.0	1.0
54811.0	1.0
54836.0	1.0
54846.0	1.0
54858.0	1.0
54860.0	1.0
54873.0	2.0
54882.0	1.0
54898.0	1.0
54910.0	1.0
54946.0	1.0
54950.0	1.0
54987.0	1.0
54991.0	1.0
55006.0	1.0
55025.0	1.0
55031.0	1.0
55055.0	1.0
55059.0	1.0
55070.0	1.0
55078.0	1.0
55096.0	1.0
55109.0	1.0
55136.0	1.0
55161.0	1.0
55180.0	1.0
55184.0	1.0
55189.0	1.0
55199.0	1.0
55206.0	1.0
55214.0	2.0
55227.0	1.0
55244.0	1.0
55259.0	1.0
55297.0	1.0
55298.0	1.0
55330.0	2.0
55359.0	1.0
55371.0	1.0
55379.0	1.0
55387.0	1.0
55389.0	1.0
55393.0	1.0
55421.0	1.0
55448.0	1.0
55527.0	1.0
55540.0	1.0
55551.0	1.0
55552.0	1.0
55554.0	1.0
55573.0	1.0
55578.0	1.0
55605.0	1.0
55620.0	1.0
55626.0	1.0
55630.0	1.0
55638.0	1.0
55641.0	1.0
55643.0	1.0
55651.0	1.0
55685.0	1.0
55689.0	1.0
55747.0	1.0
55748.0	1.0
55775.0	1.0
55779.0	1.0
55791.0	1.0
55792.0	1.0
55825.0	1.0
55864.0	1.0
55871.0	1.0
55889.0	1.0
55908.0	1.0
55912.0	1.0
55932.0	1.0
55939.0	1.0
55950.0	1.0
55953.0	1.0
55981.0	1.0
55985.0	1.0
55990.0	1.0
56017.0	1.0
56021.0	1.0
56022.0	1.0
56036.0	1.0
56050.0	1.0
56057.0	1.0
56070.0	1.0
56071.0	1.0
56073.0	1.0
56079.0	1.0
56085.0	1.0
56098.0	1.0
56124.0	1.0
56142.0	1.0
56163.0	1.0
56169.0	1.0
56171.0	1.0
56196.0	2.0
56202.0	1.0
56213.0	1.0
56314.0	1.0
56323.0	1.0
56356.0	1.0
56357.0	1.0
56383.0	1.0
56414.0	1.0
56426.0	1.0
56428.0	1.0
56436.0	1.0
56458.0	1.0
56474.0	1.0
56500.0	1.0
56524.0	1.0
56525.0	1.0
56570.0	1.0
56604.0	1.0
56605.0	1.0
56607.0	1.0
56627.0	1.0
56639.0	1.0
56665.0	1.0
56686.0	1.0
56708.0	1.0
56771.0	1.0
56807.0	1.0
56808.0	1.0
56831.0	1.0
56842.0	1.0
56853.0	1.0
56859.0	1.0
56872.0	1.0
56903.0	1.0
56944.0	1.0
56953.0	1.0
56954.0	1.0
56956.0	1.0
57038.0	1.0
57039.0	1.0
57058.0	1.0
57076.0	1.0
57082.0	1.0
57106.0	1.0
57108.0	1.0
57141.0	1.0
57164.0	1.0
57193.0	1.0
57197.0	1.0
57200.0	1.0
57225.0	1.0
57232.0	1.0
57248.0	1.0
57262.0	1.0
57263.0	1.0
57307.0	1.0
57310.0	1.0
57330.0	1.0
57336.0	1.0
57348.0	1.0
57357.0	1.0
57363.0	1.0
57387.0	1.0
57388.0	1.0
57400.0	1.0
57402.0	1.0
57420.0	1.0
57431.0	1.0
57437.0	1.0
57447.0	1.0
57464.0	1.0
57490.0	1.0
57506.0	1.0
57567.0	1.0
57574.0	1.0
57578.0	1.0
57584.0	1.0
57599.0	1.0
57605.0	1.0
57621.0	1.0
57636.0	1.0
57644.0	1.0
57647.0	1.0
57731.0	1.0
57739.0	1.0
57742.0	1.0
57757.0	1.0
57768.0	1.0
57788.0	1.0
57804.0	1.0
57806.0	1.0
57836.0	1.0
57846.0	1.0
57890.0	1.0
57926.0	1.0
57941.0	1.0
57954.0	1.0
57968.0	1.0
57983.0	1.0
58009.0	1.0
58033.0	1.0
58054.0	1.0
58069.0	1.0
58077.0	1.0
58176.0	1.0
58183.0	1.0
58188.0	1.0
58206.0	1.0
58217.0	1.0
58277.0	1.0
58288.0	1.0
58292.0	1.0
58302.0	1.0
58318.0	1.0
58321.0	1.0
58351.0	1.0
58372.0	1.0
58385.0	1.0
58405.0	1.0
58413.0	1.0
58415.0	1.0
58433.0	1.0
58438.0	1.0
58470.0	2.0
58484.0	1.0
58490.0	1.0
58494.0	1.0
58506.0	1.0
58509.0	1.0
58516.0	1.0
58541.0	1.0
58546.0	1.0
58555.0	1.0
58577.0	1.0
58578.0	1.0
58593.0	1.0
58601.0	1.0
58602.0	1.0
58663.0	1.0
58695.0	1.0
58697.0	1.0
58711.0	1.0
58728.0	1.0
58731.0	1.0
58737.0	1.0
58766.0	1.0
58767.0	1.0
58780.0	1.0
58808.0	1.0
58833.0	1.0
58837.0	1.0
58838.0	1.0
58853.0	1.0
58953.0	1.0
58999.0	1.0
59021.0	1.0
59052.0	2.0
59082.0	1.0
59111.0	1.0
59144.0	1.0
59181.0	1.0
59205.0	1.0
59212.0	1.0
59235.0	1.0
59240.0	1.0
59256.0	1.0
59264.0	1.0
59282.0	1.0
59290.0	1.0
59293.0	1.0
59300.0	1.0
59325.0	1.0
59390.0	1.0
59409.0	1.0
59420.0	1.0
59445.0	1.0
59447.0	1.0
59448.0	1.0
59483.0	1.0
59485.0	1.0
59499.0	1.0
59512.0	1.0
59542.0	1.0
59547.0	1.0
59548.0	1.0
59549.0	1.0
59559.0	1.0
59561.0	1.0
59613.0	1.0
59635.0	1.0
59643.0	1.0
59653.0	1.0
59654.0	1.0
59657.0	1.0
59665.0	1.0
59682.0	1.0
59717.0	1.0
59718.0	1.0
59725.0	1.0
59737.0	1.0
59741.0	1.0
59753.0	1.0
59772.0	1.0
59794.0	1.0
59831.0	1.0
59834.0	1.0
59842.0	1.0
59843.0	1.0
59864.0	1.0
59878.0	1.0
59887.0	1.0
59903.0	1.0
59908.0	1.0
59926.0	1.0
59948.0	1.0
59965.0	1.0
59969.0	1.0
59971.0	1.0
60012.0	1.0
60037.0	1.0
60056.0	1.0
60058.0	1.0
60090.0	1.0
60094.0	1.0
60107.0	1.0
60120.0	1.0
60168.0	1.0
60182.0	1.0
60199.0	1.0
60212.0	1.0
60261.0	1.0
60276.0	1.0
60280.0	1.0
60282.0	1.0
60306.0	1.0
60311.0	1.0
60312.0	1.0
60321.0	1.0
60333.0	1.0
60343.0	1.0
60360.0	1.0
60366.0	1.0
60374.0	1.0
60454.0	1.0
60459.0	1.0
60500.0	1.0
60519.0	1.0
60539.0	1.0
60545.0	1.0
60601.0	1.0
60606.0	1.0
60613.0	1.0
60618.0	1.0
60647.0	1.0
60662.0	1.0
60700.0	1.0
60703.0	1.0
60706.0	1.0
60713.0	1.0
60732.0	2.0
60758.0	1.0
60780.0	1.0
60782.0	1.0
60792.0	1.0
60800.0	1.0
60806.0	1.0
60810.0	1.0
60821.0	1.0
60831.0	1.0
60854.0	1.0
60865.0	1.0
60872.0	1.0
60883.0	1.0
60897.0	1.0
60907.0	1.0
60912.0	1.0
60917.0	1.0
60930.0	1.0
60932.0	1.0
60934.0	1.0
60937.0	1.0
60958.0	1.0
61000.0	1.0
61028.0	1.0
61031.0	1.0
61034.0	1.0
61053.0	1.0
61077.0	1.0
61086.0	1.0
61090.0	1.0
61099.0	1.0
61115.0	1.0
61130.0	1.0
61150.0	1.0
61172.0	1.0
61242.0	2.0
61248.0	1.0
61253.0	1.0
61279.0	1.0
61290.0	1.0
61304.0	1.0
61326.0	1.0
61333.0	1.0
61380.0	1.0
61384.0	1.0
61399.0	1.0
61409.0	1.0
61412.0	1.0
61424.0	1.0
61440.0	1.0
61481.0	1.0
61533.0	1.0
61553.0	1.0
61566.0	1.0
61569.0	2.0
61579.0	1.0
61588.0	1.0
61596.0	1.0
61602.0	1.0
61607.0	1.0
61615.0	1.0
61620.0	1.0
61624.0	1.0
61638.0	1.0
61639.0	1.0
61669.0	1.0
61704.0	1.0
61728.0	1.0
61736.0	1.0
61742.0	1.0
61749.0	1.0
61752.0	1.0
61761.0	1.0
61773.0	1.0
61784.0	1.0
61785.0	1.0
61788.0	1.0
61798.0	1.0
61800.0	1.0
61806.0	1.0
61818.0	1.0
61822.0	1.0
61831.0	1.0
61835.0	1.0
61853.0	1.0
61862.0	1.0
61870.0	1.0
61935.0	1.0
61938.0	1.0
61943.0	1.0
61951.0	1.0
61970.0	1.0
61978.0	1.0
61994.0	1.0
62036.0	1.0
62062.0	1.0
62147.0	1.0
62148.0	1.0
62158.0	1.0
62169.0	1.0
62183.0	1.0
62186.0	1.0
62193.0	1.0
62217.0	1.0
62218.0	1.0
62223.0	1.0
62231.0	1.0
62255.0	1.0
62267.0	1.0
62279.0	1.0
62287.0	1.0
62298.0	1.0
62327.0	1.0
62336.0	1.0
62338.0	1.0
62348.0	1.0
62351.0	1.0
62356.0	1.0
62454.0	1.0
62481.0	1.0
62486.0	1.0
62498.0	1.0
62524.0	1.0
62547.0	1.0
62554.0	1.0
62600.0	1.0
62605.0	1.0
62643.0	1.0
62645.0	1.0
62654.0	1.0
62663.0	1.0
62667.0	1.0
62681.0	1.0
62682.0	1.0
62690.0	1.0
62695.0	1.0
62700.0	1.0
62703.0	1.0
62705.0	1.0
62707.0	1.0
62710.0	1.0
62717.0	1.0
62739.0	1.0
62745.0	1.0
62770.0	1.0
62794.0	1.0
62795.0	1.0
62813.0	1.0
62842.0	2.0
62845.0	1.0
62847.0	1.0
62880.0	1.0
62883.0	1.0
62903.0	1.0
62915.0	1.0
62921.0	1.0
62938.0	1.0
62953.0	1.0
62965.0	1.0
62971.0	1.0
62976.0	1.0
62984.0	1.0
62988.0	1.0
63008.0	1.0
63017.0	1.0
63027.0	1.0
63028.0	1.0
63038.0	1.0
63039.0	1.0
63054.0	1.0
63055.0	1.0
63059.0	1.0
63061.0	1.0
63085.0	1.0
63094.0	1.0
63105.0	1.0
63121.0	1.0
63137.0	1.0
63148.0	1.0
63161.0	1.0
63170.0	1.0
63175.0	1.0
63188.0	1.0
63214.0	1.0
63220.0	1.0
63228.0	1.0
63232.0	1.0
63237.0	1.0
63245.0	1.0
63285.0	1.0
63286.0	1.0
63327.0	2.0
63334.0	1.0
63340.0	1.0
63345.0	1.0
63365.0	1.0
63397.0	1.0
63399.0	1.0
63414.0	1.0
63438.0	1.0
63439.0	1.0
63478.0	1.0
63479.0	1.0
63484.0	1.0
63553.0	1.0
63627.0	1.0
63651.0	1.0
63686.0	1.0
63701.0	1.0
63745.0	1.0
63746.0	1.0
63754.0	1.0
63762.0	1.0
63778.0	1.0
63788.0	1.0
63827.0	1.0
63837.0	1.0
63869.0	1.0
63884.0	1.0
63913.0	1.0
63948.0	1.0
64016.0	1.0
64029.0	1.0
64036.0	1.0
64040.0	1.0
64088.0	1.0
64131.0	1.0
64143.0	1.0
64170.0	1.0
64192.0	1.0
64194.0	1.0
64196.0	1.0
64207.0	1.0
64219.0	1.0
64235.0	1.0
64322.0	1.0
64333.0	1.0
64345.0	1.0
64395.0	1.0
64406.0	1.0
64453.0	1.0
64458.0	1.0
64471.0	1.0
64476.0	1.0
64529.0	1.0
64538.0	2.0
64555.0	1.0
64557.0	1.0
64566.0	1.0
64592.0	1.0
64630.0	1.0
64639.0	1.0
64651.0	1.0
64662.0	1.0
64666.0	1.0
64688.0	1.0
64710.0	1.0
64718.0	1.0
64731.0	1.0
64751.0	1.0
64759.0	1.0
64762.0	1.0
64793.0	1.0
64830.0	1.0
64832.0	1.0
64842.0	1.0
64845.0	1.0
64878.0	1.0
64888.0	1.0
64914.0	1.0
64918.0	1.0
64921.0	1.0
64926.0	1.0
64993.0	1.0
64995.0	1.0
65006.0	1.0
65010.0	1.0
65018.0	1.0
65047.0	1.0
65056.0	1.0
65110.0	1.0
65122.0	1.0
65142.0	1.0
65169.0	1.0
65170.0	1.0
65179.0	1.0
65194.0	1.0
65228.0	1.0
65232.0	2.0
65236.0	1.0
65250.0	1.0
65253.0	1.0
65262.0	1.0
65275.0	1.0
65310.0	1.0
65321.0	1.0
65339.0	1.0
65350.0	1.0
65377.0	1.0
65407.0	1.0
65415.0	1.0
65421.0	1.0
65437.0	1.0
65468.0	1.0
65500.0	2.0
65506.0	1.0
65530.0	1.0
65561.0	1.0
65562.0	1.0
65569.0	1.0
65593.0	1.0
65600.0	2.0
65614.0	1.0
65633.0	1.0
65663.0	1.0
65669.0	1.0
65675.0	1.0
65697.0	1.0
65734.0	1.0
65737.0	1.0
65766.0	1.0
65794.0	1.0
65848.0	2.0
65876.0	1.0
65878.0	1.0
65879.0	1.0
65928.0	1.0
65930.0	1.0
65932.0	1.0
65985.0	1.0
66068.0	1.0
66082.0	1.0
66083.0	1.0
66098.0	1.0
66137.0	1.0
66139.0	1.0
66145.0	1.0
66155.0	1.0
66164.0	1.0
66213.0	1.0
66254.0	1.0
66285.0	1.0
66312.0	1.0
66332.0	1.0
66363.0	1.0
66378.0	1.0
66385.0	1.0
66417.0	1.0
66460.0	1.0
66478.0	1.0
66483.0	1.0
66494.0	1.0
66503.0	1.0
66522.0	1.0
66571.0	1.0
66606.0	1.0
66612.0	1.0
66626.0	1.0
66665.0	2.0
66668.0	1.0
66679.0	1.0
66697.0	1.0
66755.0	1.0
66786.0	1.0
66810.0	1.0
66815.0	1.0
66873.0	1.0
67081.0	1.0
67096.0	1.0
67125.0	1.0
67140.0	1.0
67146.0	1.0
67163.0	1.0
67188.0	1.0
67192.0	1.0
67196.0	1.0
67237.0	1.0
67242.0	1.0
67264.0	1.0
67316.0	1.0
67332.0	1.0
67336.0	1.0
67371.0	1.0
67386.0	1.0
67387.0	1.0
67425.0	1.0
67437.0	1.0
67446.0	1.0
67488.0	1.0
67551.0	1.0
67563.0	1.0
67574.0	1.0
67585.0	1.0
67626.0	1.0
67665.0	1.0
67675.0	1.0
67678.0	1.0
67690.0	1.0
67704.0	1.0
67712.0	1.0
67732.0	1.0
67782.0	1.0
67787.0	1.0
67796.0	1.0
67848.0	1.0
67853.0	1.0
67899.0	1.0
67991.0	1.0
67995.0	1.0
68022.0	1.0
68035.0	1.0
68086.0	1.0
68109.0	1.0
68120.0	1.0
68218.0	1.0
68223.0	1.0
68253.0	1.0
68275.0	1.0
68286.0	1.0
68294.0	1.0
68307.0	1.0
68345.0	1.0
68349.0	1.0
68352.0	1.0
68367.0	2.0
68407.0	1.0
68465.0	1.0
68486.0	1.0
68487.0	1.0
68517.0	1.0
68522.0	1.0
68546.0	1.0
68564.0	1.0
68638.0	1.0
68714.0	1.0
68723.0	1.0
68729.0	1.0
68746.0	1.0
68764.0	1.0
68809.0	1.0
68822.0	1.0
68836.0	1.0
68892.0	1.0
68905.0	1.0
68913.0	1.0
68943.0	1.0
68979.0	1.0
68983.0	1.0
68989.0	1.0
69000.0	1.0
69006.0	1.0
69009.0	1.0
69024.0	1.0
69031.0	1.0
69037.0	1.0
69046.0	1.0
69120.0	1.0
69123.0	1.0
69138.0	1.0
69143.0	1.0
69173.0	1.0
69179.0	1.0
69189.0	1.0
69209.0	1.0
69220.0	1.0
69256.0	1.0
69265.0	1.0
69268.0	1.0
69344.0	1.0
69359.0	1.0
69370.0	1.0
69406.0	1.0
69408.0	1.0
69415.0	1.0
69443.0	1.0
69472.0	1.0
69475.0	1.0
69491.0	1.0
69501.0	1.0
69514.0	1.0
69601.0	1.0
69630.0	1.0
69644.0	1.0
69694.0	1.0
69724.0	1.0
69751.0	1.0
69816.0	1.0
69839.0	1.0
69841.0	1.0
69842.0	1.0
69849.0	1.0
69866.0	1.0
69963.0	1.0
70024.0	1.0
70031.0	1.0
70087.0	1.0
70119.0	1.0
70165.0	1.0
70195.0	1.0
70218.0	1.0
70230.0	1.0
70242.0	1.0
70275.0	1.0
70292.0	1.0
70294.0	1.0
70313.0	1.0
70324.0	1.0
70327.0	1.0
70331.0	1.0
70344.0	1.0
70360.0	1.0
70372.0	1.0
70377.0	1.0
70378.0	1.0
70391.0	1.0
70430.0	2.0
70434.0	1.0
70444.0	1.0
70465.0	1.0
70492.0	1.0
70504.0	1.0
70540.0	1.0
70553.0	1.0
70558.0	1.0
70563.0	1.0
70582.0	1.0
70588.0	1.0
70596.0	1.0
70677.0	1.0
70696.0	1.0
70699.0	1.0
70715.0	1.0
70723.0	1.0
70734.0	1.0
70781.0	1.0
70812.0	1.0
70838.0	1.0
70853.0	1.0
70865.0	1.0
70888.0	1.0
70908.0	1.0
70918.0	1.0
70921.0	1.0
70945.0	1.0
70952.0	1.0
71006.0	1.0
71023.0	1.0
71025.0	1.0
71117.0	1.0
71154.0	1.0
71161.0	1.0
71171.0	1.0
71191.0	2.0
71257.0	1.0
71261.0	1.0
71272.0	1.0
71278.0	1.0
71307.0	1.0
71326.0	1.0
71350.0	1.0
71358.0	1.0
71388.0	1.0
71405.0	1.0
71411.0	2.0
71419.0	1.0
71438.0	1.0
71548.0	1.0
71564.0	1.0
71583.0	1.0
71596.0	1.0
71641.0	1.0
71669.0	1.0
71699.0	1.0
71717.0	1.0
71718.0	1.0
71756.0	1.0
71775.0	1.0
71791.0	1.0
71820.0	1.0
71824.0	1.0
71832.0	1.0
71850.0	1.0
71859.0	1.0
71863.0	1.0
71935.0	1.0
71978.0	1.0
71998.0	1.0
72045.0	1.0
72083.0	1.0
72087.0	1.0
72114.0	1.0
72148.0	1.0
72179.0	1.0
72204.0	1.0
72207.0	1.0
72220.0	1.0
72245.0	1.0
72280.0	1.0
72282.0	1.0
72295.0	1.0
72386.0	1.0
72388.0	1.0
72393.0	1.0
72413.0	1.0
72414.0	1.0
72479.0	1.0
72641.0	1.0
72653.0	1.0
72716.0	1.0
72733.0	1.0
72752.0	1.0
72772.0	1.0
72849.0	1.0
72852.0	1.0
72911.0	1.0
72921.0	1.0
72925.0	1.0
72941.0	1.0
72953.0	1.0
72967.0	1.0
72999.0	1.0
73025.0	1.0
73040.0	1.0
73078.0	1.0
73083.0	1.0
73091.0	1.0
73093.0	1.0
73135.0	1.0
73148.0	1.0
73166.0	1.0
73176.0	1.0
73228.0	1.0
73295.0	1.0
73377.0	1.0
73385.0	1.0
73408.0	1.0
73421.0	1.0
73446.0	1.0
73489.0	1.0
73521.0	1.0
73524.0	1.0
73542.0	1.0
73560.0	1.0
73574.0	1.0
73623.0	1.0
73634.0	1.0
73643.0	1.0
73655.0	1.0
73660.0	1.0
73680.0	1.0
73696.0	1.0
73701.0	1.0
73730.0	2.0
73732.0	1.0
73744.0	1.0
73750.0	1.0
73771.0	1.0
73838.0	1.0
73891.0	1.0
73917.0	1.0
73919.0	1.0
73955.0	1.0
73990.0	1.0
73996.0	1.0
74001.0	1.0
74005.0	1.0
74039.0	1.0
74077.0	1.0
74093.0	1.0
74104.0	1.0
74120.0	1.0
74190.0	1.0
74209.0	1.0
74222.0	1.0
74233.0	1.0
74236.0	1.0
74237.0	1.0
74265.0	1.0
74312.0	1.0
74342.0	1.0
74356.0	1.0
74362.0	1.0
74404.0	1.0
74406.0	1.0
74480.0	1.0
74553.0	1.0
74554.0	1.0
74573.0	1.0
74593.0	1.0
74598.0	1.0
74601.0	1.0
74687.0	1.0
74696.0	1.0
74731.0	1.0
74799.0	1.0
74802.0	1.0
74810.0	1.0
74822.0	1.0
74859.0	1.0
74893.0	1.0
74899.0	1.0
74933.0	1.0
74964.0	1.0
74975.0	1.0
74990.0	1.0
74997.0	1.0
75093.0	1.0
75098.0	1.0
75140.0	1.0
75160.0	1.0
75207.0	1.0
75213.0	1.0
75221.0	1.0
75264.0	1.0
75271.0	1.0
75278.0	1.0
75286.0	2.0
75293.0	1.0
75322.0	1.0
75327.0	1.0
75342.0	1.0
75343.0	1.0
75359.0	1.0
75389.0	1.0
75411.0	1.0
75482.0	1.0
75488.0	1.0
75496.0	1.0
75519.0	1.0
75523.0	1.0
75554.0	1.0
75607.0	1.0
75614.0	1.0
75658.0	1.0
75674.0	1.0
75680.0	1.0
75744.0	1.0
75747.0	1.0
75788.0	1.0
75809.0	1.0
75810.0	1.0
75863.0	1.0
75873.0	1.0
75901.0	1.0
75932.0	1.0
75958.0	1.0
75977.0	1.0
75982.0	1.0
75985.0	1.0
75988.0	1.0
76038.0	1.0
76072.0	1.0
76097.0	1.0
76163.0	1.0
76192.0	1.0
76247.0	1.0
76272.0	1.0
76292.0	1.0
76328.0	2.0
76350.0	1.0
76352.0	1.0
76383.0	1.0
76427.0	1.0
76449.0	1.0
76476.0	1.0
76487.0	1.0
76501.0	1.0
76503.0	2.0
76510.0	1.0
76515.0	1.0
76517.0	1.0
76526.0	1.0
76529.0	1.0
76556.0	1.0
76641.0	2.0
76647.0	1.0
76698.0	1.0
76707.0	1.0
76720.0	1.0
76730.0	1.0
76755.0	1.0
76805.0	1.0
76809.0	1.0
76867.0	1.0
76877.0	1.0
76889.0	1.0
76899.0	1.0
76937.0	1.0
76951.0	1.0
76985.0	1.0
77100.0	1.0
77116.0	1.0
77124.0	1.0
77138.0	1.0
77194.0	1.0
77230.0	1.0
77272.0	1.0
77276.0	1.0
77279.0	1.0
77322.0	1.0
77383.0	1.0
77391.0	1.0
77397.0	1.0
77441.0	1.0
77456.0	1.0
77475.0	1.0
77495.0	1.0
77564.0	1.0
77761.0	1.0
77765.0	1.0
77781.0	1.0
77807.0	1.0
77883.0	1.0
77894.0	1.0
77923.0	1.0
77953.0	1.0
77975.0	1.0
78032.0	1.0
78042.0	1.0
78074.0	1.0
78126.0	1.0
78135.0	1.0
78166.0	2.0
78171.0	1.0
78228.0	1.0
78319.0	1.0
78329.0	1.0
78395.0	1.0
78405.0	1.0
78447.0	1.0
78482.0	1.0
78547.0	1.0
78565.0	1.0
78574.0	1.0
78576.0	1.0
78624.0	1.0
78625.0	1.0
78626.0	1.0
78639.0	1.0
78723.0	1.0
78738.0	1.0
78755.0	1.0
78759.0	1.0
78774.0	1.0
78781.0	1.0
78792.0	1.0
78815.0	1.0
78816.0	1.0
78831.0	1.0
78862.0	1.0
78866.0	1.0
78881.0	1.0
78897.0	1.0
78910.0	1.0
79014.0	1.0
79027.0	1.0
79031.0	1.0
79050.0	1.0
79092.0	1.0
79094.0	1.0
79139.0	1.0
79182.0	1.0
79202.0	1.0
79283.0	1.0
79290.0	1.0
79373.0	1.0
79410.0	1.0
79469.0	1.0
79472.0	1.0
79509.0	1.0
79524.0	1.0
79542.0	1.0
79566.0	1.0
79595.0	1.0
79596.0	1.0
79687.0	1.0
79698.0	1.0
79722.0	1.0
79723.0	1.0
79749.0	1.0
79756.0	1.0
79783.0	1.0
79835.0	1.0
79863.0	1.0
79871.0	1.0
79893.0	1.0
79949.0	1.0
79956.0	1.0
79994.0	1.0
80011.0	1.0
80015.0	1.0
80037.0	1.0
80054.0	1.0
80088.0	1.0
80141.0	1.0
80148.0	1.0
80155.0	1.0
80205.0	1.0
80209.0	1.0
80247.0	1.0
80280.0	1.0
80287.0	1.0
80425.0	1.0
80495.0	1.0
80513.0	1.0
80518.0	1.0
80543.0	1.0
80548.0	1.0
80611.0	1.0
80623.0	1.0
80646.0	1.0
80662.0	1.0
80743.0	1.0
80770.0	1.0
80823.0	1.0
80833.0	1.0
80835.0	1.0
80867.0	1.0
80873.0	1.0
80901.0	1.0
80975.0	1.0
80999.0	1.0
81015.0	1.0
81072.0	1.0
81094.0	1.0
81100.0	2.0
81105.0	1.0
81112.0	1.0
81121.0	1.0
81130.0	1.0
81135.0	1.0
81212.0	1.0
81251.0	1.0
81266.0	1.0
81277.0	1.0
81296.0	1.0
81324.0	1.0
81360.0	1.0
81403.0	1.0
81427.0	1.0
81442.0	1.0
81446.0	1.0
81469.0	1.0
81474.0	1.0
81499.0	1.0
81515.0	1.0
81536.0	1.0
81542.0	1.0
81629.0	1.0
81673.0	1.0
81694.0	1.0
81706.0	1.0
81717.0	2.0
81730.0	1.0
81753.0	1.0
81762.0	1.0
81764.0	1.0
81772.0	1.0
81806.0	1.0
81807.0	1.0
81826.0	1.0
81888.0	1.0
81949.0	1.0
81987.0	1.0
82068.0	1.0
82076.0	1.0
82105.0	1.0
82107.0	1.0
82143.0	1.0
82159.0	1.0
82171.0	1.0
82212.0	1.0
82232.0	1.0
82242.0	1.0
82279.0	1.0
82287.0	1.0
82410.0	1.0
82433.0	1.0
82493.0	1.0
82500.0	1.0
82518.0	1.0
82541.0	1.0
82592.0	1.0
82610.0	1.0
82676.0	1.0
82679.0	1.0
82691.0	2.0
82702.0	1.0
82712.0	1.0
82726.0	1.0
82765.0	1.0
82772.0	1.0
82804.0	1.0
82806.0	1.0
82809.0	1.0
82815.0	1.0
82867.0	1.0
82885.0	1.0
82916.0	1.0
82957.0	1.0
82959.0	1.0
82978.0	1.0
82980.0	1.0
83015.0	1.0
83023.0	1.0
83044.0	1.0
83065.0	1.0
83076.0	1.0
83084.0	1.0
83089.0	1.0
83107.0	1.0
83120.0	1.0
83140.0	1.0
83158.0	1.0
83204.0	1.0
83206.0	1.0
83230.0	1.0
83231.0	1.0
83267.0	2.0
83272.0	1.0
83282.0	1.0
83291.0	1.0
83311.0	2.0
83324.0	1.0
83342.0	1.0
83343.0	1.0
83361.0	1.0
83415.0	1.0
83422.0	1.0
83425.0	2.0
83431.0	1.0
83454.0	1.0
83482.0	1.0
83517.0	1.0
83533.0	1.0
83545.0	1.0
83574.0	1.0
83587.0	1.0
83692.0	1.0
83707.0	1.0
83709.0	1.0
83728.0	1.0
83739.0	1.0
83753.0	1.0
83784.0	1.0
83793.0	1.0
83803.0	1.0
83804.0	1.0
83808.0	1.0
83850.0	1.0
83867.0	1.0
83879.0	1.0
83904.0	1.0
83907.0	1.0
83920.0	1.0
83956.0	1.0
83962.0	1.0
83973.0	1.0
84011.0	1.0
84027.0	1.0
84038.0	1.0
84061.0	1.0
84089.0	1.0
84106.0	1.0
84145.0	1.0
84167.0	1.0
84169.0	1.0
84184.0	1.0
84206.0	1.0
84214.0	1.0
84223.0	1.0
84234.0	1.0
84355.0	1.0
84382.0	1.0
84388.0	1.0
84389.0	1.0
84404.0	1.0
84411.0	1.0
84435.0	1.0
84436.0	1.0
84501.0	1.0
84506.0	1.0
84517.0	1.0
84563.0	1.0
84598.0	1.0
84697.0	1.0
84699.0	1.0
84704.0	1.0
84707.0	1.0
84782.0	1.0
84798.0	1.0
84839.0	1.0
84862.0	1.0
84867.0	1.0
84886.0	1.0
84950.0	1.0
84990.0	1.0
85002.0	1.0
85005.0	1.0
85023.0	1.0
85024.0	1.0
85072.0	1.0
85132.0	1.0
85148.0	1.0
85170.0	1.0
85246.0	1.0
85248.0	1.0
85285.0	1.0
85289.0	1.0
85333.0	1.0
85358.0	2.0
85369.0	1.0
85382.0	1.0
85398.0	1.0
85415.0	1.0
85431.0	1.0
85468.0	1.0
85476.0	1.0
85483.0	1.0
85543.0	1.0
85568.0	1.0
85576.0	1.0
85621.0	1.0
85627.0	1.0
85633.0	1.0
85677.0	2.0
85704.0	1.0
85706.0	1.0
85742.0	1.0
85775.0	1.0
85816.0	1.0
85858.0	1.0
85879.0	1.0
85916.0	1.0
85921.0	1.0
85948.0	1.0
85972.0	1.0
86010.0	1.0
86027.0	1.0
86048.0	1.0
86059.0	2.0
86067.0	1.0
86070.0	1.0
86082.0	1.0
86100.0	1.0
86111.0	1.0
86115.0	1.0
86126.0	1.0
86150.0	1.0
86161.0	1.0
86162.0	1.0
86171.0	1.0
86176.0	1.0
86192.0	1.0
86217.0	1.0
86230.0	1.0
86233.0	1.0
86248.0	1.0
86261.0	1.0
86279.0	1.0
86339.0	1.0
86399.0	1.0
86408.0	1.0
86425.0	1.0
86513.0	1.0
86562.0	1.0
86577.0	1.0
86587.0	1.0
86597.0	1.0
86620.0	1.0
86659.0	1.0
86664.0	1.0
86665.0	1.0
86711.0	1.0
86749.0	1.0
86761.0	1.0
86770.0	1.0
86796.0	1.0
86816.0	1.0
86873.0	1.0
86874.0	1.0
86877.0	1.0
86888.0	1.0
86895.0	1.0
86918.0	1.0
86921.0	1.0
86922.0	1.0
86930.0	1.0
86936.0	1.0
86947.0	1.0
86967.0	1.0
86970.0	1.0
86980.0	1.0
87029.0	1.0
87061.0	1.0
87084.0	1.0
87092.0	1.0
87095.0	1.0
87097.0	1.0
87098.0	1.0
87118.0	1.0
87130.0	1.0
87188.0	1.0
87191.0	1.0
87240.0	1.0
87257.0	1.0
87259.0	1.0
87280.0	1.0
87301.0	1.0
87310.0	1.0
87317.0	1.0
87324.0	1.0
87326.0	1.0
87332.0	1.0
87335.0	1.0
87376.0	1.0
87383.0	1.0
87412.0	1.0
87447.0	1.0
87479.0	1.0
87497.0	1.0
87501.0	1.0
87564.0	1.0
87608.0	1.0
87676.0	1.0
87678.0	1.0
87681.0	1.0
87686.0	1.0
87692.0	1.0
87717.0	1.0
87802.0	1.0
87807.0	1.0
87817.0	1.0
87871.0	1.0
87884.0	1.0
87901.0	1.0
87984.0	1.0
88013.0	1.0
88021.0	1.0
88044.0	1.0
88050.0	1.0
88177.0	1.0
88178.0	1.0
88179.0	1.0
88195.0	1.0
88207.0	1.0
88246.0	1.0
88271.0	1.0
88303.0	1.0
88314.0	1.0
88327.0	1.0
88365.0	1.0
88403.0	1.0
88478.0	1.0
88579.0	1.0
88588.0	1.0
88607.0	1.0
88626.0	1.0
88628.0	1.0
88629.0	1.0
88644.0	1.0
88645.0	1.0
88647.0	1.0
88664.0	1.0
88698.0	1.0
88730.0	1.0
88739.0	1.0
88751.0	1.0
88774.0	1.0
88780.0	1.0
88800.0	1.0
88807.0	1.0
88825.0	1.0
88883.0	1.0
88906.0	1.0
88960.0	1.0
88977.0	1.0
89056.0	1.0
89062.0	1.0
89068.0	1.0
89085.0	1.0
89128.0	2.0
89129.0	1.0
89130.0	1.0
89139.0	1.0
89170.0	1.0
89173.0	1.0
89203.0	1.0
89255.0	1.0
89270.0	1.0
89284.0	1.0
89367.0	1.0
89368.0	2.0
89372.0	1.0
89484.0	1.0
89533.0	1.0
89544.0	1.0
89552.0	1.0
89555.0	1.0
89569.0	1.0
89571.0	1.0
89616.0	1.0
89642.0	1.0
89660.0	1.0
89678.0	1.0
89683.0	1.0
89743.0	1.0
89774.0	1.0
89834.0	1.0
89840.0	1.0
89853.0	1.0
89861.0	1.0
89887.0	1.0
89916.0	1.0
89991.0	1.0
90017.0	1.0
90050.0	2.0
90090.0	1.0
90095.0	1.0
90129.0	1.0
90159.0	1.0
90167.0	1.0
90183.0	1.0
90191.0	1.0
90232.0	1.0
90242.0	1.0
90267.0	1.0
90274.0	1.0
90280.0	1.0
90291.0	1.0
90312.0	1.0
90313.0	1.0
90322.0	1.0
90349.0	1.0
90368.0	1.0
90373.0	1.0
90378.0	1.0
90383.0	1.0
90394.0	1.0
90419.0	1.0
90420.0	1.0
90430.0	1.0
90447.0	1.0
90482.0	1.0
90511.0	1.0
90513.0	1.0
90525.0	1.0
90543.0	1.0
90550.0	1.0
90564.0	1.0
90574.0	1.0
90589.0	1.0
90609.0	1.0
90615.0	1.0
90620.0	1.0
90631.0	1.0
90655.0	1.0
90658.0	1.0
90675.0	1.0
90688.0	1.0
90697.0	1.0
90709.0	1.0
90717.0	1.0
90727.0	1.0
90735.0	1.0
90782.0	1.0
90787.0	1.0
90834.0	1.0
90837.0	1.0
90839.0	1.0
90849.0	1.0
90872.0	1.0
90892.0	1.0
90930.0	1.0
90951.0	1.0
90966.0	1.0
90989.0	1.0
91001.0	1.0
91009.0	1.0
91022.0	1.0
91107.0	1.0
91128.0	1.0
91138.0	1.0
91177.0	1.0
91205.0	1.0
91239.0	1.0
91249.0	1.0
91252.0	1.0
91278.0	1.0
91280.0	1.0
91318.0	1.0
91328.0	1.0
91338.0	2.0
91343.0	1.0
91347.0	1.0
91360.0	1.0
91394.0	1.0
91411.0	1.0
91425.0	1.0
91474.0	1.0
91488.0	1.0
91491.0	1.0
91532.0	1.0
91534.0	1.0
91539.0	2.0
91548.0	1.0
91552.0	1.0
91693.0	1.0
91711.0	1.0
91719.0	1.0
91726.0	1.0
91736.0	1.0
91779.0	1.0
91788.0	2.0
91797.0	1.0
91808.0	1.0
91846.0	1.0
91866.0	1.0
91873.0	1.0
91875.0	1.0
91956.0	1.0
91965.0	1.0
91985.0	1.0
92013.0	1.0
92016.0	1.0
92065.0	1.0
92159.0	1.0
92174.0	1.0
92180.0	1.0
92221.0	1.0
92238.0	1.0
92261.0	1.0
92293.0	1.0
92310.0	1.0
92311.0	1.0
92331.0	1.0
92339.0	1.0
92345.0	1.0
92366.0	1.0
92388.0	1.0
92399.0	1.0
92407.0	1.0
92413.0	1.0
92452.0	1.0
92480.0	1.0
92482.0	1.0
92523.0	1.0
92539.0	1.0
92543.0	1.0
92547.0	1.0
92561.0	1.0
92565.0	1.0
92583.0	1.0
92587.0	1.0
92591.0	1.0
92607.0	1.0
92614.0	1.0
92646.0	1.0
92700.0	1.0
92724.0	1.0
92731.0	1.0
92749.0	1.0
92750.0	2.0
92757.0	1.0
92773.0	1.0
92780.0	1.0
92808.0	1.0
92818.0	1.0
92840.0	1.0
92880.0	1.0
92891.0	1.0
92893.0	1.0
92908.0	1.0
92954.0	1.0
92961.0	1.0
93006.0	1.0
93030.0	1.0
93070.0	1.0
93074.0	1.0
93075.0	1.0
93078.0	2.0
93107.0	1.0
93133.0	1.0
93136.0	1.0
93145.0	1.0
93152.0	1.0
93179.0	1.0
93213.0	1.0
93231.0	1.0
93234.0	1.0
93249.0	1.0
93264.0	1.0
93278.0	1.0
93323.0	1.0
93379.0	1.0
93381.0	1.0
93387.0	1.0
93411.0	1.0
93467.0	1.0
93496.0	1.0
93502.0	1.0
93520.0	1.0
93530.0	1.0
93562.0	1.0
93572.0	1.0
93576.0	1.0
93607.0	1.0
93610.0	1.0
93628.0	1.0
93639.0	1.0
93650.0	1.0
93656.0	1.0
93660.0	1.0
93677.0	1.0
93687.0	1.0
93689.0	1.0
93716.0	1.0
93723.0	1.0
93748.0	1.0
93755.0	1.0
93765.0	1.0
93770.0	1.0
93802.0	1.0
93807.0	1.0
93814.0	1.0
93827.0	1.0
93830.0	1.0
93874.0	1.0
93882.0	1.0
93929.0	1.0
93943.0	1.0
93945.0	1.0
93981.0	1.0
93986.0	1.0
94023.0	2.0
94033.0	1.0
94047.0	1.0
94050.0	1.0
94052.0	1.0
94075.0	1.0
94089.0	1.0
94117.0	1.0
94134.0	1.0
94137.0	1.0
94154.0	1.0
94164.0	1.0
94174.0	1.0
94175.0	1.0
94176.0	1.0
94178.0	1.0
94190.0	1.0
94200.0	1.0
94206.0	1.0
94237.0	1.0
94248.0	1.0
94250.0	1.0
94286.0	1.0
94292.0	1.0
94315.0	1.0
94340.0	1.0
94365.0	1.0
94366.0	1.0
94377.0	1.0
94383.0	1.0
94433.0	1.0
94443.0	1.0
94444.0	1.0
94474.0	1.0
94516.0	1.0
94520.0	1.0
94532.0	1.0
94539.0	1.0
94550.0	1.0
94587.0	1.0
94604.0	1.0
94675.0	1.0
94705.0	1.0
94706.0	1.0
94718.0	1.0
94719.0	1.0
94741.0	1.0
94746.0	1.0
94758.0	1.0
94759.0	1.0
94777.0	1.0
94809.0	1.0
94825.0	1.0
94842.0	1.0
94843.0	2.0
94861.0	1.0
94874.0	1.0
94911.0	1.0
94931.0	1.0
94940.0	1.0
94962.0	1.0
94971.0	1.0
95057.0	1.0
95068.0	2.0
95069.0	1.0
95081.0	1.0
95085.0	1.0
95095.0	1.0
95105.0	1.0
95134.0	1.0
95141.0	1.0
95174.0	1.0
95177.0	1.0
95214.0	1.0
95215.0	1.0
95218.0	1.0
95225.0	1.0
95240.0	1.0
95244.0	1.0
95249.0	1.0
95267.0	1.0
95274.0	1.0
95278.0	1.0
95300.0	1.0
95304.0	1.0
95311.0	1.0
95315.0	1.0
95317.0	1.0
95318.0	1.0
95320.0	1.0
95335.0	1.0
95367.0	1.0
95381.0	1.0
95413.0	1.0
95421.0	1.0
95425.0	1.0
95432.0	1.0
95433.0	1.0
95475.0	1.0
95478.0	1.0
95487.0	1.0
95534.0	2.0
95535.0	1.0
95546.0	1.0
95562.0	1.0
95612.0	1.0
95616.0	1.0
95636.0	1.0
95642.0	1.0
95664.0	1.0
95669.0	1.0
95692.0	1.0
95722.0	1.0
95723.0	1.0
95746.0	1.0
95764.0	1.0
95812.0	1.0
95814.0	1.0
95862.0	1.0
95882.0	1.0
95883.0	1.0
95889.0	1.0
95895.0	1.0
95907.0	1.0
95914.0	1.0
96017.0	1.0
96030.0	1.0
96067.0	1.0
96072.0	1.0
96131.0	2.0
96161.0	1.0
96255.0	1.0
96268.0	1.0
96272.0	1.0
96284.0	1.0
96297.0	1.0
96313.0	1.0
96314.0	1.0
96323.0	1.0
96325.0	1.0
96331.0	1.0
96362.0	1.0
96458.0	1.0
96466.0	1.0
96477.0	1.0
96550.0	1.0
96613.0	1.0
96619.0	1.0
96620.0	1.0
96672.0	1.0
96742.0	1.0
96760.0	1.0
96765.0	1.0
96795.0	1.0
96803.0	1.0
96898.0	1.0
96935.0	1.0
96956.0	1.0
96973.0	1.0
96975.0	1.0
96984.0	1.0
97022.0	1.0
97024.0	1.0
97044.0	1.0
97070.0	1.0
97077.0	1.0
97093.0	1.0
97100.0	1.0
97103.0	1.0
97153.0	1.0
97164.0	1.0
97181.0	1.0
97188.0	1.0
97263.0	1.0
97266.0	1.0
97333.0	1.0
97377.0	1.0
97416.0	1.0
97480.0	1.0
97530.0	1.0
97548.0	1.0
97576.0	1.0
97597.0	1.0
97602.0	1.0
97643.0	1.0
97649.0	1.0
97675.0	1.0
97737.0	1.0
97749.0	1.0
97759.0	1.0
97765.0	1.0
97780.0	2.0
97815.0	1.0
97860.0	1.0
97868.0	1.0
97927.0	1.0
97950.0	1.0
97953.0	1.0
97962.0	1.0
97979.0	1.0
97982.0	1.0
97986.0	1.0
98088.0	1.0
98104.0	1.0
98109.0	1.0
98112.0	1.0
98114.0	1.0
98116.0	1.0
98140.0	1.0
98152.0	1.0
98159.0	1.0
98188.0	1.0
98213.0	1.0
98311.0	1.0
98339.0	1.0
98343.0	1.0
98365.0	1.0
98392.0	1.0
98401.0	1.0
98405.0	1.0
98455.0	1.0
98460.0	2.0
98520.0	1.0
98558.0	1.0
98570.0	1.0
98571.0	1.0
98579.0	1.0
98604.0	1.0
98615.0	1.0
98661.0	1.0
98700.0	1.0
98702.0	1.0
98724.0	1.0
98744.0	1.0
98789.0	1.0
98867.0	1.0
98930.0	1.0
98990.0	1.0
99033.0	1.0
99036.0	1.0
99128.0	1.0
99215.0	1.0
99219.0	1.0
99272.0	1.0
99289.0	1.0
99329.0	1.0
99367.0	1.0
99370.0	1.0
99467.0	1.0
99471.0	1.0
99499.0	1.0
99501.0	1.0
99530.0	1.0
99542.0	1.0
99551.0	1.0
99598.0	1.0
99606.0	1.0
99609.0	1.0
99619.0	1.0
99692.0	1.0
99744.0	1.0
99746.0	1.0
99749.0	1.0
99785.0	1.0
99883.0	1.0
99893.0	1.0
99895.0	1.0
99966.0	1.0
99971.0	1.0
99992.0	1.0
100020.0	1.0
100070.0	1.0
100091.0	1.0
100107.0	1.0
100135.0	1.0
100228.0	1.0
100236.0	1.0
100251.0	1.0
100387.0	1.0
100442.0	1.0
100481.0	1.0
100490.0	1.0
100519.0	1.0
100536.0	1.0
100572.0	1.0
100574.0	2.0
100633.0	1.0
100695.0	1.0
100703.0	1.0
100704.0	1.0
100715.0	1.0
100730.0	1.0
100771.0	1.0
100796.0	1.0
100809.0	1.0
100822.0	1.0
100856.0	1.0
100898.0	1.0
100933.0	1.0
101033.0	1.0
101051.0	1.0
101142.0	1.0
101163.0	1.0
101171.0	1.0
101177.0	1.0
101179.0	1.0
101187.0	1.0
101278.0	1.0
101293.0	1.0
101316.0	1.0
101331.0	1.0
101360.0	2.0
101373.0	1.0
101403.0	1.0
101404.0	1.0
101436.0	1.0
101464.0	1.0
101494.0	1.0
101498.0	1.0
101507.0	1.0
101528.0	1.0
101591.0	1.0
101609.0	1.0
101619.0	1.0
101678.0	1.0
101684.0	1.0
101754.0	1.0
101765.0	1.0
101805.0	1.0
101816.0	1.0
101828.0	1.0
101863.0	1.0
101886.0	2.0
101902.0	1.0
101907.0	1.0
101914.0	1.0
101950.0	1.0
101992.0	1.0
102031.0	1.0
102042.0	1.0
102074.0	1.0
102101.0	1.0
102163.0	1.0
102174.0	1.0
102190.0	1.0
102202.0	1.0
102216.0	1.0
102230.0	1.0
102233.0	1.0
102288.0	1.0
102329.0	1.0
102353.0	1.0
102355.0	1.0
102394.0	1.0
102412.0	1.0
102428.0	1.0
102444.0	1.0
102448.0	1.0
102464.0	1.0
102465.0	1.0
102541.0	1.0
102584.0	1.0
102611.0	1.0
102634.0	1.0
102734.0	1.0
102761.0	1.0
102801.0	1.0
102806.0	1.0
102828.0	1.0
102829.0	1.0
102856.0	1.0
102884.0	1.0
102910.0	1.0
102946.0	1.0
102955.0	1.0
102965.0	1.0
102988.0	1.0
103007.0	1.0
103035.0	1.0
103090.0	1.0
103126.0	1.0
103138.0	1.0
103162.0	1.0
103180.0	1.0
103182.0	1.0
103189.0	1.0
103229.0	1.0
103267.0	1.0
103319.0	1.0
103328.0	1.0
103365.0	1.0
103422.0	1.0
103481.0	1.0
103488.0	1.0
103496.0	1.0
103677.0	1.0
103678.0	1.0
103699.0	1.0
103715.0	1.0
103724.0	1.0
103726.0	1.0
103786.0	1.0
103793.0	1.0
103855.0	1.0
104001.0	1.0
104005.0	1.0
104060.0	1.0
104098.0	1.0
104113.0	1.0
104143.0	1.0
104182.0	1.0
104252.0	1.0
104300.0	1.0
104329.0	1.0
104432.0	1.0
104448.0	1.0
104510.0	1.0
104583.0	1.0
104584.0	1.0
104618.0	1.0
104646.0	1.0
104717.0	1.0
104762.0	1.0
104810.0	1.0
104816.0	1.0
104900.0	1.0
104941.0	1.0
104976.0	1.0
104995.0	1.0
104999.0	1.0
105086.0	1.0
105093.0	1.0
105150.0	1.0
105191.0	1.0
105426.0	1.0
105452.0	1.0
105486.0	1.0
105496.0	1.0
105564.0	1.0
105631.0	1.0
105646.0	1.0
105650.0	1.0
105707.0	1.0
105771.0	1.0
105834.0	1.0
105855.0	1.0
105957.0	1.0
105972.0	1.0
105975.0	1.0
106146.0	1.0
106152.0	1.0
106234.0	1.0
106321.0	1.0
106381.0	1.0
106409.0	1.0
106451.0	1.0
106526.0	1.0
106599.0	1.0
106601.0	1.0
106612.0	1.0
106652.0	1.0
106669.0	1.0
106679.0	1.0
106685.0	1.0
106724.0	1.0
106827.0	1.0
106833.0	1.0
106849.0	1.0
106874.0	1.0
106948.0	1.0
106951.0	1.0
106959.0	1.0
107036.0	1.0
107042.0	1.0
107046.0	1.0
107098.0	1.0
107142.0	1.0
107143.0	1.0
107157.0	1.0
107169.0	1.0
107253.0	1.0
107331.0	1.0
107368.0	1.0
107372.0	1.0
107400.0	1.0
107635.0	1.0
107677.0	1.0
107701.0	1.0
107721.0	1.0
107731.0	1.0
107764.0	1.0
107781.0	1.0
107817.0	1.0
107821.0	1.0
107930.0	1.0
107942.0	1.0
108120.0	1.0
108147.0	1.0
108174.0	1.0
108199.0	1.0
108286.0	1.0
108317.0	1.0
108358.0	1.0
108367.0	1.0
108509.0	1.0
108514.0	1.0
108551.0	1.0
108554.0	1.0
108667.0	1.0
108720.0	1.0
108745.0	1.0
108769.0	1.0
108846.0	1.0
108891.0	1.0
108903.0	1.0
108959.0	1.0
108983.0	1.0
108998.0	1.0
109013.0	1.0
109053.0	1.0
109117.0	1.0
109141.0	1.0
109143.0	1.0
109161.0	1.0
109162.0	1.0
109175.0	1.0
109191.0	1.0
109192.0	1.0
109213.0	1.0
109242.0	1.0
109336.0	1.0
109342.0	1.0
109415.0	1.0
109457.0	1.0
109487.0	1.0
109503.0	1.0
109521.0	1.0
109616.0	1.0
109646.0	1.0
109676.0	1.0
109693.0	1.0
109697.0	1.0
109758.0	1.0
109770.0	1.0
109841.0	1.0
109871.0	1.0
109883.0	1.0
109928.0	1.0
109929.0	1.0
109955.0	1.0
110024.0	1.0
110035.0	1.0
110061.0	1.0
110134.0	1.0
110141.0	1.0
110155.0	1.0
110204.0	1.0
110213.0	1.0
110291.0	1.0
110355.0	1.0
110386.0	1.0
110531.0	1.0
110626.0	1.0
110646.0	1.0
110661.0	1.0
110683.0	1.0
110699.0	1.0
110805.0	1.0
110846.0	1.0
110861.0	1.0
110925.0	1.0
111010.0	1.0
111099.0	1.0
111109.0	1.0
111140.0	1.0
111172.0	1.0
111269.0	1.0
111292.0	1.0
111315.0	1.0
111323.0	1.0
111400.0	1.0
111549.0	1.0
111614.0	1.0
111663.0	1.0
111703.0	1.0
111848.0	1.0
111873.0	1.0
111892.0	1.0
111958.0	1.0
112018.0	1.0
112022.0	1.0
112126.0	1.0
112181.0	1.0
112186.0	1.0
112237.0	1.0
112356.0	1.0
112357.0	1.0
112360.0	1.0
112423.0	1.0
112448.0	1.0
112507.0	1.0
112530.0	1.0
112550.0	1.0
112602.0	1.0
112654.0	1.0
112676.0	1.0
112710.0	1.0
112764.0	1.0
112777.0	1.0
112798.0	1.0
112896.0	1.0
112919.0	1.0
113007.0	1.0
113081.0	1.0
113135.0	1.0
113229.0	1.0
113234.0	1.0
113244.0	1.0
113245.0	1.0
113283.0	1.0
113314.0	1.0
113476.0	1.0
113514.0	1.0
113541.0	1.0
113601.0	1.0
113610.0	1.0
113655.0	1.0
113683.0	1.0
113943.0	1.0
113949.0	1.0
113952.0	1.0
114009.0	1.0
114158.0	1.0
114167.0	1.0
114247.0	1.0
114285.0	1.0
114348.0	1.0
114351.0	1.0
114499.0	1.0
114567.0	1.0
114604.0	1.0
114656.0	1.0
114731.0	1.0
114839.0	1.0
114878.0	1.0
115005.0	1.0
115114.0	1.0
115237.0	1.0
115252.0	1.0
115279.0	1.0
115414.0	1.0
115433.0	1.0
115444.0	1.0
115487.0	1.0
115654.0	1.0
115813.0	1.0
115832.0	1.0
115863.0	1.0
115881.0	1.0
116052.0	1.0
116095.0	1.0
116123.0	1.0
116241.0	1.0
116263.0	1.0
116294.0	1.0
116297.0	1.0
116395.0	1.0
116681.0	1.0
116739.0	1.0
116759.0	1.0
116882.0	1.0
116895.0	1.0
116901.0	1.0
116927.0	1.0
116998.0	1.0
117168.0	1.0
117191.0	1.0
117192.0	1.0
117246.0	1.0
117299.0	1.0
117452.0	1.0
117484.0	1.0
117536.0	1.0
117630.0	1.0
117836.0	1.0
117844.0	1.0
117978.0	1.0
118061.0	1.0
118073.0	1.0
118115.0	1.0
118158.0	1.0
118403.0	1.0
118453.0	1.0
118467.0	1.0
118530.0	1.0
118533.0	1.0
118608.0	1.0
118692.0	1.0
118701.0	1.0
118708.0	1.0
118717.0	1.0
118774.0	1.0
118779.0	1.0
118805.0	1.0
118813.0	1.0
118862.0	1.0
118867.0	1.0
118911.0	1.0
118927.0	1.0
118938.0	1.0
118982.0	1.0
119004.0	1.0
119025.0	1.0
119078.0	1.0
119094.0	1.0
119177.0	1.0
119192.0	1.0
119247.0	1.0
119267.0	1.0
119337.0	1.0
119413.0	1.0
119414.0	1.0
119423.0	1.0
119508.0	1.0
119517.0	1.0
119541.0	1.0
119643.0	1.0
119687.0	1.0
119717.0	1.0
119927.0	1.0
119937.0	1.0
119940.0	1.0
119970.0	1.0
120161.0	1.0
120208.0	1.0
120252.0	1.0
120254.0	1.0
120263.0	1.0
120310.0	1.0
120358.0	1.0
120392.0	1.0
120469.0	1.0
120493.0	1.0
120515.0	1.0
120569.0	1.0
120579.0	1.0
120596.0	1.0
120607.0	1.0
120608.0	1.0
120684.0	1.0
120715.0	1.0
120747.0	1.0
120820.0	2.0
120833.0	1.0
120836.0	1.0
120860.0	1.0
120899.0	1.0
121028.0	1.0
121038.0	1.0
121056.0	1.0
121119.0	1.0
121135.0	1.0
121179.0	1.0
121354.0	1.0
121437.0	1.0
121476.0	1.0
121579.0	1.0
121655.0	1.0
121770.0	1.0
121807.0	1.0
121855.0	1.0
121925.0	1.0
121936.0	1.0
121986.0	1.0
121994.0	1.0
122006.0	1.0
122038.0	1.0
122061.0	1.0
122116.0	1.0
122138.0	1.0
122180.0	1.0
122406.0	1.0
122439.0	1.0
122696.0	1.0
122747.0	1.0
122849.0	1.0
122961.0	1.0
122975.0	1.0
123085.0	1.0
123091.0	1.0
123165.0	1.0
123208.0	1.0
123307.0	1.0
123335.0	1.0
123436.0	1.0
123516.0	1.0
123633.0	1.0
123858.0	1.0
123946.0	1.0
124016.0	1.0
124089.0	1.0
124178.0	1.0
124285.0	1.0
124573.0	1.0
124634.0	1.0
124721.0	1.0
124765.0	1.0
124799.0	1.0
124936.0	1.0
125028.0	1.0
125248.0	1.0
125253.0	1.0
125370.0	1.0
125447.0	1.0
125524.0	1.0
125620.0	1.0
125661.0	1.0
125720.0	1.0
125751.0	1.0
125796.0	1.0
125833.0	1.0
125876.0	1.0
125947.0	1.0
126092.0	1.0
126246.0	1.0
126279.0	1.0
126656.0	1.0
126668.0	1.0
126673.0	2.0
126702.0	1.0
126807.0	1.0
126845.0	1.0
126873.0	1.0
126910.0	1.0
126927.0	1.0
126939.0	1.0
126975.0	1.0
127011.0	1.0
127020.0	1.0
127049.0	1.0
127131.0	1.0
127147.0	1.0
127264.0	1.0
127372.0	1.0
127447.0	1.0
127460.0	1.0
127578.0	1.0
127667.0	1.0
127700.0	1.0
127718.0	1.0
127832.0	1.0
127951.0	1.0
128061.0	1.0
128186.0	1.0
128217.0	1.0
128238.0	1.0
128377.0	1.0
128392.0	1.0
128426.0	1.0
128438.0	1.0
128473.0	1.0
128499.0	1.0
128516.0	1.0
128624.0	1.0
128854.0	1.0
128858.0	1.0
128860.0	1.0
128938.0	1.0
129200.0	1.0
129206.0	1.0
129399.0	1.0
129415.0	1.0
129419.0	1.0
129524.0	1.0
129533.0	1.0
129578.0	1.0
129628.0	1.0
129725.0	1.0
129777.0	1.0
129816.0	1.0
129902.0	1.0
129949.0	1.0
130076.0	1.0
130077.0	1.0
130146.0	1.0
130208.0	1.0
130271.0	1.0
130287.0	1.0
130347.0	1.0
130397.0	1.0
130400.0	1.0
130407.0	1.0
130450.0	1.0
130534.0	1.0
130603.0	1.0
130606.0	1.0
130671.0	1.0
130709.0	1.0
130785.0	1.0
130830.0	1.0
130842.0	1.0
130867.0	1.0
131011.0	1.0
131017.0	1.0
131032.0	1.0
131071.0	1.0
131152.0	1.0
131277.0	1.0
131314.0	1.0
131480.0	1.0
131525.0	1.0
131579.0	1.0
131629.0	1.0
131676.0	1.0
131722.0	1.0
131854.0	1.0
131995.0	1.0
132019.0	1.0
132025.0	1.0
132031.0	1.0
132097.0	1.0
132163.0	1.0
132166.0	1.0
132181.0	1.0
132222.0	1.0
132297.0	1.0
132552.0	1.0
132657.0	1.0
132681.0	1.0
132711.0	1.0
132732.0	1.0
132810.0	1.0
132829.0	1.0
133036.0	1.0
133044.0	1.0
133132.0	1.0
133140.0	1.0
133160.0	1.0
133464.0	1.0
133511.0	1.0
133536.0	1.0
133548.0	1.0
133558.0	1.0
133583.0	1.0
133614.0	1.0
133710.0	1.0
133823.0	1.0
133849.0	1.0
133868.0	1.0
133911.0	1.0
133971.0	1.0
134017.0	1.0
134021.0	1.0
134087.0	1.0
134197.0	1.0
134369.0	1.0
134372.0	1.0
134386.0	1.0
134575.0	1.0
134739.0	1.0
134762.0	1.0
134831.0	1.0
134876.0	1.0
134903.0	1.0
134948.0	1.0
135037.0	1.0
135072.0	1.0
135073.0	1.0
135094.0	1.0
135147.0	1.0
135149.0	1.0
135184.0	1.0
135211.0	1.0
135216.0	1.0
135477.0	1.0
135555.0	1.0
135628.0	1.0
135725.0	1.0
136022.0	1.0
136023.0	1.0
136112.0	1.0
136208.0	1.0
136276.0	1.0
136369.0	1.0
136406.0	1.0
136493.0	1.0
136497.0	1.0
136668.0	1.0
136720.0	1.0
136816.0	1.0
136947.0	1.0
137115.0	1.0
137217.0	1.0
137322.0	1.0
137342.0	1.0
137353.0	1.0
137360.0	1.0
137366.0	1.0
137428.0	1.0
137529.0	1.0
137543.0	1.0
137599.0	1.0
137619.0	1.0
137697.0	1.0
137712.0	1.0
137752.0	1.0
137780.0	1.0
137845.0	1.0
137966.0	1.0
137995.0	1.0
138050.0	1.0
138135.0	1.0
138202.0	1.0
138353.0	1.0
138362.0	1.0
138369.0	1.0
138376.0	1.0
138384.0	1.0
138412.0	1.0
138504.0	1.0
138517.0	1.0
138598.0	1.0
138620.0	1.0
138787.0	1.0
138806.0	1.0
138860.0	1.0
139026.0	1.0
139098.0	1.0
139134.0	1.0
139170.0	1.0
139200.0	1.0
139249.0	1.0
139427.0	1.0
139484.0	1.0
139485.0	1.0
139540.0	1.0
139545.0	1.0
139586.0	1.0
139607.0	1.0
139691.0	1.0
139890.0	1.0
140026.0	1.0
140040.0	1.0
140062.0	1.0
140067.0	1.0
140114.0	1.0
140145.0	1.0
140168.0	1.0
140176.0	1.0
140219.0	1.0
140221.0	1.0
140539.0	1.0
140692.0	1.0
140813.0	1.0
140880.0	1.0
140901.0	1.0
140921.0	1.0
141001.0	1.0
141122.0	1.0
141126.0	1.0
141229.0	1.0
141296.0	1.0
141308.0	1.0
141351.0	1.0
141354.0	1.0
141366.0	1.0
141427.0	1.0
141576.0	1.0
141633.0	1.0
141701.0	1.0
141862.0	1.0
141978.0	1.0
142006.0	1.0
142012.0	1.0
142057.0	1.0
142274.0	1.0
142377.0	1.0
142404.0	1.0
142443.0	1.0
142449.0	1.0
142477.0	1.0
142479.0	1.0
142550.0	1.0
142593.0	1.0
142620.0	1.0
142623.0	1.0
142749.0	1.0
142945.0	1.0
143036.0	1.0
143045.0	1.0
143076.0	1.0
143115.0	1.0
143230.0	1.0
143246.0	1.0
143286.0	1.0
143343.0	1.0
143359.0	1.0
143368.0	1.0
143418.0	1.0
143534.0	1.0
143591.0	1.0
143630.0	1.0
143705.0	1.0
143762.0	1.0
143966.0	1.0
144068.0	1.0
144093.0	1.0
144159.0	1.0
144287.0	1.0
144307.0	1.0
144378.0	1.0
144380.0	1.0
144408.0	1.0
144643.0	1.0
144675.0	1.0
144905.0	1.0
144931.0	1.0
145043.0	1.0
145089.0	1.0
145307.0	1.0
145333.0	1.0
145342.0	1.0
145382.0	1.0
145656.0	1.0
145668.0	1.0
145766.0	1.0
145945.0	1.0
145955.0	1.0
146057.0	1.0
146105.0	1.0
146133.0	1.0
146194.0	1.0
146279.0	1.0
146367.0	1.0
146568.0	1.0
146781.0	1.0
146862.0	1.0
147023.0	1.0
147121.0	1.0
147143.0	1.0
147156.0	1.0
147264.0	1.0
147319.0	1.0
147341.0	1.0
147344.0	1.0
147597.0	1.0
147643.0	1.0
147665.0	1.0
147696.0	1.0
147709.0	1.0
147751.0	1.0
147773.0	1.0
147798.0	1.0
147833.0	1.0
147963.0	1.0
148051.0	1.0
148065.0	1.0
148500.0	1.0
148537.0	1.0
148574.0	1.0
148621.0	1.0
148626.0	1.0
148750.0	1.0
148795.0	1.0
148918.0	1.0
148920.0	1.0
148943.0	1.0
148946.0	1.0
149137.0	1.0
149207.0	1.0
149285.0	1.0
149600.0	1.0
149935.0	1.0
149946.0	1.0
150140.0	1.0
150234.0	1.0
150321.0	1.0
150432.0	1.0
150449.0	1.0
150550.0	1.0
150875.0	1.0
150980.0	1.0
151098.0	1.0
151124.0	1.0
151163.0	1.0
151410.0	1.0
152106.0	1.0
152378.0	1.0
152446.0	1.0
152465.0	1.0
152505.0	1.0
152721.0	1.0
153258.0	1.0
153381.0	1.0
153644.0	1.0
154339.0	1.0
154520.0	1.0
154578.0	1.0
154748.0	1.0
155298.0	1.0
155751.0	1.0
155827.0	1.0
156056.0	1.0
156148.0	1.0
156168.0	1.0
156200.0	1.0
156345.0	1.0
156449.0	1.0
156583.0	1.0
156727.0	1.0
157051.0	1.0
157131.0	1.0
157559.0	1.0
157611.0	1.0
158110.0	1.0
158400.0	1.0
158491.0	1.0
158879.0	1.0
158991.0	1.0
159267.0	1.0
160088.0	1.0
160287.0	1.0
160342.0	1.0
160622.0	1.0
160912.0	1.0
160939.0	1.0
161393.0	1.0
161526.0	1.0
161642.0	1.0
161881.0	1.0
162114.0	1.0
162335.0	1.0
163153.0	1.0
165384.0	1.0
165393.0	1.0
165629.0	1.0
165674.0	1.0
166180.0	1.0
166715.0	1.0
167368.0	1.0
167680.0	1.0
168549.0	1.0
168814.0	1.0
169352.0	1.0
169466.0	1.0
169665.0	1.0
170099.0	1.0
170208.0	1.0
170434.0	1.0
170449.0	1.0
170969.0	1.0
171626.0	1.0
171987.0	1.0
172935.0	1.0
174264.0	1.0
174402.0	1.0
174748.0	1.0
174868.0	1.0
176536.0	1.0
176634.0	1.0
177421.0	1.0
178848.0	1.0
179277.0	1.0
179301.0	1.0
179604.0	1.0
179731.0	1.0
180078.0	1.0
180350.0	1.0
180419.0	1.0
180650.0	1.0
180878.0	1.0
181718.0	1.0
181774.0	1.0
181927.0	1.0
182833.0	1.0
183177.0	1.0
183896.0	1.0
184403.0	1.0
185882.0	1.0
186325.0	1.0
186758.0	1.0
186954.0	1.0
187077.0	1.0
187117.0	1.0
187568.0	1.0
187854.0	1.0
188201.0	1.0
188441.0	1.0
188807.0	1.0
188919.0	1.0
189252.0	1.0
189309.0	1.0
189695.0	1.0
190071.0	1.0
190219.0	1.0
190365.0	1.0
190655.0	1.0
190879.0	1.0
191520.0	1.0
191789.0	1.0
192225.0	1.0
192284.0	1.0
193075.0	1.0
193216.0	1.0
193536.0	1.0
193690.0	1.0
193695.0	1.0
194019.0	1.0
194395.0	1.0
194841.0	1.0
195106.0	1.0
195123.0	1.0
195287.0	1.0
195321.0	1.0
195324.0	1.0
195741.0	1.0
196104.0	1.0
196114.0	1.0
196862.0	1.0
196926.0	1.0
197712.0	1.0
200123.0	1.0
200572.0	1.0
201320.0	1.0
