#Position (bp)	insert size
3406923.0	228.5905604719764
1.0220768E7	250.8146439317954
1.7034613E7	228.1301433320617
2.3848458E7	235.92390710382514
3.0662303E7	214.7014082797135
3.7476148E7	195.55395438556678
4.4289993E7	226.20164020240796
5.1103838E7	243.41299734748011
5.7917683E7	245.14937323620134
6.4731528E7	245.07385095939313
7.1545373E7	231.7036543078154
7.8359218E7	299.4961725354456
8.5173063E7	234.6374668459107
9.1986908E7	241.26983883346125
9.8800753E7	224.7043533268158
1.05614598E8	240.26734857601284
1.12428443E8	265.83128636069813
1.19242288E8	239.79284881461328
1.26056133E8	248.36690363349132
1.300790245E8	241.80733333333333
1.33485947E8	267.52390370705245
1.39683823E8	227.14108928035463
1.46497668E8	246.89574062301335
1.53311513E8	230.58740458015268
1.60125358E8	236.41172036932355
1.66939203E8	231.6581524870367
1.73753048E8	231.0602607269274
1.80566893E8	287.4416638711842
1.87380738E8	236.40164372407827
1.94194583E8	237.7526737186605
2.01008428E8	269.0482517305206
2.07822273E8	242.0616203377903
2.14636118E8	222.78068766066838
2.21449963E8	165.7030077831958
2.28263808E8	231.53172858635725
2.35077653E8	232.28138120990226
2.41891498E8	233.21636339487316
2.48705343E8	266.1182242043381
2.52444901E8	241.77809388335703
2.558518235E8	245.92400271217087
2.62333033E8	236.53914295205405
2.69146878E8	229.56408529741864
2.75960723E8	257.663515687852
2.82774568E8	224.75530705079606
2.89588413E8	240.26848105921295
2.96402258E8	219.79323797139142
3.03216103E8	231.05491923641702
3.10029948E8	196.54300660320726
3.16843793E8	278.33701447067784
3.23657638E8	223.70683832362474
3.30471483E8	211.96400512382579
3.37285328E8	235.7760988454527
3.44099173E8	242.55838150289017
3.50913018E8	238.2699311023622
3.57726863E8	243.89420448332422
3.64540708E8	254.98984152783422
3.704270945E8	232.15859269282814
3.73834017E8	0.0
3.78168398E8	252.22537053182214
3.84982243E8	256.16817969115584
3.91796088E8	216.17209707431016
3.98609933E8	226.07627074553872
4.05423778E8	248.84247927358862
4.12237623E8	228.95824589333526
4.19051468E8	233.37625227686704
4.25865313E8	251.22774186636192
4.32679158E8	233.8763157894737
4.39493003E8	230.31751007613076
4.46306848E8	261.9404882199649
4.53120693E8	216.6313592780598
4.59934538E8	241.8058355437666
4.66748383E8	221.6677926616191
4.73562228E8	261.50875331564987
4.80376073E8	226.86220820189274
4.87189918E8	226.52899527983817
4.91962519E8	302.6893048128342
4.953694415E8	280.375
5.00817608E8	264.3095909732017
5.07631453E8	267.93051940703856
5.14445298E8	524.7643856428435
5.21259143E8	235.90889033095394
5.28072988E8	243.76641431520991
5.34886833E8	279.7368421052632
5.41700678E8	232.81913746630727
5.48514523E8	251.97792427952533
5.55328368E8	237.1565788432629
5.62142213E8	242.62453531598513
5.68956058E8	239.5456550802139
5.75769903E8	224.58834399431413
5.82583748E8	256.93992932862193
5.89397593E8	237.26685393258427
5.96211438E8	237.11849824012515
6.03025283E8	273.44338335607097
6.09839128E8	254.77607025246982
6.15738246E8	221.1784661503872
6.191451685E8	0.0
6.23466818E8	244.0319880418535
6.30280663E8	237.40600582197027
6.37094508E8	286.99364069952304
6.43908353E8	224.32935998532918
6.50722198E8	233.76688355396007
6.57536043E8	235.52076124567475
6.64349888E8	266.2984496124031
6.71163733E8	246.10591900311528
6.77977578E8	225.67920306839974
6.84791423E8	249.12024257632788
6.91605268E8	257.60869565217394
6.98419113E8	235.92267665887923
7.05232958E8	235.24887761888925
7.12046803E8	206.03305449524893
7.18860648E8	241.778991859737
7.222708485E8	0.0
7.25677771E8	241.46999266324283
7.32488338E8	207.39474331386413
7.39302183E8	209.42231918981406
7.46116028E8	239.06590212866232
7.52929873E8	236.93669843511
7.59743718E8	224.99246065403827
7.66557563E8	219.74922354640665
7.73371408E8	221.63877488980089
7.80185253E8	246.9500094321826
7.86999098E8	261.0894141829394
7.93812943E8	253.20415224913495
8.00626788E8	241.50841121495327
8.07440633E8	241.23182173573105
8.14254478E8	239.6896870868224
8.190716475E8	257.2304347826087
8.2247857E8	234.09326923076924
8.27882168E8	232.84850662474736
8.34696013E8	238.79313669880884
8.41509858E8	255.01655116184264
8.48323703E8	256.2897107396657
8.55137548E8	283.05529795045936
8.61951393E8	236.09125019004549
8.68765238E8	228.45995154915212
8.75579083E8	249.48147088281584
8.82392928E8	236.22803347280336
8.89206773E8	244.2067563340632
8.96020618E8	276.2023935981871
9.02834463E8	224.0788508557457
9.09648308E8	228.0180988097179
9.14262198E8	249.29014084507043
9.176691205E8	235.38646183389343
9.23275998E8	222.31301127345245
9.30089843E8	235.32214532871973
9.36903688E8	230.12991266375545
9.43717533E8	233.3237245481583
9.50531378E8	232.72377372001432
9.57345223E8	232.80450010613458
9.64159068E8	233.07092819614712
9.70972913E8	221.33070268629535
9.77786758E8	234.3419115372719
9.84600603E8	229.2673754363694
9.91414448E8	243.25227518124325
9.98228293E8	220.90795913110674
1.00390351E9	223.1636200716846
1.0073104325E9	0.0
1.011855983E9	261.92955439056357
1.018669828E9	254.37884342478714
1.025483673E9	216.1178489702517
1.032297518E9	250.17637074375065
1.039111363E9	232.73006699067383
1.045925208E9	236.82190820973958
1.052739053E9	256.727217460028
1.059552898E9	241.1460820979588
1.0652815955E9	240.60213618157545
1.068688518E9	0.0
1.073180588E9	245.40272263187748
1.079994433E9	229.7546468401487
1.086808278E9	249.9697950377562
1.093622123E9	228.33419577404052
1.100435968E9	245.13883045856122
1.107249813E9	239.65120623186678
1.114063658E9	249.53381247958183
1.120877503E9	251.02229099390024
1.127691348E9	233.36217704610698
1.134505193E9	238.72526041666666
1.141319038E9	211.0145412243711
1.148132883E9	226.82199618563254
1.154946728E9	238.22616195495928
1.161760573E9	232.9153018249883
1.168574418E9	257.1354903943377
1.175388263E9	232.42183147632312
1.182202108E9	282.59159159159157
1.189015953E9	242.45031616982837
1.195829798E9	226.38092952563795
1.202643643E9	290.68639486944573
1.209457488E9	228.22567134762258
1.216271333E9	400.44757727652467
1.223085178E9	228.88401208807022
1.229899023E9	228.43278115844038
1.236712868E9	231.2420806586659
1.243526713E9	237.51884242327873
1.250340558E9	226.1165933685823
1.257154403E9	240.25928659286592
1.2618183335E9	205.13917330299583
1.265225256E9	221.5528135118579
1.270782093E9	228.91454579230913
1.277595938E9	225.04273239291066
1.284409783E9	236.73515666896498
1.291223628E9	259.83209316548596
1.298037473E9	261.5685259604565
1.304851318E9	212.24804111936035
1.311665163E9	228.96682926829268
1.318479008E9	269.23531342303903
1.325292853E9	229.31178376669564
1.332106698E9	230.5060065273245
1.338920543E9	227.56494951223686
1.345734388E9	246.71812653366052
1.352548233E9	244.34777070063694
1.359362078E9	285.5375670840787
1.366175923E9	225.09213921220115
1.372989768E9	246.40065397191768
1.379803613E9	237.98763543658382
1.386617458E9	252.60124016217506
1.393431303E9	255.39026751592357
1.400245148E9	231.61518661518662
1.407058993E9	255.50503816793892
1.413872838E9	236.1447487210352
1.420686683E9	239.57465910831928
1.427500528E9	249.09905902480753
1.434314373E9	242.02945665445665
1.441128218E9	251.41392368191086
1.444861853E9	248.38906414300737
1.4482687755E9	158.0452726450221
1.454755908E9	252.7547033285094
1.461569753E9	237.50914205344586
1.468383598E9	235.8225142184742
1.475197443E9	227.72640122011003
1.482011288E9	291.4870524975237
1.488825133E9	246.72070687668077
1.495638978E9	227.44388875335449
1.502452823E9	219.41640484739676
1.509266668E9	187.71814850888177
1.516080513E9	369.60505775835156
1.522894358E9	275.0078260869565
1.529708203E9	242.78537511870846
1.536522048E9	260.9005764601546
1.543335893E9	235.4575700507904
1.550149738E9	243.29220893940285
1.556963583E9	234.73048869438367
1.563777428E9	237.23354864755754
1.570591273E9	230.96436633344084
1.577405118E9	220.74712919377566
1.584218963E9	222.40005178663904
1.591032808E9	289.9782968168665
1.597846653E9	241.9426523297491
1.6032409105E9	234.15474642392718
1.606647833E9	0.0
1.611474343E9	236.71802054154995
1.618288188E9	232.7535708139735
1.625102033E9	227.94728454088514
1.631915878E9	254.0954954954955
1.638729723E9	233.89247226624406
1.645543568E9	249.04761904761904
1.652357413E9	232.63002393851582
1.659171258E9	240.232454511697
1.665985103E9	230.63654096228868
1.672798948E9	264.3614457831325
1.679612793E9	234.7613203554803
1.686426638E9	244.48371531966225
1.693240483E9	233.42697881828317
1.700054328E9	245.14285714285714
1.706868173E9	227.6888368004688
1.713682018E9	247.3802983764809
1.720495863E9	248.92380045243482
1.727309708E9	244.70628768303186
1.734123553E9	240.10140726898288
1.740937398E9	234.86559793888213
1.747751243E9	290.4661173946958
1.754565088E9	250.44919248413248
1.759854186E9	275.29338981911104
1.7632611085E9	271.14285714285717
1.768192778E9	246.61582678674077
1.775006623E9	286.0196629213483
1.781820468E9	242.84893936147418
1.788634313E9	242.9840381311312
1.795448158E9	239.83213604660276
1.802262003E9	233.87768166089964
1.809075848E9	275.54870940882597
1.815889693E9	242.53401072537397
1.822703538E9	229.66851083448594
1.829517383E9	228.73416042446942
1.836331228E9	250.4701466682065
1.843145073E9	269.82697947214075
1.849958918E9	239.47601867572155
1.856772763E9	243.18016984163415
1.863586608E9	226.74531657576478
1.870400453E9	238.99406098717373
1.877214298E9	260.50036499547406
1.884028143E9	257.1784943260448
1.890841988E9	243.49436369029962
1.897655833E9	265.8244331191373
1.904469678E9	253.07973662175536
1.910723823E9	198.48177811223394
1.9141307455E9	0.0
1.918097368E9	217.96508299942758
1.924911213E9	235.54447501146262
1.931725058E9	226.27542179662564
1.938538903E9	265.4352256186317
1.945352748E9	222.4384275114155
1.952166593E9	241.63759938445756
1.958980438E9	234.65439219165927
1.965794283E9	221.08616579853447
1.972608128E9	234.18949520364836
1.979421973E9	238.4260446039477
1.986235818E9	231.43951926475788
1.993049663E9	275.57798165137615
1.999863508E9	251.3287984518853
2.006677353E9	237.47391760998948
2.013491198E9	220.83782356048602
2.020305043E9	259.192415218184
2.027118888E9	249.73261634199133
2.033932733E9	249.21954533103886
2.040746578E9	257.46291608657134
2.047560423E9	227.6189082394263
2.054374268E9	235.9714856002281
2.060544391E9	230.97412341142245
2.0639513135E9	0.0
2.068001958E9	289.03495182316266
2.074815803E9	275.75186440677965
2.081629648E9	284.6411611862736
2.088443493E9	285.89382232379296
2.095257338E9	259.212451144612
2.102071183E9	248.89835760768517
2.108885028E9	266.8817170111288
2.115698873E9	238.85917941585535
2.122512718E9	305.271701814615
2.129326563E9	222.19679054054055
2.136140408E9	241.21891446494072
2.142954253E9	231.75046166198314
2.149768098E9	236.3533870203695
2.156581943E9	235.93780351139335
2.163395788E9	239.61370376151083
2.170209633E9	277.66284558327715
2.177023478E9	234.78528866525423
2.183837323E9	230.81316757135352
2.190651168E9	246.50933121451135
2.197465013E9	181.96667559603537
2.204278858E9	254.09549610565526
2.2082174155E9	240.12614678899084
2.211624338E9	251.42761135712425
2.217906548E9	233.0164609053498
2.224720393E9	230.55334611890584
2.231534238E9	232.1067318917116
2.238348083E9	256.4182960893855
2.245161928E9	226.48154610119448
2.251975773E9	259.39112227805697
2.258789618E9	223.81034192353042
2.265603463E9	241.99707602339183
2.272417308E9	258.27030965391623
2.279231153E9	268.99737770727444
2.286044998E9	235.33082706766916
2.292858843E9	234.53094335956476
2.299672688E9	261.11847705403403
2.306486533E9	278.2266383495146
2.313300378E9	252.56343915941702
2.320114223E9	235.55925749643026
2.326928068E9	224.5778655290343
2.333741913E9	242.32671988340897
2.3376495495E9	251.5408719346049
2.341056472E9	866.1324672861748
2.347369603E9	234.69310631229237
2.354183448E9	220.52559846642978
2.360997293E9	266.39652961449065
2.367811138E9	231.60117075827017
2.374624983E9	230.90195198564058
2.381438828E9	264.0215809284818
2.388252673E9	264.9735280693747
2.395066518E9	251.15901764257663
2.401880363E9	269.9455275229358
2.408694208E9	253.7163758286977
2.415508053E9	248.79111173419318
2.422321898E9	258.384011627907
2.429135743E9	251.88126445643795
2.435949588E9	224.78007091553778
2.442763433E9	274.1372147754016
2.449577278E9	257.44608152448257
2.456391123E9	229.46610169491527
2.4612717095E9	228.67234357645316
2.462753523E9	0.0
2.4646867815E9	295.22222222222223
2.470018813E9	266.117080172237
2.476832658E9	261.33256386580484
2.483646503E9	263.78367025466
2.490460348E9	292.2265372168285
2.497274193E9	249.05374001452432
2.504088038E9	239.87349098726642
2.510901883E9	259.85075987841947
2.517715728E9	245.20886551465063
2.524529573E9	233.1424317617866
2.531343418E9	246.6139294926913
2.538157263E9	262.3697324606729
2.544971108E9	259.66613032984714
2.551784953E9	263.57845631891433
2.558598798E9	251.80626912986446
2.565412643E9	308.6804422216373
2.572226488E9	223.5039082855654
2.579040333E9	272.83395755305867
2.585854178E9	280.01631116687577
2.592668023E9	232.62942097026604
2.599481868E9	259.93913331128016
2.606295713E9	238.3870538092701
2.613109558E9	316.8698591549296
2.619923403E9	220.84656453110492
2.626737248E9	241.9213940473162
2.631968571E9	619.4800112296463
2.6353754935E9	243.16923076923078
2.640364938E9	239.345
2.647178783E9	229.54509803921567
2.653992628E9	225.02766798418972
2.660806473E9	233.275
2.667620318E9	248.5765306122449
2.674434163E9	240.9880239520958
2.681248008E9	230.07203389830508
2.688061853E9	221.05102040816325
2.694875698E9	216.47257383966246
2.701689543E9	215.39906103286384
2.708503388E9	223.7156862745098
2.715317233E9	231.54285714285714
2.7221309125E9	468.95529508776065
