# Position (bp)	A	C	G	T	N
0.0	14.960391522038282	31.31255566908476	33.686167127390284	20.038165430115225	0.0027202513714516393
1.0	17.952602299653993	23.897893696216887	30.410266491599785	27.736679060495963	0.0025584520333727313
2.0	18.229668497426175	26.280697379417024	29.358292701474557	26.131007710547454	3.337111347877476E-4
3.0	21.260817296996436	24.779472558427766	30.80124953583815	23.157388688122875	0.0010719206147727649
4.0	21.385084244870352	24.549505136724488	30.318885259190402	23.745660744001896	8.646152128591642E-4
5.0	22.203824289154834	25.629232569559555	28.65607346175347	23.510222482179827	6.471973523156316E-4
6.0	15.645293176355615	26.100847302683682	26.929699805598094	31.323370943589467	7.887717731346761E-4
7.0	17.08665729848499	29.07481014870168	27.942664786558357	25.895003151042108	8.646152128591642E-4
8.0	16.831100300218672	28.047652332054305	28.771674032581533	26.349325579909056	2.477552364333278E-4
9.0	21.96051347828936	25.51813709905113	28.51912549075762	24.001804264868753	4.1966703314216743E-4
10.0	17.908355236918727	29.322145718101865	29.45963976186373	23.309692427548278	1.668555673938738E-4
11.0	16.790620128323056	27.52328090225783	30.269258368464016	25.41647149621511	3.691047399925087E-4
12.0	17.630050262964374	27.912474041318696	28.083480772980156	26.373863460774583	1.314619621891127E-4
13.0	18.285661180860107	27.541038379611987	27.923976963010244	26.249171789638208	1.5168687944897618E-4
14.0	18.170758369677507	27.49094125955931	28.73965798855917	25.598445189260733	1.9719294328366903E-4
15.0	18.080706925577967	27.750497735213763	28.76406440746251	25.40435677077645	3.7416096930747457E-4
16.0	18.52231879297725	27.312390695525846	28.74032401956908	25.424228272743065	7.382191847592728E-4
17.0	18.600901803987202	27.590140579788923	28.239060222657354	25.569381643599076	5.157499674496037E-4
18.0	18.00727137692485	27.417566975962952	28.66204520648063	25.91133657033759	0.0017798702939749063
19.0	18.35591025366351	27.728181137064094	28.805838822264025	25.103814830638083	0.006254956370288765
20.0	18.34599871217364	27.56388843463361	28.869736677232023	25.20700134982083	0.013374826139901793
21.0	18.148081324013255	27.390153033711595	29.331463074129253	25.109635593758583	0.020666974387312954
22.0	18.350788672311218	27.251598146199463	28.612127984389137	25.75947247989539	0.02601271720479801
23.0	18.471875590409105	27.86103403062461	28.41691368608259	25.23046941847712	0.0197072744065769
24.0	18.50656511219883	27.979799016784472	28.40362985342494	25.09600256219236	0.014003455399399132
25.0	18.82298440168968	27.728482941995324	28.369428474976576	25.073566319686343	0.005537861652078152
26.0	19.19615476060845	27.12798770029965	27.914951652545906	25.757330157020043	0.003575729525951831
27.0	19.000148093538467	27.49783929099612	28.714947655408185	24.78586119427323	0.0012037657839995047
28.0	18.2040745388439	28.22401329364972	29.78580064654393	23.78581814777218	2.933731902731006E-4
29.0	17.188582990831488	27.74970091685109	29.017828643692695	26.043796395826746	9.10527979766045E-5
30.0	17.81050821406216	26.304005670965708	26.387201352419282	29.49822405424166	6.070831118533939E-5
31.0	20.41460544006975	26.862748947280597	28.872875575159252	23.84959801211524	1.720253751595156E-4
32.0	19.917121505568634	26.34544216352826	29.22828130960004	24.509048756443068	1.0626486000211923E-4
33.0	22.121154881595572	24.799374453813737	26.56819041562744	26.510976566110187	3.0368285306396257E-4
34.0	17.13870508058978	28.303285702118448	26.55824477908082	27.99471089854062	0.005053539670337049
35.0	17.235743503023883	29.758794704343888	25.923383159919865	27.081840266009127	2.383667032348238E-4
36.0	16.05783609605485	29.53940865441061	28.237275203931826	26.165342399360586	1.3764624212249282E-4
37.0	17.350361038118567	29.47659158631853	30.466625822391475	22.705480273083555	9.412800878749968E-4
38.0	20.690674169501815	30.01258582283316	29.446011895185286	19.849629370931225	0.0010987415485192494
39.0	15.146385532033962	32.7495298290254	34.83395493975855	17.263613969833326	0.00651572934876847
