# Position (bp)	A	C	G	T	N
0.0	22.70221876848395	25.219262008348505	27.18694806133791	24.88888821624156	0.0026829455880748435
1.0	25.5758873911326	18.39117924539335	23.939703343266654	32.090959835479026	0.0022701847283710217
2.0	25.71253875308522	20.353884650675667	23.057949836072027	30.875296551479327	3.302086877630576E-4
3.0	30.15972056640146	19.75165279767247	23.781203173140387	26.306198938901897	0.0012245238837880054
4.0	30.01965704800863	19.57277599977216	24.13584730379791	26.27072902235802	9.90626063289173E-4
5.0	31.35433304655626	20.516429877227036	21.633099348374433	26.495436034380777	7.016934614964975E-4
6.0	22.095804272102416	21.78419734041668	20.819767833023374	35.299253687089575	9.768673679657123E-4
7.0	24.987579337796745	23.482983452004376	21.869281112296957	29.659165471838634	9.90626063289173E-4
8.0	24.501305768979673	23.24283918382869	22.478653728173033	29.7769674211981	2.338978204988325E-4
9.0	31.161408620730697	19.633383052672002	22.263963046345754	26.940722449829263	5.228304222915079E-4
10.0	26.384086913128012	23.009918230697824	24.53533102251459	26.070498729315695	1.651043438815288E-4
11.0	24.46674392632714	23.060797886003982	23.884888701097985	28.587129208320544	4.4027825035074356E-4
12.0	25.35184079648537	22.561976387051914	22.276579769957365	29.80950673563809	9.631086726422516E-5
13.0	26.400377208390992	21.526125492234524	22.062301848989787	30.011099139517434	9.631086726422516E-5
14.0	26.224843773454275	21.506134107929537	22.718027509410604	29.550843263557024	1.5134564855806809E-4
15.0	26.31499074521359	21.667509845378405	22.907869987483714	29.109450558885086	1.7886303920498957E-4
16.0	26.496921292066688	21.724786405693795	22.665487430902434	29.112309548287392	4.953230496930098E-4
17.0	26.66927358267173	21.586860592965152	22.744755083589403	28.99898690767706	1.2383309665159434E-4
18.0	26.325568877377975	21.780507729346226	22.84428438138055	29.04831809717832	0.0013209147169300401
19.0	26.47321313086892	21.740069096511107	22.97881421932886	28.80222073126499	0.005682822026122818
20.0	26.47446618034489	21.83728246173085	22.8350612920102	28.841700308035595	0.011489757878465056
21.0	26.65713979050964	21.70915460785231	22.834711221440013	28.78344497712999	0.015549403068048591
22.0	26.560433501110708	21.73221827911519	22.71628715733144	28.97211231474572	0.018948747696942783
23.0	26.71700931945493	21.684239439616203	22.745830520286002	28.841278626684286	0.011642093958578917
24.0	26.67205764122477	21.892774286702778	22.802556290774636	28.62615747462384	0.00645430667397329
25.0	26.94390373336534	21.837555834229725	22.68299644708781	28.534112691284193	0.0014312940329351768
26.0	27.222798740407168	21.452220252579192	22.617316098345132	28.70670149631701	9.634123514968675E-4
27.0	27.103360074345943	21.701525044270905	23.20074863457323	27.994159791474605	2.0645533531512105E-4
28.0	26.35321598145641	22.593335622835095	23.68329445997926	27.370071348491305	8.25872379317678E-5
29.0	24.137528981903234	22.911916075648982	23.358694749923842	29.59184642685121	1.3765672734621093E-5
30.0	26.066242007349576	20.501730008530267	20.69999399742385	32.73200645194332	2.7534752988484415E-5
31.0	29.122872481779865	20.696172291626795	23.872898987548485	26.308042469814403	1.3769230451479297E-5
32.0	28.384183797342356	20.759086174835144	23.613691540282446	27.24296963019059	6.885734946853832E-5
33.0	31.773498563238185	19.03294771729817	21.15325275712251	28.040135658968126	1.6530337301532636E-4
34.0	24.915453184164853	22.04160574444202	22.066153817314923	30.97535378996884	0.0014334641093666956
35.0	24.627735488038084	23.426502139105096	21.000290628769264	30.945195480998898	2.7626308865448274E-4
36.0	23.49234329227035	23.386234105166242	23.184523792976723	29.936745914504403	1.5289508228257347E-4
37.0	25.633674760081572	22.900628579473974	24.642265497617846	26.82265054796325	7.806148633611743E-4
38.0	29.54949825229136	24.024197199387125	23.072849197263572	23.35267085766808	7.844933898586971E-4
39.0	22.469088296062615	26.81882855478495	29.544429755982065	21.16264002492783	0.005013368242545276
