# Position (bp)	A	C	G	T	N
0.0	22.780317309140692	24.549975021784437	27.004626928423114	25.662482815559713	0.0025979250920475845
1.0	24.879232234482522	18.96358400212029	23.473367454338486	32.68182615543314	0.001990153625559388
2.0	26.98351580777833	20.35521977969595	21.726334332461956	30.934650028505672	2.800515580876983E-4
3.0	30.552963589007298	19.464631990801916	23.294652850472012	26.686774368537364	9.77201181412394E-4
4.0	30.19860303132573	19.353487273503834	23.685783581876112	26.761363419689317	7.626936050047954E-4
5.0	31.304085701973662	20.23090668062396	21.409679439877817	27.054625069357453	7.031081671137957E-4
6.0	22.601269026822028	21.413159229450653	20.527940088510594	35.4568272518052	8.044034115284953E-4
7.0	25.430534581481417	22.8752130775259	21.798289707259126	29.89519398158476	7.686521487938955E-4
8.0	24.93253140867602	22.778774046299315	22.219737509462167	30.068754445073665	2.025904888293988E-4
9.0	31.332364950796727	19.378155644790706	21.991870877879407	27.2972033455555	4.051809776587976E-4
10.0	26.744846336305933	22.535063646781335	24.267051445590393	26.452889607727613	1.489635947274991E-4
11.0	24.783174550058444	22.700008055951205	23.659935418918995	28.856506586812646	3.7538825871329774E-4
12.0	25.79066300955083	22.174339364333015	21.94094916265776	30.09394716821398	1.012952444146994E-4
13.0	26.845575519060667	21.051463704364703	21.811940731079954	30.290990252775728	2.9792718945499825E-5
14.0	26.597700097434107	21.115625303885732	22.425772036601664	29.860813183921657	8.937815683649946E-5
15.0	26.752056174290743	21.240129076358976	22.570642111746054	29.437011756921923	1.6088068230569902E-4
16.0	26.859452967545483	21.28804172696713	22.386910414009158	29.465183751956786	4.111395214478975E-4
17.0	27.098253526981242	21.180704519150282	22.376572340535066	29.344356401001413	1.1321233199289933E-4
18.0	26.73631370159994	21.351178456956433	22.486745815195526	29.424379644089026	0.0013823821590711917
19.0	26.879723933515997	21.32524687438627	22.6397135513493	29.150507095910626	0.004808544837803671
20.0	26.83477863771482	21.419332280816157	22.556252228495378	29.179531162707335	0.01010569026631354
21.0	27.083452504209117	21.305011659678485	22.523557698724588	29.07447607716171	0.01350206022610052
22.0	26.977295088062508	21.26996946365479	22.39767750263606	29.33818334963591	0.0168745960107311
23.0	27.099695494578203	21.22958245385227	22.451804914416243	29.208543312416463	0.010373824736823039
24.0	27.055596370193886	21.407613816679024	22.45760043017947	29.07352849953876	0.005660883408862429
25.0	27.374133721836575	21.363788917264923	22.36232392570066	28.898418590947944	0.001334844249896192
26.0	27.622179044164618	20.98651452479981	22.296981286435955	29.093526580965296	7.985636343179265E-4
27.0	27.536915617571694	21.218822532375757	22.906846564589557	28.337200733410434	2.1455205256286898E-4
28.0	26.795766276318993	22.08806332645307	23.409756460697313	27.70638413551025	2.9801020375017233E-5
29.0	24.532060120478675	22.50626138253687	23.112076258772298	29.84959031659465	1.1921617510757919E-5
30.0	26.360115233860565	20.202954152438405	20.4613253420178	32.97556353929301	4.173239021311062E-5
31.0	29.278859492745745	20.454004059355388	23.593752487605872	26.67334818348945	3.5776803548915806E-5
32.0	28.517612290451215	20.5226628961076	23.360566032356942	27.59913492483911	2.3856245129598453E-5
33.0	31.910649082362035	18.783367561675004	21.041853403098255	28.263980792432104	1.491604326058262E-4
34.0	25.236950777490446	21.531611272452967	21.72744694868023	31.502109918312026	0.0018810830643285026
35.0	25.039155439195504	22.658691418520664	20.679181727908468	31.6227739618244	1.9745255095532334E-4
36.0	24.007036526168235	22.29148992310785	22.61553761479703	31.085791255631456	1.4468029542992925E-4
37.0	26.263002091499843	21.041990311467234	24.111507794276648	28.58283285465398	6.66948102297982E-4
38.0	30.333101544443686	23.343050183359757	23.02286010943819	23.300380096964158	6.080657942080741E-4
39.0	23.86445743336019	25.96384184405349	28.414830076244847	21.752958941421994	0.003911704919479578
