#Insert size (bp)	insert size
30.0	1.0
32.0	1.0
36.0	1.0
38.0	2.0
39.0	3.0
40.0	26.0
41.0	86.0
42.0	83.0
43.0	78.0
44.0	91.0
45.0	81.0
46.0	77.0
47.0	101.0
48.0	76.0
49.0	76.0
50.0	81.0
51.0	90.0
52.0	91.0
53.0	68.0
54.0	87.0
55.0	90.0
56.0	80.0
57.0	86.0
58.0	75.0
59.0	94.0
60.0	102.0
61.0	83.0
62.0	91.0
63.0	104.0
64.0	88.0
65.0	63.0
66.0	97.0
67.0	75.0
68.0	109.0
69.0	95.0
70.0	101.0
71.0	92.0
72.0	112.0
73.0	98.0
74.0	101.0
75.0	100.0
76.0	136.0
77.0	135.0
78.0	147.0
79.0	154.0
80.0	149.0
81.0	153.0
82.0	202.0
83.0	226.0
84.0	249.0
85.0	246.0
86.0	282.0
87.0	356.0
88.0	362.0
89.0	368.0
90.0	455.0
91.0	484.0
92.0	586.0
93.0	621.0
94.0	743.0
95.0	878.0
96.0	943.0
97.0	1030.0
98.0	1150.0
99.0	1201.0
100.0	1349.0
101.0	1481.0
102.0	1702.0
103.0	1848.0
104.0	2046.0
105.0	2340.0
106.0	2452.0
107.0	2653.0
108.0	2888.0
109.0	3221.0
110.0	3434.0
111.0	3755.0
112.0	3925.0
113.0	4264.0
114.0	4518.0
115.0	4757.0
116.0	5243.0
117.0	5512.0
118.0	5817.0
119.0	6182.0
120.0	6586.0
121.0	6939.0
122.0	7338.0
123.0	7576.0
124.0	7963.0
125.0	8448.0
126.0	8797.0
127.0	9265.0
128.0	9460.0
129.0	9889.0
130.0	10322.0
131.0	10541.0
132.0	10772.0
133.0	11383.0
134.0	11728.0
135.0	12131.0
136.0	12417.0
137.0	12976.0
138.0	13354.0
139.0	13976.0
140.0	14161.0
141.0	14246.0
142.0	14723.0
143.0	14920.0
144.0	15622.0
145.0	15797.0
146.0	16039.0
147.0	16426.0
148.0	16763.0
149.0	16947.0
150.0	17296.0
151.0	17559.0
152.0	17960.0
153.0	18297.0
154.0	18585.0
155.0	18564.0
156.0	18798.0
157.0	18977.0
158.0	19110.0
159.0	19485.0
160.0	19634.0
161.0	19960.0
162.0	20161.0
163.0	20411.0
164.0	20476.0
165.0	20573.0
166.0	20926.0
167.0	20821.0
168.0	20656.0
169.0	21170.0
170.0	21353.0
171.0	21135.0
172.0	21358.0
173.0	21501.0
174.0	21494.0
175.0	21680.0
176.0	21379.0
177.0	21874.0
178.0	21379.0
179.0	21614.0
180.0	21777.0
181.0	21648.0
182.0	21804.0
183.0	21598.0
184.0	21898.0
185.0	21953.0
186.0	21498.0
187.0	21495.0
188.0	21691.0
189.0	21458.0
190.0	21367.0
191.0	21489.0
192.0	21374.0
193.0	21197.0
194.0	21000.0
195.0	21050.0
196.0	21067.0
197.0	20823.0
198.0	20872.0
199.0	20703.0
200.0	20542.0
201.0	20195.0
202.0	20153.0
203.0	20373.0
204.0	20162.0
205.0	20072.0
206.0	19910.0
207.0	19750.0
208.0	19886.0
209.0	19599.0
210.0	19514.0
211.0	19232.0
212.0	18803.0
213.0	19174.0
214.0	18600.0
215.0	18584.0
216.0	18610.0
217.0	18559.0
218.0	18323.0
219.0	17991.0
220.0	17717.0
221.0	18063.0
222.0	17659.0
223.0	17627.0
224.0	17537.0
225.0	17055.0
226.0	17150.0
227.0	16737.0
228.0	16656.0
229.0	16698.0
230.0	16466.0
231.0	16093.0
232.0	16138.0
233.0	15774.0
234.0	15849.0
235.0	15800.0
236.0	15257.0
237.0	15457.0
238.0	14986.0
239.0	14934.0
240.0	14831.0
241.0	14393.0
242.0	14778.0
243.0	14377.0
244.0	14133.0
245.0	14050.0
246.0	13958.0
247.0	13810.0
248.0	13600.0
249.0	13582.0
250.0	13383.0
251.0	13190.0
252.0	13012.0
253.0	12881.0
254.0	12822.0
255.0	12735.0
256.0	12436.0
257.0	12568.0
258.0	12263.0
259.0	11982.0
260.0	11999.0
261.0	11706.0
262.0	11528.0
263.0	11513.0
264.0	11158.0
265.0	11167.0
266.0	11098.0
267.0	10954.0
268.0	10763.0
269.0	10756.0
270.0	10542.0
271.0	10427.0
272.0	10364.0
273.0	10141.0
274.0	10250.0
275.0	9884.0
276.0	9902.0
277.0	9655.0
278.0	9649.0
279.0	9484.0
280.0	9371.0
281.0	9126.0
282.0	9081.0
283.0	9066.0
284.0	8806.0
285.0	8767.0
286.0	8678.0
287.0	8608.0
288.0	8535.0
289.0	8381.0
290.0	8161.0
291.0	8129.0
292.0	8082.0
293.0	7900.0
294.0	7983.0
295.0	7821.0
296.0	7874.0
297.0	7574.0
298.0	7566.0
299.0	7314.0
300.0	7489.0
301.0	7339.0
302.0	7264.0
303.0	6964.0
304.0	6929.0
305.0	6864.0
306.0	6727.0
307.0	6712.0
308.0	6579.0
309.0	6565.0
310.0	6361.0
311.0	6312.0
312.0	6262.0
313.0	6037.0
314.0	6164.0
315.0	5963.0
316.0	5829.0
317.0	5743.0
318.0	5715.0
319.0	5720.0
320.0	5636.0
321.0	5453.0
322.0	5532.0
323.0	5327.0
324.0	5437.0
325.0	5258.0
326.0	5323.0
327.0	5150.0
328.0	5104.0
329.0	5087.0
330.0	5029.0
331.0	4916.0
332.0	4827.0
333.0	4785.0
334.0	4676.0
335.0	4620.0
336.0	4487.0
337.0	4496.0
338.0	4411.0
339.0	4414.0
340.0	4309.0
341.0	4346.0
342.0	4171.0
343.0	4069.0
344.0	4037.0
345.0	4072.0
346.0	4033.0
347.0	3940.0
348.0	3769.0
349.0	3882.0
350.0	3785.0
351.0	3792.0
352.0	3795.0
353.0	3764.0
354.0	3571.0
355.0	3560.0
356.0	3420.0
357.0	3348.0
358.0	3372.0
359.0	3350.0
360.0	3216.0
361.0	3170.0
362.0	3263.0
363.0	3124.0
364.0	3125.0
365.0	3019.0
366.0	2895.0
367.0	3017.0
368.0	3075.0
369.0	2944.0
370.0	2886.0
371.0	2831.0
372.0	2780.0
373.0	2796.0
374.0	2835.0
375.0	2691.0
376.0	2641.0
377.0	2602.0
378.0	2553.0
379.0	2584.0
380.0	2498.0
381.0	2528.0
382.0	2461.0
383.0	2392.0
384.0	2399.0
385.0	2354.0
386.0	2395.0
387.0	2290.0
388.0	2279.0
389.0	2185.0
390.0	2136.0
391.0	2183.0
392.0	2154.0
393.0	2010.0
394.0	2089.0
395.0	2003.0
396.0	1984.0
397.0	2036.0
398.0	2042.0
399.0	2002.0
400.0	1951.0
401.0	1873.0
402.0	1827.0
403.0	1808.0
404.0	1810.0
405.0	1794.0
406.0	1740.0
407.0	1771.0
408.0	1757.0
409.0	1587.0
410.0	1594.0
411.0	1711.0
412.0	1666.0
413.0	1563.0
414.0	1619.0
415.0	1592.0
416.0	1593.0
417.0	1561.0
418.0	1495.0
419.0	1469.0
420.0	1551.0
421.0	1453.0
422.0	1378.0
423.0	1401.0
424.0	1460.0
425.0	1382.0
426.0	1349.0
427.0	1319.0
428.0	1327.0
429.0	1269.0
430.0	1262.0
431.0	1279.0
432.0	1193.0
433.0	1186.0
434.0	1232.0
435.0	1198.0
436.0	1172.0
437.0	1142.0
438.0	1161.0
439.0	1102.0
440.0	1099.0
441.0	1075.0
442.0	1150.0
443.0	1043.0
444.0	1061.0
445.0	1041.0
446.0	1020.0
447.0	1028.0
448.0	1006.0
449.0	1000.0
450.0	954.0
451.0	935.0
452.0	897.0
453.0	980.0
454.0	886.0
455.0	890.0
456.0	846.0
457.0	903.0
458.0	904.0
459.0	865.0
460.0	893.0
461.0	808.0
462.0	793.0
463.0	850.0
464.0	787.0
465.0	826.0
466.0	782.0
467.0	731.0
468.0	781.0
469.0	724.0
470.0	777.0
471.0	756.0
472.0	707.0
473.0	723.0
474.0	664.0
475.0	665.0
476.0	700.0
477.0	637.0
478.0	643.0
479.0	649.0
480.0	656.0
481.0	643.0
482.0	640.0
483.0	666.0
484.0	564.0
485.0	624.0
486.0	577.0
487.0	593.0
488.0	577.0
489.0	581.0
490.0	579.0
491.0	516.0
492.0	519.0
493.0	557.0
494.0	523.0
495.0	548.0
496.0	548.0
497.0	528.0
498.0	510.0
499.0	507.0
500.0	524.0
501.0	468.0
502.0	482.0
503.0	486.0
504.0	486.0
505.0	471.0
506.0	464.0
507.0	435.0
508.0	455.0
509.0	462.0
510.0	447.0
511.0	425.0
512.0	415.0
513.0	417.0
514.0	428.0
515.0	415.0
516.0	418.0
517.0	412.0
518.0	401.0
519.0	413.0
520.0	374.0
521.0	357.0
522.0	391.0
523.0	356.0
524.0	417.0
525.0	381.0
526.0	350.0
527.0	363.0
528.0	331.0
529.0	372.0
530.0	335.0
531.0	330.0
532.0	327.0
533.0	331.0
534.0	323.0
535.0	325.0
536.0	310.0
537.0	323.0
538.0	311.0
539.0	322.0
540.0	298.0
541.0	303.0
542.0	281.0
