# Position (bp)	A	C	G	T	N
0.0	21.505817113993587	29.38146601453656	26.934083112032443	22.17470254893298	0.003931210504432273
1.0	23.784091082208747	22.757807335757704	23.505621668178335	29.951915127468943	5.647863862700429E-4
2.0	28.32557557120526	24.3044302661593	22.371263074154594	24.997950791499814	7.802969810309803E-4
3.0	30.80743273747131	22.651092434351945	22.71660765515927	23.82485974161766	7.4313998193426706E-6
4.0	31.54985930502292	20.613157367694143	22.98086080133527	24.855973897951277	1.4862799638685342E-4
5.0	31.44319642341589	21.678403943398	21.618098133864034	25.258235570172292	0.0020659291497772624
6.0	28.42465842499655	20.787914165845805	18.516796635656675	32.27063077350096	0.0
7.0	27.62506209863474	23.327929467098034	20.440748891885395	28.606252110982012	7.4313998193426706E-6
8.0	26.673397037769718	23.5557836169589	20.37422300070264	29.396574050369285	2.229419945802801E-5
9.0	33.292091541469254	20.282118231341705	20.14947517596626	26.276270462823863	4.458839891605602E-5
10.0	29.95598010317012	23.06715421603748	22.576429160367006	24.400399363426292	3.7156999096713355E-5
11.0	27.807473238600327	23.323173371213652	22.026290063140888	26.842966718847478	9.660819765145471E-5
12.0	28.409743605559136	22.840132382956384	21.22507369161846	27.524626730076324	4.235897897025322E-4
13.0	29.177466658095785	22.20572121177892	20.958947832687976	27.656927941060083	9.363563772371766E-4
14.0	29.011360009333835	22.34710359334191	21.358957790763736	27.280899110201347	0.0016794963591714434
15.0	29.046124097688725	22.444759618367893	21.405671570028122	27.096882787874783	0.006561926040479579
16.0	29.24884525336057	22.434169873625333	21.213904297689986	27.09243137938299	0.010649195941118047
17.0	29.383725160081642	22.35513693654662	21.229636571107534	27.015129958462193	0.016371373802011903
18.0	29.163562509033795	22.50571939108596	21.210864855163873	27.106506450640826	0.013346794075539436
19.0	29.258454053326982	22.477896230162344	21.319274115728444	26.934476976222864	0.009898624559364437
20.0	29.215002658583284	22.607499843011677	21.22789762354981	26.944732307973556	0.004867566881669449
21.0	29.485104316417114	22.454368418334305	21.204548165317433	26.85473805616132	0.0012410437698302259
22.0	29.414624920530468	22.384230866839346	21.081878048499544	27.11913983033371	1.263337969288254E-4
23.0	29.488611937131843	22.359618070637683	21.215829030243196	26.935465352398836	4.756095884379309E-4
24.0	29.490509928540664	22.582241774150457	21.1740050186145	26.753154098516603	8.918017777325271E-5
25.0	29.785950681204522	22.437212182478696	21.096668040840534	26.680094775634718	7.431984153226109E-5
26.0	30.163060483715725	21.9257390060114	20.998803248990953	26.91233780277942	5.9458502498966535E-5
27.0	29.997235781313215	22.09035880807247	21.86047303296184	26.051798589170726	1.3378848174824085E-4
28.0	28.932503110585046	23.488847347523354	22.444765605830618	25.13356431085796	3.1962520302704394E-4
29.0	26.629206600678906	24.049173547329683	22.31046806349478	27.01098081264377	1.70975852857289E-4
30.0	27.552901710755485	21.985026809847803	19.458203394122346	31.003399713073705	4.683722006676014E-4
31.0	29.978424897832966	22.274789191615117	22.493045920088477	25.25331617655314	4.2381391030119856E-4
32.0	29.97473878024821	21.832431182324733	22.540228696953854	25.65176103495894	8.403055142632565E-4
33.0	34.82963651967896	20.8085773147539	20.982455472264245	23.378505110469305	8.25582833589202E-4
34.0	27.017246340970562	21.712163295041528	19.90728216867262	31.362593962530756	7.142327845347175E-4
35.0	26.736068787999535	24.025851527759606	19.1368628349718	30.10030788542526	9.089638438024611E-4
36.0	26.548525473267453	23.866038336211247	19.410601472735685	30.17401038627725	8.243315083632928E-4
37.0	29.948407070804883	23.0582058293764	19.812465940671277	27.180552846496646	3.683126507875829E-4
38.0	31.84902647733973	23.878159099672832	18.34623167230835	25.924416085721592	0.0021666649574944284
39.0	24.33311447398859	27.47523284380141	25.07912268896762	23.11015595287026	0.002374040372115241
