# Position (bp)	A	C	G	T	N
0.0	19.23464631803068	27.358872248804	30.80319410825273	22.600380960089	0.0029063648235965233
1.0	21.458512374280865	21.460664415409784	27.234089360912115	29.84430670197967	0.002427147417568394
2.0	23.854639339205345	22.887010652470472	25.120066146201065	28.137959946654227	3.2391546888938346E-4
3.0	27.089436699462887	21.711818708150567	26.75412206838752	24.44353541043906	0.0010871135599712185
4.0	26.810722968677286	21.54200269568665	26.785155832626046	24.861359742117138	7.587608928778708E-4
5.0	27.78325475942754	22.54518665162989	24.688659550820653	24.982229021193124	6.700169287985878E-4
6.0	19.566921468336332	23.32922182547754	23.50725109181699	33.59567823994451	9.27374424628509E-4
7.0	21.86214210890446	25.461468613212272	24.85830251255461	27.817123893318396	9.628720102602222E-4
8.0	21.589835692325387	25.12262197236655	25.339308109458937	27.948038989128154	1.952367209744229E-4
9.0	27.619149421052125	22.06772637609053	25.151765490170185	25.160977113641614	3.8159904554091754E-4
10.0	23.09877149955646	25.585918711238854	26.99454277867291	24.32064276898207	1.242415497109964E-4
11.0	21.50833323571497	24.953586906786533	26.848967179997253	26.688762138843124	3.505386581131684E-4
12.0	22.520187476948756	24.609619739213436	24.906224253157422	27.963830977536063	1.3755314432288887E-4
13.0	23.329927339991972	23.761364995759813	24.74597927721946	28.162581959488026	1.464275407308172E-4
14.0	23.128039258909805	23.725082026046	25.5774614114621	27.569262001644958	1.553019371387455E-4
15.0	23.140774017755184	23.99012031196698	25.650936976521542	27.21782702949459	3.4166426170524015E-4
16.0	23.458552841528483	23.84572500801358	25.32891619126525	27.36601613791238	7.898212803056201E-4
17.0	23.581387799408823	24.15294773725965	25.20135561729769	27.06380744263679	5.014033970479497E-4
18.0	23.18164061321369	24.071542899009724	25.469743987862664	27.275151193091602	0.0019213068223164803
19.0	23.45983519180943	24.20951757716199	25.61097556949664	26.71343296085717	0.006238700674773605
20.0	23.26650646606271	24.10377470676332	25.531811516339715	27.084218554375024	0.013688756459229425
21.0	23.25143774096205	23.849310264162384	25.889498500759473	26.98802897170949	0.021724522406608514
22.0	23.35196246627286	23.784411803231205	25.447868600717122	27.389502228005963	0.02625490177285592
23.0	23.494986675981234	24.014915375530734	25.381217446495373	27.088735622146658	0.020144879845997273
24.0	23.447616310797205	24.19401875193748	25.579540513899325	26.764540419382616	0.014284003983368963
25.0	23.84768427453063	24.210334424304314	25.301728456947174	26.634679209356822	0.005573634861062507
26.0	24.26906132085415	23.690789612366466	24.921928548684683	27.114719068587807	0.0035014495069013835
27.0	23.96563266177071	24.195200637093624	25.54001087504334	26.297988614046204	0.0011672120461253797
28.0	23.169351796971817	24.900959254305675	26.55104212372972	25.378318383164324	3.284418284693909E-4
29.0	21.302640759879473	24.841825313356445	26.123637862209325	27.731793969832964	1.0209472179610008E-4
30.0	22.579720235663086	22.732846986776416	23.476831925664463	31.21051205445272	8.879744330849329E-5
31.0	25.461271834418664	23.092653581687276	26.554609720902672	24.891304999443808	1.5986354758083156E-4
32.0	24.96020136835071	23.11213950985533	26.260332198260055	25.667224764718256	1.0215881565064172E-4
33.0	28.11642902556029	21.47240861415663	23.703511070189986	26.70729578053257	3.555095605186369E-4
34.0	21.865802849612418	24.422360744615663	24.066462757141032	29.64013854651059	0.00523510212029642
35.0	21.771614494636236	25.669271044715895	23.147824608620066	29.410955540230706	3.343117971010888E-4
36.0	20.725513970857897	25.256331336282685	25.20553107496003	28.812430478090644	1.931398087421815E-4
37.0	22.54676316643035	24.27311335112684	27.119519958864025	26.05964670186084	9.568217179393538E-4
38.0	26.267728597779822	26.406950953118614	26.637016381330575	20.687253350480546	0.0010507172904417267
39.0	20.09240175222968	29.03321915234556	31.577986099495032	19.290075466117823	0.006317529811904398
