#Position (bp)	Coverage
3406923.0	0.013492528814494606
1.0220768E7	0.12094845127824305
1.7034613E7	0.03985913973681526
2.3848458E7	0.03439262266752472
3.0662303E7	0.03829188952786569
3.7476148E7	0.058509989587376875
4.4289993E7	0.06206334309042839
5.1103838E7	0.0477546818279547
5.7917683E7	0.057983414650612096
6.4731528E7	0.09609992595957202
7.1545373E7	0.02596081947857634
7.8359218E7	0.30707009038215577
8.5173063E7	0.045321841045694464
9.1986908E7	0.11204481463843102
9.8800753E7	0.01153034740297145
1.05614598E8	0.009197743711516772
1.12428443E8	0.023347757396888248
1.19242288E8	0.1467905419040204
1.26056133E8	0.13679897326692933
1.300790245E8	0.005172338218319429
1.33485947E8	0.25455995594337205
1.39683823E8	0.08800479024691639
1.46497668E8	0.011187662766030046
1.53311513E8	0.10130022036016376
1.60125358E8	0.046844329449818714
1.66939203E8	0.24068055554536388
1.73753048E8	0.15159517130195946
1.80566893E8	0.1519259683776194
1.87380738E8	0.13431784843946407
1.94194583E8	0.14657979452130185
2.01008428E8	0.16921987512190254
2.07822273E8	0.27962699474379005
2.14636118E8	0.19135524802809573
2.21449963E8	0.26110367934697665
2.28263808E8	0.3144874883417512
2.35077653E8	0.3537479939740337
2.41891498E8	0.5453646215903062
2.48705343E8	0.35699564636413067
2.52444901E8	0.04691772225153359
2.558518235E8	0.062383082646480306
2.62333033E8	0.00770299295038264
2.69146878E8	0.013642370790647571
2.75960723E8	0.030241368860019564
2.82774568E8	0.03994778278637098
2.89588413E8	0.036826050489848244
2.96402258E8	0.017699698188027465
3.03216103E8	0.05327916910349443
3.10029948E8	0.09738172793775027
3.16843793E8	0.01001372939948003
3.23657638E8	0.05786541959789223
3.30471483E8	0.11896572346450499
3.37285328E8	0.14643053958521215
3.44099173E8	0.04004376383671774
3.50913018E8	0.21209596050394455
3.57726863E8	0.2525352425832991
3.64540708E8	0.08354240520587128
3.704270945E8	0.013072583429321822
3.73834017E8	0.0
3.78168398E8	0.0654617180167732
3.84982243E8	0.06075218910908599
3.91796088E8	0.04793358228724017
3.98609933E8	0.023188229259691114
4.05423778E8	0.1587416502723499
4.12237623E8	0.08750830111339486
4.19051468E8	0.47629759702488095
4.25865313E8	0.16456787614041704
4.32679158E8	0.07484115062787604
4.39493003E8	0.08686916124449558
4.46306848E8	0.052582352548377606
4.53120693E8	0.01943425481501267
4.59934538E8	0.023783047603812533
4.66748383E8	0.0795892774197241
4.73562228E8	0.12270238022731658
4.80376073E8	0.09661886937551412
4.87189918E8	0.06583492873700532
4.91962519E8	0.04915066027619238
4.953694415E8	7.627701538865516E-4
5.00817608E8	0.030263236102376852
5.07631453E8	0.008194932523413726
5.14445298E8	0.1100864489873192
5.21259143E8	0.0715375826717514
5.28072988E8	0.05896846787680084
5.34886833E8	0.01849983379428208
5.41700678E8	0.06450322835344802
5.48514523E8	0.21110092759668
5.55328368E8	0.10467628776410381
5.62142213E8	0.20722778401915512
5.68956058E8	0.15650649523140017
5.75769903E8	0.021461450913544407
5.82583748E8	0.0293474536036555
5.89397593E8	0.013307904714592127
5.96211438E8	0.08230066871201208
6.03025283E8	0.002751163256575399
6.09839128E8	0.027130203284635914
6.15738246E8	0.07912822248495353
6.191451685E8	0.0
6.23466818E8	0.05443196902776626
6.30280663E8	0.0345900148888036
6.37094508E8	0.0036933625581444837
6.43908353E8	0.0497454814425629
6.50722198E8	0.035741934252980515
6.57536043E8	0.11302619886422424
6.64349888E8	0.01696883330924023
6.71163733E8	0.14547337076202937
6.77977578E8	0.11311337431362176
6.84791423E8	0.1288985880952678
6.91605268E8	0.20506644926616324
6.98419113E8	0.36813678620514556
7.05232958E8	0.07916969053449265
7.12046803E8	0.09487873586792772
7.18860648E8	0.28050285851820816
7.222708485E8	0.0
7.25677771E8	0.10721977574332454
7.32488338E8	0.09730658680965006
7.39302183E8	0.20898890420900387
7.46116028E8	0.0355025686671769
7.52929873E8	0.12881522840628162
7.59743718E8	0.04368150434886617
7.66557563E8	0.07556056822542925
7.73371408E8	0.040513982927407356
7.80185253E8	0.07415357995375592
7.86999098E8	0.016418923529959956
7.93812943E8	0.0024197791408521914
8.00626788E8	0.03646091157048627
8.07440633E8	0.02417753852633865
8.14254478E8	0.20325616447101452
8.190716475E8	0.15300865734867722
8.2247857E8	0.01917011552453065
8.27882168E8	0.055649049838967575
8.34696013E8	0.0597490844009513
8.41509858E8	0.06407894514771029
8.48323703E8	0.3551539549255963
8.55137548E8	0.3112275081103254
8.61951393E8	0.019297474480267748
8.68765238E8	0.22548649110744373
8.75579083E8	0.1557227967469175
8.82392928E8	0.04661391622498017
8.89206773E8	0.08558119534565285
8.96020618E8	0.048495232867786106
9.02834463E8	0.14261008285336693
9.09648308E8	0.05609608084715752
9.14262198E8	0.028608475373197703
9.176691205E8	0.013315272357843683
9.23275998E8	0.10450120306522968
9.30089843E8	0.03036317967315077
9.36903688E8	0.02396400270331949
9.43717533E8	0.00781966716296012
9.50531378E8	0.1439464795574305
9.57345223E8	0.042366974887159896
9.64159068E8	0.017994098779763847
9.70972913E8	0.013028326884453639
9.77786758E8	0.09664367181818782
9.84600603E8	0.044662301534596105
9.91414448E8	0.06228744563458664
9.98228293E8	0.20701145975583538
1.00390351E9	0.01343851074011774
1.0073104325E9	0.0
1.011855983E9	0.44809707294486445
1.018669828E9	0.11514570701270721
1.025483673E9	0.04728211457701195
1.032297518E9	0.04936141048116005
1.039111363E9	0.04392336485493873
1.045925208E9	0.1145381205472094
1.052739053E9	0.11664779577463238
1.059552898E9	0.024750929908150244
1.0652815955E9	0.14871100774192159
1.068688518E9	0.0
1.073180588E9	0.014321429383850087
1.079994433E9	0.09957784481449167
1.086808278E9	0.19181431335758298
1.093622123E9	0.011206448048055099
1.100435968E9	0.0929281484976544
1.107249813E9	0.20231616656968276
1.114063658E9	0.031217176205211594
1.120877503E9	0.15439315100358167
1.127691348E9	0.07698076489852645
1.134505193E9	0.04199009516653226
1.141319038E9	0.04731366798041341
1.148132883E9	0.1459692728554876
1.154946728E9	0.1032276196479374
1.161760573E9	0.12544547168302184
1.168574418E9	0.02521733323842852
1.175388263E9	0.14965324277261957
1.182202108E9	0.003009167364388242
1.189015953E9	0.02865944264948792
1.195829798E9	0.12374261521945393
1.202643643E9	0.17787768873521484
1.209457488E9	0.04237900920845719
1.216271333E9	0.021926093123632837
1.223085178E9	0.09201442063915455
1.229899023E9	0.2153262952121746
1.236712868E9	0.1149785473546874
1.243526713E9	0.14282317839633862
1.250340558E9	0.14623872424453446
1.257154403E9	0.09589695685769195
1.2618183335E9	0.07142277535226506
1.265225256E9	0.013497048370993359
1.270782093E9	0.14181170836730217
1.277595938E9	0.06695382709762256
1.284409783E9	0.1044389768185217
1.291223628E9	0.29868011379771625
1.298037473E9	0.18689741254754108
1.304851318E9	0.06817017410874476
1.311665163E9	0.017197045133841467
1.318479008E9	0.03842177214186704
1.325292853E9	0.043875667849797
1.332106698E9	0.09929239658372035
1.338920543E9	0.08042654330998136
1.345734388E9	0.020582505178794057
1.352548233E9	0.07204845428682337
1.359362078E9	0.10004688982505472
1.366175923E9	0.12218431737146941
1.372989768E9	0.01552662263376992
1.379803613E9	0.0904636075519769
1.386617458E9	0.16238379358497296
1.393431303E9	0.10425303187847684
1.400245148E9	0.026014973924414188
1.407058993E9	0.08842922021266994
1.413872838E9	0.13891466565500096
1.420686683E9	0.17802063299062423
1.427500528E9	0.17696014511630365
1.434314373E9	0.12128981507504207
1.441128218E9	0.10717076775300877
1.444861853E9	0.1577594980296132
1.4482687755E9	0.0039643400936949106
1.454755908E9	0.05238393300698798
1.461569753E9	0.0431684313335569
1.468383598E9	0.01213367782801047
1.475197443E9	0.035864332106175
1.482011288E9	0.02505751158119975
1.488825133E9	0.013822738850091248
1.495638978E9	0.06373127067023097
1.502452823E9	0.021193173604624114
1.509266668E9	0.0319471605239039
1.516080513E9	0.0263109888763246
1.522894358E9	0.03579520813872344
1.529708203E9	0.09289351313392072
1.536522048E9	0.10090235395727376
1.543335893E9	0.17453757753515087
1.550149738E9	0.14940375074572432
1.556963583E9	0.038443199104176866
1.563777428E9	0.05857837975474934
1.570591273E9	0.025549451154230834
1.577405118E9	0.09268599447155021
1.584218963E9	0.09887119533831486
1.591032808E9	0.051323151612635745
1.597846653E9	0.0406551660626269
1.6032409105E9	0.03547866866934865
1.606647833E9	0.0
1.611474343E9	0.07598411763108788
1.618288188E9	0.038558845996643595
1.625102033E9	0.009921857629576253
1.631915878E9	0.006298059318930795
1.638729723E9	0.05238085104665574
1.645543568E9	0.11095717616118358
1.652357413E9	0.09403266437672123
1.659171258E9	0.04575595717249218
1.665985103E9	0.09419013787369686
1.672798948E9	0.017921452571932586
1.679612793E9	0.007596591938912611
1.686426638E9	0.0409447235738412
1.693240483E9	0.06631351314859672
1.700054328E9	0.02256376539237391
1.706868173E9	0.04170802241612482
1.713682018E9	0.04130355181252288
1.720495863E9	0.11737557869308739
1.727309708E9	0.1637235657694004
1.734123553E9	0.19811295971657705
1.740937398E9	0.27572772788344907
1.747751243E9	0.13525520466051105
1.754565088E9	0.2461348915333413
1.759854186E9	0.16780528702025926
1.7632611085E9	0.0
1.768192778E9	0.06702500570529561
1.775006623E9	0.002416843940535777
1.781820468E9	0.05472387469923369
1.788634313E9	0.13923695064974329
1.795448158E9	0.1753902532270693
1.802262003E9	0.041093538229883424
1.809075848E9	0.028201844920158883
1.815889693E9	0.027591176494328826
1.822703538E9	0.017194696973588334
1.829517383E9	0.08792774123861051
1.836331228E9	0.10087065379385649
1.843145073E9	0.007454381483582324
1.849958918E9	0.06974887159892836
1.856772763E9	0.06325327329870287
1.863586608E9	0.08987774156882054
1.870400453E9	0.16629039844610496
1.877214298E9	0.14099205367894338
1.884028143E9	0.33827890126646554
1.890841988E9	0.02475401186848248
1.897655833E9	0.21071216031477089
1.904469678E9	0.24033860470850157
1.910723823E9	0.1493857610355355
1.9141307455E9	0.0
1.918097368E9	0.022323812766507016
1.924911213E9	0.012510117268590642
1.931725058E9	0.00409886048185716
1.938538903E9	0.03163412141015829
1.945352748E9	0.22882718934757101
1.952166593E9	0.07536523064437187
1.958980438E9	0.09157824987213534
1.965794283E9	0.07006337831283219
1.972608128E9	0.0352852170837464
1.979421973E9	0.021581353846469944
1.986235818E9	0.08561671126948148
1.993049663E9	0.02734858218817716
1.999863508E9	0.22915725262315184
2.006677353E9	0.12287966632642804
2.013491198E9	0.3665243339113232
2.020305043E9	0.010012702079369284
2.027118888E9	0.09995648565530915
2.033932733E9	0.10754251087308267
2.040746578E9	0.12788843890637372
2.047560423E9	0.0519175296767097
2.054374268E9	0.02838778986020375
2.060544391E9	0.1639350818009768
2.0639513135E9	0.0
2.068001958E9	0.0703375260223853
2.074815803E9	0.013675098274175594
2.081629648E9	0.16789565949915208
2.088443493E9	0.10990431980768567
2.095257338E9	0.1928897707535173
2.102071183E9	0.038179177835715374
2.108885028E9	0.1627091605400475
2.115698873E9	0.006290281038092296
2.122512718E9	0.009636115878773291
2.129326563E9	0.0539968255808578
2.136140408E9	0.1648549387313624
2.142954253E9	0.13750356810288464
2.149768098E9	0.04040993007619046
2.156581943E9	0.025581151317648113
2.163395788E9	0.15074616461043655
2.170209633E9	0.09957182765384302
2.177023478E9	0.09089302735826835
2.183837323E9	0.1103576614965559
2.190651168E9	0.23404245326977646
2.197465013E9	0.10573413395813964
2.204278858E9	0.1884325223130259
2.2082174155E9	0.14713854430201173
2.211624338E9	0.040341009377323135
2.217906548E9	0.03788741892426376
2.224720393E9	0.04107578026796911
2.231534238E9	0.1105522652775342
2.238348083E9	0.012857204706006667
2.245161928E9	0.045086291220302194
2.251975773E9	0.03596207427671161
2.258789618E9	0.012056922339736228
2.265603463E9	0.025513494950354754
2.272417308E9	0.028832325948124737
2.279231153E9	0.21678846524979656
2.286044998E9	0.05573519796825434
2.292858843E9	0.15310371750458074
2.299672688E9	0.02259605259585447
2.306486533E9	0.07158571995694062
2.313300378E9	0.08554201042142873
2.320114223E9	0.10886746029591222
2.326928068E9	0.09457934543565344
2.333741913E9	0.3221266406852519
2.3376495495E9	0.019427257875753424
2.341056472E9	0.04958883713952388
2.347369603E9	0.021239843289655107
2.354183448E9	0.03940168876750205
2.360997293E9	0.14330381744815152
2.367811138E9	0.060709335184466334
2.374624983E9	0.054148428677200613
2.381438828E9	0.38101130859301907
2.388252673E9	0.06245020249213183
2.395066518E9	0.1617547801571653
2.401880363E9	0.20401300587260204
2.408694208E9	0.08083820515435852
2.415508053E9	0.05514258102437023
2.422321898E9	0.043447715643663745
2.429135743E9	0.05118813239808067
2.435949588E9	0.08325622317502086
2.442763433E9	0.13881677672444853
2.449577278E9	0.1053487421565944
2.456391123E9	0.07246642681188081
2.4612717095E9	0.11781756221228176
2.462753523E9	0.0
2.4646867815E9	5.365929929162452E-4
2.470018813E9	0.03761488557488467
2.476832658E9	0.05242194385108555
2.483646503E9	0.014373675949482268
2.490460348E9	0.0024642474256458724
2.497274193E9	0.026898469219654983
2.504088038E9	0.027880440485511485
2.510901883E9	0.057268253093517685
2.517715728E9	0.01631927347921768
2.524529573E9	0.06440416534276902
2.531343418E9	0.007158660051703554
2.538157263E9	0.08959258685808086
2.544971108E9	0.007009551875629692
2.551784953E9	0.005821089267513423
2.558598798E9	0.07693101325316323
2.565412643E9	0.22348307013147495
2.572226488E9	0.010030753561315234
2.579040333E9	0.008343747179455945
2.585854178E9	0.004682818584807844
2.592668023E9	0.0038694745771293594
2.599481868E9	0.018262376088684144
2.606295713E9	0.02712491992406637
2.613109558E9	0.03926549547282041
2.619923403E9	0.027516622406291897
2.626737248E9	0.0357956484187709
2.631968571E9	0.010219795488983916
2.6353754935E9	0.005074495014919224
2.640364938E9	0.0014256267936825684
2.647178783E9	0.0013683903875124838
2.653992628E9	8.594266526461931E-4
2.660806473E9	3.0408675278055194E-4
2.667620318E9	7.114925566988976E-4
2.674434163E9	0.002106740027106575
2.681248008E9	5.708964615426385E-4
2.688061853E9	3.72476920153012E-4
2.694875698E9	0.0011227141210285823
2.701689543E9	6.935878347687686E-4
2.708503388E9	4.4336200779442444E-4
2.715317233E9	5.143938554516576E-4
2.7221309125E9	0.006838468373294602
