# Position (bp)	A	C	G	T	N
0.0	16.549855289485553	31.76447760056807	30.79480549025966	20.886480082202898	0.004381537483821346
1.0	18.91907315722541	23.71621531292485	28.675366169414968	28.687510060342348	0.0018353000924295764
2.0	20.57092051620539	26.304954390667618	27.09824063882971	26.02539761679908	4.868374982023719E-4
3.0	23.989605478482826	24.476833219441694	28.391161256575494	23.141712290939033	6.87754560952557E-4
4.0	24.457375174672272	23.680656856607733	27.922456523286325	23.93881209950371	6.993459299573754E-4
5.0	24.72830410621156	24.88845818796147	26.488036200309057	23.892794364554582	0.00240714096333395
6.0	19.248028482002816	24.834778558100155	23.942123367249422	31.974408884614334	6.607080332746474E-4
7.0	19.960271741872884	27.75590400584576	25.46342872849714	26.819746407119943	6.491166642698291E-4
8.0	19.490925619498782	27.11466174491987	26.02963619406517	27.364590979612096	1.8546190407709405E-4
9.0	25.327832893878778	24.407033859084347	25.755593048053253	24.509211776861818	3.2842212180318736E-4
10.0	21.415564256638163	28.10357939156595	27.217550599996304	23.263128017474838	1.7773432474054845E-4
11.0	19.734614833876748	26.87480154610316	27.85370811371875	25.53635003090645	5.254753948850998E-4
12.0	20.550817218561367	26.868924722017724	26.049322202425024	26.529993092316833	9.427646790585613E-4
13.0	21.387621329757213	26.147698151168917	25.841272583947205	26.621251940491764	0.002155994634896218
14.0	21.193114294066696	26.193043586715763	26.635544098474707	25.974785835934373	0.0035121848084599685
15.0	21.154032061572114	26.59196055101659	26.57576740851686	25.67215837395657	0.006081604937861375
16.0	21.44967738021685	26.28990920124218	26.568638474577778	25.68276809667272	0.009006847290469086
17.0	21.44795452709134	26.434491847757517	26.37935516159794	25.728692804575516	0.009505658977683379
18.0	21.019970375930303	26.35790993999949	26.59802635267775	26.015819984333582	0.008273347058871491
19.0	21.31390935588831	26.524790705378077	26.717852864677027	25.43465553674789	0.008791537308695183
20.0	21.380599698494013	26.44882809440046	26.601161697339048	25.558527881883915	0.010882627882567943
21.0	21.32011447014351	26.400677811407782	26.947780262711824	25.317073856956533	0.014353598780353765
22.0	21.499534415907334	26.082305713572694	26.547468533120433	25.853218165250446	0.01747317214908539
23.0	21.662962267539065	26.438054234629497	26.41061619747842	25.474201867734514	0.01416543261849626
24.0	21.604066800659457	26.661569946683887	26.355793804474192	25.369018412934892	0.00955103524757184
25.0	21.986784267490194	26.30330611323975	26.369130815898913	25.336604120249888	0.004174683121257498
26.0	22.216280281605204	25.8173308118957	26.07809627335435	25.885466839641825	0.002825793502917023
27.0	22.02943970814821	26.25319630410135	27.014479551385502	24.701952760883053	9.316754818888472E-4
28.0	21.169278240724935	27.181534768835302	27.84191861588321	23.806885626266862	3.827482896854014E-4
29.0	19.547543454593075	27.19413825712394	27.364714987190027	25.893456375514557	1.469255784054043E-4
30.0	20.46136710220359	25.316923450053803	24.36564652971587	29.85583476809991	2.281499268296116E-4
31.0	23.122468827495208	25.745561880509687	27.188240048349293	23.943493329289527	2.3591435628196036E-4
32.0	22.76322742281967	25.317787821023924	27.45550850596315	24.463166806709182	3.0944348407369813E-4
33.0	25.954185655318028	24.032766085157295	25.067352813601328	24.945134438471587	5.610074517652564E-4
34.0	19.78267702636583	26.41644705467023	24.7423029995231	29.055201320459062	0.003371598981784849
35.0	19.802334762646375	28.256122018232716	23.626045082884207	28.314893207134784	6.049291019214798E-4
36.0	19.10742510647446	28.027205187530797	25.228198535864628	27.636781303755264	3.8986637485948243E-4
37.0	21.47705805040391	27.782211135381914	26.71570939279932	24.02432155710901	6.99864305854699E-4
38.0	23.903077776045492	28.83058956957275	25.545684364550205	21.718836454636087	0.0018118351954706199
39.0	18.16843139801572	30.73095633540566	32.00216113254174	19.092807257782564	0.005643876254315988
