#Coverage	Number of genomic locations
0.0	2.590684681E9
1.0	6.8116923E7
2.0	2.960761E7
3.0	1.5093361E7
4.0	8217485.0
5.0	4696640.0
6.0	2827111.0
7.0	1784817.0
8.0	1168343.0
9.0	794493.0
10.0	565355.0
11.0	405088.0
12.0	299902.0
13.0	227589.0
14.0	175539.0
15.0	139333.0
16.0	111214.0
17.0	89463.0
18.0	71780.0
19.0	59241.0
20.0	48955.0
21.0	40656.0
22.0	33799.0
23.0	28888.0
24.0	24362.0
25.0	20687.0
26.0	18025.0
27.0	15820.0
28.0	13676.0
29.0	11778.0
30.0	10541.0
31.0	8957.0
32.0	7813.0
33.0	6756.0
34.0	6109.0
35.0	5270.0
36.0	4796.0
37.0	4207.0
38.0	3770.0
39.0	3378.0
40.0	3109.0
41.0	2920.0
42.0	2588.0
43.0	2537.0
44.0	2473.0
45.0	2111.0
46.0	2010.0
47.0	1725.0
48.0	1723.0
49.0	1561.0
50.0	1558.0
51.0	1445.0
52.0	1264.0
53.0	1164.0
54.0	1115.0
55.0	1079.0
56.0	1009.0
57.0	927.0
58.0	944.0
59.0	890.0
60.0	773.0
61.0	851.0
62.0	729.0
63.0	769.0
64.0	697.0
65.0	668.0
66.0	623.0
67.0	651.0
68.0	533.0
69.0	487.0
70.0	484.0
71.0	388.0
72.0	460.0
73.0	370.0
74.0	388.0
75.0	377.0
76.0	357.0
77.0	357.0
78.0	388.0
79.0	380.0
80.0	377.0
81.0	340.0
82.0	373.0
83.0	316.0
84.0	284.0
85.0	290.0
86.0	272.0
87.0	290.0
88.0	262.0
89.0	269.0
90.0	267.0
91.0	247.0
92.0	243.0
93.0	268.0
94.0	217.0
95.0	205.0
96.0	237.0
97.0	223.0
98.0	196.0
99.0	213.0
100.0	242.0
101.0	218.0
102.0	199.0
103.0	199.0
104.0	197.0
105.0	188.0
106.0	200.0
107.0	214.0
108.0	199.0
109.0	203.0
110.0	210.0
111.0	171.0
112.0	214.0
113.0	210.0
114.0	211.0
115.0	187.0
116.0	178.0
117.0	178.0
118.0	189.0
119.0	171.0
120.0	190.0
121.0	212.0
122.0	174.0
123.0	185.0
124.0	217.0
125.0	196.0
126.0	164.0
127.0	221.0
128.0	188.0
129.0	186.0
130.0	212.0
131.0	236.0
132.0	225.0
133.0	216.0
134.0	232.0
135.0	202.0
136.0	211.0
137.0	204.0
138.0	194.0
139.0	207.0
140.0	206.0
141.0	183.0
142.0	212.0
143.0	190.0
144.0	211.0
145.0	176.0
146.0	177.0
147.0	193.0
148.0	178.0
149.0	186.0
150.0	192.0
151.0	182.0
152.0	204.0
153.0	190.0
154.0	192.0
155.0	191.0
156.0	178.0
157.0	167.0
158.0	181.0
159.0	197.0
160.0	161.0
161.0	163.0
162.0	174.0
163.0	173.0
164.0	189.0
165.0	169.0
166.0	165.0
167.0	166.0
168.0	204.0
169.0	167.0
170.0	159.0
171.0	136.0
172.0	156.0
173.0	155.0
174.0	169.0
175.0	158.0
176.0	142.0
177.0	145.0
178.0	128.0
179.0	136.0
180.0	126.0
181.0	127.0
182.0	117.0
183.0	147.0
184.0	98.0
185.0	117.0
186.0	106.0
187.0	121.0
188.0	96.0
189.0	128.0
190.0	108.0
191.0	121.0
192.0	98.0
193.0	114.0
194.0	110.0
195.0	95.0
196.0	98.0
197.0	112.0
198.0	89.0
199.0	83.0
200.0	94.0
201.0	86.0
202.0	80.0
203.0	75.0
204.0	66.0
205.0	85.0
206.0	76.0
207.0	80.0
208.0	78.0
209.0	71.0
210.0	87.0
211.0	69.0
212.0	76.0
213.0	66.0
214.0	71.0
215.0	68.0
216.0	71.0
217.0	70.0
218.0	58.0
219.0	52.0
220.0	68.0
221.0	66.0
222.0	49.0
223.0	67.0
224.0	63.0
225.0	66.0
226.0	54.0
227.0	41.0
228.0	57.0
229.0	69.0
230.0	57.0
231.0	80.0
232.0	50.0
233.0	61.0
234.0	51.0
235.0	57.0
236.0	73.0
237.0	60.0
238.0	59.0
239.0	64.0
240.0	81.0
241.0	59.0
242.0	53.0
243.0	49.0
244.0	61.0
245.0	53.0
246.0	49.0
247.0	58.0
248.0	49.0
249.0	62.0
250.0	45.0
251.0	45.0
252.0	48.0
253.0	52.0
254.0	57.0
255.0	48.0
256.0	63.0
257.0	48.0
258.0	41.0
259.0	57.0
260.0	58.0
261.0	52.0
262.0	52.0
263.0	47.0
264.0	61.0
265.0	46.0
266.0	43.0
267.0	52.0
268.0	49.0
269.0	66.0
270.0	50.0
271.0	35.0
272.0	47.0
273.0	53.0
274.0	39.0
275.0	34.0
276.0	38.0
277.0	40.0
278.0	35.0
279.0	40.0
280.0	35.0
281.0	32.0
282.0	33.0
283.0	31.0
284.0	29.0
285.0	25.0
286.0	32.0
287.0	37.0
288.0	38.0
289.0	48.0
290.0	35.0
291.0	37.0
292.0	37.0
293.0	40.0
294.0	35.0
295.0	38.0
296.0	50.0
297.0	49.0
298.0	36.0
299.0	42.0
300.0	50.0
301.0	42.0
302.0	51.0
303.0	42.0
304.0	40.0
305.0	41.0
306.0	39.0
307.0	35.0
308.0	30.0
309.0	45.0
310.0	42.0
311.0	34.0
312.0	45.0
313.0	41.0
314.0	44.0
315.0	45.0
316.0	42.0
317.0	40.0
318.0	47.0
319.0	39.0
320.0	53.0
321.0	42.0
322.0	51.0
323.0	36.0
324.0	40.0
325.0	47.0
326.0	39.0
327.0	32.0
328.0	36.0
329.0	29.0
330.0	28.0
331.0	33.0
332.0	36.0
333.0	44.0
334.0	34.0
335.0	26.0
336.0	35.0
337.0	37.0
338.0	34.0
339.0	27.0
340.0	27.0
341.0	32.0
342.0	38.0
343.0	35.0
344.0	26.0
345.0	35.0
346.0	27.0
347.0	36.0
348.0	38.0
349.0	35.0
350.0	31.0
351.0	32.0
352.0	36.0
353.0	35.0
354.0	32.0
355.0	33.0
356.0	36.0
357.0	29.0
358.0	50.0
359.0	24.0
360.0	33.0
361.0	38.0
362.0	40.0
363.0	33.0
364.0	29.0
365.0	36.0
366.0	24.0
367.0	32.0
368.0	28.0
369.0	20.0
370.0	29.0
371.0	27.0
372.0	30.0
373.0	25.0
374.0	20.0
375.0	23.0
376.0	27.0
377.0	31.0
378.0	34.0
379.0	23.0
380.0	32.0
381.0	23.0
382.0	26.0
383.0	27.0
384.0	31.0
385.0	35.0
386.0	17.0
387.0	25.0
388.0	31.0
389.0	24.0
390.0	27.0
391.0	29.0
392.0	21.0
393.0	13.0
394.0	26.0
395.0	31.0
396.0	23.0
397.0	37.0
398.0	18.0
399.0	23.0
400.0	37.0
401.0	20.0
402.0	26.0
403.0	23.0
404.0	16.0
405.0	15.0
406.0	22.0
407.0	9.0
408.0	28.0
409.0	20.0
410.0	15.0
411.0	19.0
412.0	23.0
413.0	21.0
414.0	14.0
415.0	19.0
416.0	23.0
417.0	20.0
418.0	25.0
419.0	22.0
420.0	21.0
421.0	30.0
422.0	18.0
423.0	15.0
424.0	17.0
425.0	21.0
426.0	23.0
427.0	19.0
428.0	25.0
429.0	21.0
430.0	15.0
431.0	27.0
432.0	13.0
433.0	18.0
434.0	16.0
435.0	21.0
436.0	18.0
437.0	17.0
438.0	22.0
439.0	15.0
440.0	17.0
441.0	20.0
442.0	17.0
443.0	18.0
444.0	19.0
445.0	18.0
446.0	26.0
447.0	24.0
448.0	20.0
449.0	18.0
450.0	13.0
451.0	20.0
452.0	19.0
453.0	18.0
454.0	9.0
455.0	16.0
456.0	15.0
457.0	13.0
458.0	15.0
459.0	12.0
460.0	29.0
461.0	16.0
462.0	19.0
463.0	22.0
464.0	19.0
465.0	17.0
466.0	13.0
467.0	14.0
468.0	16.0
469.0	19.0
470.0	9.0
471.0	14.0
472.0	24.0
473.0	24.0
474.0	9.0
475.0	8.0
476.0	16.0
477.0	14.0
478.0	15.0
479.0	15.0
480.0	13.0
481.0	20.0
482.0	23.0
483.0	9.0
484.0	17.0
485.0	18.0
486.0	16.0
487.0	17.0
488.0	19.0
489.0	10.0
490.0	13.0
491.0	13.0
492.0	14.0
493.0	11.0
494.0	12.0
495.0	13.0
496.0	17.0
497.0	15.0
498.0	16.0
499.0	16.0
500.0	17.0
501.0	18.0
502.0	20.0
503.0	12.0
504.0	16.0
505.0	16.0
506.0	13.0
507.0	21.0
508.0	14.0
509.0	14.0
510.0	12.0
511.0	21.0
512.0	18.0
513.0	19.0
514.0	18.0
515.0	19.0
516.0	13.0
517.0	17.0
518.0	11.0
519.0	14.0
520.0	13.0
521.0	15.0
522.0	7.0
523.0	16.0
524.0	16.0
525.0	12.0
526.0	14.0
527.0	12.0
528.0	12.0
529.0	15.0
530.0	9.0
531.0	14.0
532.0	17.0
533.0	4.0
534.0	13.0
535.0	6.0
536.0	17.0
537.0	11.0
538.0	12.0
539.0	12.0
540.0	10.0
541.0	4.0
542.0	6.0
543.0	8.0
544.0	10.0
545.0	4.0
546.0	6.0
547.0	9.0
548.0	4.0
549.0	7.0
550.0	6.0
551.0	9.0
552.0	9.0
553.0	4.0
554.0	7.0
555.0	11.0
556.0	5.0
557.0	5.0
558.0	5.0
559.0	11.0
560.0	8.0
561.0	7.0
562.0	7.0
563.0	8.0
564.0	8.0
565.0	14.0
566.0	4.0
567.0	10.0
568.0	7.0
569.0	4.0
570.0	7.0
571.0	10.0
572.0	10.0
573.0	4.0
574.0	8.0
575.0	5.0
576.0	3.0
577.0	8.0
578.0	9.0
579.0	8.0
580.0	8.0
581.0	4.0
582.0	5.0
583.0	8.0
584.0	4.0
585.0	7.0
586.0	11.0
587.0	8.0
588.0	3.0
589.0	8.0
590.0	4.0
591.0	10.0
592.0	7.0
593.0	3.0
594.0	6.0
595.0	11.0
596.0	6.0
597.0	9.0
598.0	4.0
599.0	7.0
600.0	6.0
601.0	12.0
602.0	6.0
603.0	4.0
604.0	4.0
605.0	9.0
606.0	6.0
607.0	5.0
608.0	6.0
609.0	10.0
610.0	5.0
611.0	4.0
612.0	6.0
613.0	6.0
614.0	9.0
615.0	2.0
616.0	9.0
617.0	4.0
618.0	9.0
619.0	6.0
620.0	6.0
621.0	5.0
622.0	5.0
623.0	7.0
624.0	3.0
625.0	6.0
626.0	8.0
627.0	8.0
628.0	5.0
629.0	5.0
630.0	5.0
631.0	5.0
632.0	4.0
633.0	7.0
634.0	6.0
635.0	6.0
636.0	1.0
637.0	3.0
638.0	4.0
639.0	5.0
640.0	5.0
641.0	7.0
642.0	5.0
643.0	6.0
644.0	2.0
645.0	6.0
646.0	4.0
647.0	5.0
648.0	8.0
649.0	6.0
650.0	12.0
651.0	6.0
652.0	6.0
653.0	5.0
654.0	4.0
655.0	6.0
656.0	5.0
657.0	5.0
658.0	3.0
659.0	5.0
660.0	4.0
661.0	4.0
662.0	7.0
663.0	4.0
664.0	7.0
665.0	5.0
666.0	2.0
667.0	8.0
668.0	2.0
669.0	7.0
670.0	6.0
671.0	6.0
672.0	5.0
673.0	4.0
674.0	4.0
675.0	2.0
676.0	4.0
677.0	9.0
678.0	9.0
679.0	2.0
680.0	8.0
681.0	4.0
682.0	4.0
683.0	7.0
684.0	3.0
685.0	5.0
686.0	7.0
687.0	1.0
688.0	6.0
689.0	6.0
690.0	2.0
691.0	5.0
692.0	4.0
693.0	8.0
694.0	3.0
695.0	3.0
696.0	7.0
697.0	4.0
698.0	2.0
699.0	4.0
700.0	6.0
701.0	5.0
702.0	5.0
703.0	6.0
704.0	8.0
705.0	2.0
706.0	8.0
707.0	3.0
708.0	5.0
709.0	1.0
710.0	3.0
711.0	5.0
712.0	2.0
713.0	6.0
714.0	5.0
715.0	6.0
716.0	5.0
717.0	4.0
718.0	4.0
719.0	3.0
720.0	4.0
721.0	3.0
722.0	3.0
723.0	5.0
724.0	10.0
725.0	4.0
726.0	4.0
727.0	5.0
728.0	4.0
729.0	7.0
730.0	7.0
731.0	7.0
732.0	7.0
733.0	3.0
734.0	1.0
735.0	4.0
736.0	11.0
737.0	4.0
738.0	5.0
739.0	1.0
740.0	5.0
741.0	6.0
742.0	4.0
743.0	5.0
744.0	3.0
745.0	4.0
746.0	2.0
747.0	9.0
748.0	8.0
749.0	1.0
750.0	6.0
751.0	4.0
752.0	1.0
753.0	4.0
754.0	5.0
755.0	5.0
756.0	4.0
757.0	1.0
758.0	2.0
759.0	3.0
760.0	3.0
761.0	3.0
762.0	5.0
763.0	4.0
764.0	4.0
765.0	2.0
766.0	3.0
767.0	2.0
768.0	2.0
769.0	2.0
770.0	7.0
771.0	4.0
772.0	4.0
773.0	4.0
774.0	3.0
775.0	4.0
776.0	4.0
777.0	4.0
778.0	2.0
779.0	5.0
780.0	3.0
781.0	2.0
782.0	5.0
783.0	4.0
784.0	1.0
785.0	2.0
786.0	3.0
787.0	1.0
788.0	4.0
789.0	6.0
790.0	5.0
791.0	2.0
792.0	1.0
793.0	3.0
794.0	3.0
795.0	4.0
796.0	1.0
797.0	2.0
798.0	4.0
799.0	1.0
800.0	2.0
801.0	3.0
802.0	6.0
803.0	2.0
804.0	5.0
805.0	2.0
806.0	3.0
807.0	4.0
808.0	3.0
809.0	2.0
810.0	7.0
811.0	4.0
812.0	1.0
813.0	1.0
814.0	4.0
815.0	6.0
816.0	3.0
817.0	3.0
818.0	4.0
819.0	4.0
820.0	1.0
821.0	3.0
822.0	4.0
823.0	3.0
824.0	7.0
825.0	7.0
826.0	3.0
827.0	3.0
828.0	6.0
829.0	3.0
830.0	2.0
831.0	4.0
832.0	2.0
833.0	1.0
834.0	5.0
835.0	5.0
836.0	9.0
837.0	5.0
838.0	2.0
839.0	2.0
841.0	2.0
843.0	2.0
844.0	1.0
845.0	2.0
847.0	2.0
848.0	2.0
849.0	2.0
850.0	2.0
851.0	1.0
852.0	1.0
853.0	4.0
854.0	1.0
855.0	1.0
856.0	1.0
857.0	2.0
859.0	1.0
860.0	3.0
861.0	1.0
862.0	4.0
863.0	1.0
864.0	6.0
865.0	1.0
866.0	1.0
867.0	2.0
868.0	1.0
869.0	3.0
870.0	3.0
871.0	1.0
872.0	2.0
873.0	3.0
874.0	3.0
875.0	3.0
876.0	6.0
877.0	2.0
878.0	5.0
879.0	2.0
880.0	3.0
881.0	2.0
882.0	2.0
883.0	3.0
884.0	1.0
885.0	6.0
886.0	1.0
887.0	1.0
888.0	3.0
890.0	1.0
892.0	4.0
893.0	5.0
894.0	3.0
895.0	7.0
896.0	1.0
897.0	2.0
898.0	3.0
899.0	4.0
900.0	3.0
901.0	1.0
902.0	1.0
903.0	2.0
904.0	1.0
905.0	1.0
907.0	3.0
908.0	2.0
909.0	2.0
910.0	1.0
911.0	3.0
912.0	2.0
914.0	2.0
915.0	1.0
917.0	2.0
918.0	2.0
919.0	1.0
920.0	2.0
921.0	2.0
923.0	2.0
924.0	2.0
925.0	1.0
926.0	5.0
928.0	1.0
929.0	1.0
932.0	1.0
933.0	2.0
934.0	2.0
935.0	4.0
936.0	2.0
937.0	2.0
938.0	2.0
939.0	1.0
941.0	1.0
942.0	1.0
943.0	2.0
944.0	1.0
945.0	2.0
946.0	1.0
947.0	2.0
949.0	2.0
950.0	1.0
951.0	1.0
952.0	2.0
953.0	2.0
955.0	2.0
956.0	2.0
958.0	1.0
959.0	1.0
960.0	2.0
961.0	2.0
964.0	3.0
966.0	1.0
968.0	2.0
970.0	1.0
972.0	3.0
973.0	4.0
974.0	2.0
975.0	4.0
976.0	1.0
977.0	4.0
978.0	7.0
979.0	6.0
980.0	1.0
981.0	1.0
982.0	2.0
983.0	2.0
984.0	4.0
986.0	1.0
987.0	2.0
988.0	3.0
989.0	1.0
991.0	1.0
992.0	2.0
993.0	2.0
994.0	3.0
996.0	1.0
998.0	1.0
999.0	3.0
1000.0	1.0
1002.0	2.0
1003.0	1.0
1005.0	2.0
1007.0	3.0
1008.0	2.0
1009.0	1.0
1010.0	2.0
1012.0	2.0
1013.0	1.0
1014.0	1.0
1015.0	4.0
1017.0	3.0
1018.0	1.0
1019.0	2.0
1021.0	4.0
1022.0	1.0
1023.0	4.0
1024.0	2.0
1025.0	2.0
1026.0	1.0
1027.0	1.0
1029.0	3.0
1030.0	2.0
1031.0	3.0
1032.0	2.0
1033.0	2.0
1035.0	1.0
1036.0	2.0
1037.0	4.0
1038.0	1.0
1039.0	1.0
1040.0	1.0
1041.0	1.0
1042.0	1.0
1043.0	2.0
1045.0	2.0
1046.0	3.0
1048.0	1.0
1051.0	1.0
1052.0	1.0
1053.0	1.0
1055.0	1.0
1056.0	2.0
1057.0	2.0
1061.0	1.0
1063.0	2.0
1064.0	3.0
1065.0	3.0
1066.0	1.0
1068.0	1.0
1070.0	3.0
1071.0	4.0
1072.0	2.0
1073.0	3.0
1074.0	3.0
1076.0	3.0
1078.0	3.0
1079.0	2.0
1080.0	2.0
1081.0	1.0
1082.0	3.0
1084.0	5.0
1085.0	3.0
1086.0	1.0
1087.0	2.0
1088.0	1.0
1089.0	2.0
1091.0	3.0
1092.0	1.0
1094.0	1.0
1095.0	1.0
1096.0	1.0
1097.0	2.0
1098.0	1.0
1099.0	1.0
1100.0	1.0
1101.0	8.0
1102.0	4.0
1103.0	6.0
1104.0	2.0
1105.0	4.0
1106.0	4.0
1107.0	6.0
1108.0	2.0
1110.0	2.0
1111.0	1.0
1112.0	1.0
1113.0	2.0
1114.0	2.0
1115.0	1.0
1118.0	1.0
1120.0	5.0
1121.0	1.0
1122.0	1.0
1123.0	2.0
1124.0	1.0
1125.0	1.0
1126.0	3.0
1127.0	1.0
1129.0	1.0
1130.0	1.0
1133.0	4.0
1134.0	2.0
1136.0	3.0
1137.0	1.0
1139.0	2.0
1140.0	3.0
1141.0	1.0
1142.0	3.0
1143.0	1.0
1144.0	2.0
1145.0	2.0
1146.0	1.0
1147.0	1.0
1148.0	2.0
1149.0	1.0
1151.0	1.0
1152.0	2.0
1153.0	3.0
1155.0	3.0
1156.0	1.0
1158.0	1.0
1159.0	2.0
1160.0	2.0
1161.0	3.0
1164.0	1.0
1166.0	1.0
1168.0	2.0
1170.0	1.0
1173.0	2.0
1174.0	2.0
1176.0	1.0
1177.0	1.0
1178.0	1.0
1179.0	2.0
1181.0	1.0
1182.0	1.0
1185.0	1.0
1190.0	1.0
1192.0	1.0
1194.0	1.0
1195.0	1.0
1196.0	2.0
1197.0	1.0
1199.0	2.0
1200.0	1.0
1201.0	3.0
1203.0	3.0
1207.0	2.0
1208.0	2.0
1209.0	2.0
1211.0	2.0
1212.0	1.0
1214.0	1.0
1215.0	2.0
1217.0	3.0
1219.0	2.0
1220.0	4.0
1221.0	1.0
1222.0	3.0
1223.0	2.0
1224.0	1.0
1225.0	1.0
1227.0	3.0
1228.0	2.0
1229.0	2.0
1231.0	2.0
1232.0	2.0
1235.0	1.0
1238.0	1.0
1240.0	2.0
1241.0	2.0
1242.0	1.0
1244.0	1.0
1245.0	2.0
1247.0	1.0
1249.0	2.0
1250.0	2.0
1251.0	1.0
1252.0	4.0
1253.0	1.0
1261.0	2.0
1263.0	2.0
1264.0	2.0
1267.0	2.0
1268.0	2.0
1270.0	1.0
1272.0	1.0
1274.0	1.0
1275.0	2.0
1276.0	1.0
1279.0	1.0
1285.0	1.0
1287.0	2.0
1289.0	3.0
1290.0	1.0
1291.0	2.0
1292.0	1.0
1293.0	2.0
1294.0	1.0
1295.0	2.0
1296.0	1.0
1299.0	1.0
1300.0	1.0
1302.0	2.0
1303.0	2.0
1304.0	1.0
1305.0	2.0
1306.0	3.0
1307.0	1.0
1308.0	1.0
1310.0	1.0
1311.0	1.0
1315.0	1.0
1316.0	1.0
1317.0	5.0
1318.0	6.0
1319.0	19.0
1320.0	1.0
1321.0	2.0
1322.0	2.0
1323.0	2.0
1324.0	1.0
1327.0	3.0
1328.0	5.0
1329.0	1.0
1330.0	1.0
1331.0	3.0
1332.0	1.0
1333.0	2.0
1334.0	2.0
1338.0	2.0
1339.0	2.0
1341.0	1.0
1342.0	2.0
1343.0	2.0
1344.0	1.0
1345.0	1.0
1346.0	2.0
1347.0	1.0
1348.0	4.0
1349.0	2.0
1352.0	1.0
1353.0	2.0
1354.0	1.0
1355.0	2.0
1357.0	1.0
1358.0	2.0
1359.0	2.0
1360.0	3.0
1361.0	13.0
1362.0	2.0
1365.0	1.0
1370.0	1.0
1371.0	2.0
1374.0	1.0
1375.0	3.0
1378.0	1.0
1379.0	2.0
1381.0	1.0
1382.0	2.0
1386.0	1.0
1387.0	1.0
1388.0	1.0
1391.0	2.0
1397.0	3.0
1401.0	1.0
1402.0	1.0
1404.0	1.0
1405.0	2.0
1414.0	1.0
1415.0	1.0
1418.0	1.0
1422.0	1.0
1434.0	1.0
1435.0	4.0
1436.0	1.0
1440.0	2.0
1442.0	1.0
1444.0	1.0
1449.0	2.0
1450.0	1.0
1451.0	1.0
1452.0	1.0
1457.0	1.0
1458.0	2.0
1459.0	2.0
1463.0	1.0
1466.0	1.0
1467.0	1.0
1471.0	1.0
1474.0	1.0
1476.0	1.0
1478.0	1.0
1480.0	2.0
1481.0	1.0
1482.0	1.0
1483.0	1.0
1484.0	1.0
1486.0	2.0
1487.0	1.0
1498.0	1.0
1499.0	1.0
1503.0	3.0
1506.0	1.0
1507.0	2.0
1509.0	1.0
1510.0	1.0
1512.0	1.0
1516.0	1.0
1521.0	1.0
1523.0	1.0
1534.0	1.0
1536.0	1.0
1540.0	1.0
1542.0	2.0
1549.0	2.0
1551.0	1.0
1553.0	1.0
1559.0	1.0
1560.0	1.0
1566.0	1.0
1568.0	1.0
1569.0	1.0
1572.0	1.0
1575.0	1.0
1576.0	1.0
1578.0	1.0
1584.0	1.0
1587.0	1.0
1589.0	1.0
1592.0	2.0
1597.0	1.0
1600.0	1.0
1603.0	1.0
1609.0	2.0
1612.0	1.0
1615.0	2.0
1617.0	1.0
1618.0	2.0
1621.0	1.0
1632.0	1.0
1633.0	1.0
1637.0	2.0
1638.0	1.0
1640.0	1.0
1642.0	1.0
1643.0	1.0
1644.0	2.0
1650.0	1.0
1651.0	2.0
1652.0	1.0
1653.0	1.0
1654.0	1.0
1656.0	1.0
1662.0	1.0
1663.0	1.0
1670.0	1.0
1671.0	1.0
1674.0	1.0
1676.0	1.0
1678.0	1.0
1682.0	1.0
1683.0	1.0
1689.0	2.0
1696.0	1.0
1699.0	1.0
1704.0	1.0
1705.0	2.0
1707.0	1.0
1711.0	1.0
1713.0	2.0
1714.0	1.0
1719.0	1.0
1722.0	1.0
1724.0	1.0
1725.0	1.0
1728.0	1.0
1729.0	1.0
1731.0	1.0
1738.0	2.0
1743.0	1.0
1744.0	1.0
1745.0	2.0
1746.0	2.0
1748.0	1.0
1750.0	1.0
1751.0	1.0
1753.0	1.0
1754.0	1.0
1757.0	1.0
1758.0	2.0
1760.0	3.0
1762.0	1.0
1763.0	1.0
1764.0	2.0
1767.0	2.0
1775.0	1.0
1778.0	2.0
1779.0	1.0
1781.0	1.0
1786.0	1.0
1787.0	1.0
1790.0	1.0
1791.0	1.0
1795.0	2.0
1796.0	1.0
1798.0	1.0
1799.0	1.0
1802.0	3.0
1808.0	1.0
1813.0	1.0
1815.0	2.0
1816.0	4.0
1821.0	2.0
1823.0	1.0
1824.0	2.0
1828.0	1.0
1831.0	2.0
1833.0	2.0
1834.0	1.0
1836.0	1.0
1839.0	1.0
1841.0	1.0
1843.0	1.0
1847.0	1.0
1848.0	2.0
1855.0	1.0
1859.0	2.0
1861.0	2.0
1863.0	1.0
1865.0	1.0
1866.0	1.0
1867.0	1.0
1872.0	1.0
1876.0	2.0
1878.0	1.0
1881.0	2.0
1883.0	1.0
1884.0	1.0
1886.0	2.0
1891.0	1.0
1893.0	1.0
1896.0	1.0
1897.0	1.0
1898.0	1.0
1899.0	1.0
1900.0	1.0
1901.0	1.0
1902.0	1.0
1903.0	1.0
1904.0	1.0
1905.0	1.0
1907.0	1.0
1908.0	1.0
1909.0	1.0
1910.0	2.0
1911.0	1.0
1912.0	1.0
1913.0	2.0
1914.0	2.0
1916.0	1.0
1917.0	3.0
1920.0	1.0
1922.0	2.0
1923.0	2.0
1925.0	1.0
1926.0	1.0
1928.0	1.0
1929.0	1.0
1930.0	1.0
1931.0	2.0
1933.0	1.0
1934.0	3.0
1941.0	2.0
1944.0	2.0
1945.0	1.0
1946.0	1.0
1948.0	1.0
1949.0	2.0
1950.0	1.0
1952.0	1.0
1956.0	1.0
1958.0	2.0
1959.0	3.0
1960.0	1.0
1964.0	2.0
1965.0	1.0
1966.0	1.0
1967.0	1.0
1968.0	2.0
1971.0	1.0
1972.0	1.0
1973.0	1.0
1976.0	1.0
1981.0	1.0
1982.0	1.0
1987.0	3.0
1988.0	1.0
1989.0	1.0
1992.0	1.0
1993.0	1.0
1994.0	1.0
1997.0	4.0
1998.0	1.0
2001.0	25.0
2002.0	1.0
2003.0	2.0
2006.0	2.0
2009.0	2.0
2010.0	1.0
2011.0	1.0
2012.0	1.0
2015.0	2.0
2021.0	1.0
2024.0	1.0
2030.0	2.0
2033.0	1.0
2034.0	1.0
2035.0	3.0
2036.0	1.0
2037.0	2.0
2038.0	2.0
2039.0	1.0
2040.0	1.0
2050.0	2.0
2052.0	1.0
2058.0	1.0
2065.0	2.0
2066.0	2.0
2068.0	1.0
2073.0	2.0
2074.0	1.0
2076.0	2.0
2080.0	1.0
2082.0	1.0
2085.0	1.0
2086.0	2.0
2088.0	1.0
2090.0	1.0
2091.0	2.0
2093.0	1.0
2094.0	1.0
2096.0	1.0
2097.0	1.0
2098.0	2.0
2103.0	2.0
2105.0	1.0
2108.0	1.0
2110.0	1.0
2111.0	1.0
2114.0	1.0
2115.0	1.0
2116.0	2.0
2118.0	2.0
2126.0	1.0
2128.0	1.0
2129.0	1.0
2133.0	1.0
2136.0	1.0
2137.0	1.0
2139.0	1.0
2141.0	1.0
2148.0	1.0
2150.0	1.0
2152.0	1.0
2153.0	1.0
2156.0	3.0
2158.0	1.0
2160.0	1.0
2161.0	3.0
2162.0	1.0
2164.0	1.0
2166.0	2.0
2167.0	2.0
2168.0	5.0
2169.0	19.0
2172.0	1.0
2175.0	1.0
2176.0	1.0
2182.0	2.0
2184.0	1.0
2186.0	1.0
2187.0	1.0
2188.0	1.0
2190.0	1.0
2195.0	1.0
2196.0	1.0
2200.0	1.0
2201.0	2.0
2202.0	2.0
2206.0	3.0
2207.0	1.0
2209.0	1.0
2216.0	2.0
2217.0	2.0
2219.0	1.0
2222.0	2.0
2224.0	1.0
2225.0	1.0
2227.0	2.0
2228.0	1.0
2229.0	1.0
2230.0	2.0
2233.0	1.0
2234.0	1.0
2235.0	3.0
2236.0	1.0
2238.0	1.0
2240.0	1.0
2242.0	2.0
2243.0	4.0
2244.0	1.0
2245.0	2.0
2247.0	3.0
2248.0	1.0
2252.0	2.0
2255.0	1.0
2256.0	1.0
2257.0	2.0
2258.0	1.0
2261.0	1.0
2262.0	1.0
2263.0	2.0
2264.0	2.0
2265.0	1.0
2266.0	1.0
2268.0	1.0
2270.0	1.0
2274.0	1.0
2275.0	2.0
2277.0	2.0
2278.0	1.0
2279.0	3.0
2280.0	2.0
2281.0	2.0
2283.0	1.0
2285.0	1.0
2286.0	1.0
2289.0	2.0
2290.0	1.0
2292.0	1.0
2294.0	1.0
2296.0	1.0
2300.0	1.0
2305.0	1.0
2310.0	1.0
2312.0	1.0
2318.0	2.0
2319.0	1.0
2321.0	1.0
2323.0	1.0
2325.0	1.0
2326.0	1.0
2331.0	1.0
2334.0	2.0
2338.0	1.0
2340.0	1.0
2343.0	1.0
2348.0	3.0
2350.0	1.0
2352.0	1.0
2354.0	2.0
2356.0	1.0
2360.0	3.0
2366.0	1.0
2367.0	1.0
2369.0	1.0
2375.0	1.0
2376.0	2.0
2377.0	1.0
2379.0	1.0
2380.0	1.0
2382.0	1.0
2384.0	1.0
2385.0	2.0
2389.0	2.0
2396.0	3.0
2398.0	1.0
2399.0	1.0
2400.0	1.0
2402.0	2.0
2405.0	1.0
2408.0	1.0
2410.0	1.0
2411.0	2.0
2414.0	2.0
2418.0	1.0
2421.0	1.0
2422.0	2.0
2425.0	1.0
2427.0	1.0
2428.0	1.0
2431.0	3.0
2435.0	1.0
2436.0	2.0
2442.0	1.0
2446.0	2.0
2448.0	1.0
2450.0	1.0
2451.0	1.0
2453.0	3.0
2454.0	1.0
2455.0	2.0
2457.0	1.0
2459.0	2.0
2461.0	1.0
2462.0	1.0
2466.0	1.0
2469.0	1.0
2470.0	1.0
2471.0	1.0
2473.0	2.0
2475.0	2.0
2478.0	3.0
2480.0	2.0
2481.0	1.0
2482.0	2.0
2483.0	1.0
2486.0	2.0
2488.0	2.0
2491.0	2.0
2492.0	1.0
2498.0	2.0
2499.0	1.0
2505.0	1.0
2507.0	2.0
2513.0	1.0
2516.0	1.0
2518.0	1.0
2523.0	1.0
2524.0	1.0
2525.0	1.0
2527.0	1.0
2528.0	1.0
2529.0	1.0
2530.0	1.0
2531.0	2.0
2533.0	1.0
2534.0	1.0
2536.0	1.0
2540.0	1.0
2542.0	1.0
2543.0	1.0
2547.0	1.0
2549.0	3.0
2551.0	1.0
2553.0	1.0
2555.0	1.0
2556.0	1.0
2563.0	2.0
2564.0	1.0
2566.0	1.0
2572.0	1.0
2574.0	2.0
2575.0	1.0
2577.0	1.0
2579.0	1.0
2580.0	1.0
2582.0	2.0
2583.0	1.0
2587.0	1.0
2593.0	1.0
2595.0	1.0
2596.0	1.0
2600.0	1.0
2601.0	1.0
2605.0	1.0
2607.0	1.0
2608.0	1.0
2612.0	1.0
2613.0	1.0
2616.0	1.0
2618.0	2.0
2620.0	1.0
2622.0	1.0
2624.0	1.0
2625.0	1.0
2627.0	1.0
2632.0	1.0
2635.0	1.0
2637.0	1.0
2641.0	1.0
2643.0	1.0
2646.0	2.0
2652.0	1.0
2653.0	3.0
2654.0	1.0
2655.0	1.0
2659.0	1.0
2661.0	1.0
2662.0	2.0
2663.0	1.0
2665.0	2.0
2666.0	1.0
2667.0	1.0
2669.0	2.0
2670.0	1.0
2673.0	1.0
2676.0	1.0
2677.0	1.0
2680.0	1.0
2685.0	3.0
2686.0	1.0
2687.0	1.0
2691.0	2.0
2692.0	1.0
2702.0	1.0
2706.0	2.0
2707.0	1.0
2709.0	2.0
2713.0	1.0
2714.0	1.0
2715.0	1.0
2721.0	1.0
2722.0	1.0
2723.0	2.0
2725.0	2.0
2726.0	1.0
2727.0	1.0
2728.0	2.0
2729.0	1.0
2732.0	1.0
2734.0	4.0
2736.0	1.0
2737.0	1.0
2738.0	1.0
2740.0	1.0
2744.0	1.0
2745.0	2.0
2746.0	1.0
2751.0	1.0
2753.0	1.0
2754.0	2.0
2757.0	1.0
2758.0	1.0
2759.0	1.0
2760.0	1.0
2763.0	1.0
2765.0	1.0
2766.0	3.0
2768.0	2.0
2770.0	1.0
2772.0	1.0
2777.0	1.0
2778.0	1.0
2779.0	1.0
2781.0	1.0
2782.0	1.0
2784.0	2.0
2786.0	1.0
2787.0	1.0
2788.0	1.0
2791.0	1.0
2794.0	1.0
2795.0	2.0
2796.0	1.0
2798.0	1.0
2800.0	2.0
2802.0	1.0
2806.0	1.0
2808.0	1.0
2810.0	2.0
2813.0	1.0
2815.0	1.0
2816.0	1.0
2817.0	2.0
2819.0	1.0
2822.0	1.0
2823.0	1.0
2826.0	2.0
2827.0	1.0
2829.0	1.0
2830.0	1.0
2832.0	1.0
2834.0	1.0
2836.0	1.0
2839.0	1.0
2843.0	1.0
2844.0	1.0
2848.0	1.0
2850.0	1.0
2851.0	1.0
2852.0	1.0
2855.0	1.0
2857.0	1.0
2858.0	1.0
2861.0	1.0
2863.0	2.0
2864.0	1.0
2866.0	3.0
2868.0	1.0
2869.0	1.0
2871.0	1.0
2873.0	1.0
2876.0	1.0
2877.0	1.0
2879.0	1.0
2880.0	1.0
2881.0	2.0
2883.0	1.0
2884.0	1.0
2886.0	3.0
2889.0	1.0
2890.0	1.0
2892.0	3.0
2893.0	1.0
2894.0	2.0
2895.0	1.0
2898.0	2.0
2899.0	1.0
2900.0	2.0
2903.0	2.0
2905.0	3.0
2906.0	1.0
2909.0	1.0
2910.0	1.0
2912.0	1.0
2914.0	1.0
2915.0	1.0
2919.0	1.0
2920.0	1.0
2921.0	3.0
2923.0	1.0
2927.0	3.0
2931.0	1.0
2932.0	2.0
2938.0	2.0
2940.0	2.0
2942.0	1.0
2944.0	1.0
2946.0	1.0
2947.0	1.0
2948.0	1.0
2952.0	1.0
2953.0	1.0
2955.0	1.0
2956.0	1.0
2957.0	1.0
2959.0	1.0
2960.0	1.0
2961.0	1.0
2962.0	1.0
2964.0	1.0
2965.0	1.0
2966.0	2.0
2967.0	3.0
2968.0	1.0
2969.0	1.0
2971.0	1.0
2976.0	1.0
2977.0	2.0
2978.0	1.0
2983.0	1.0
2988.0	2.0
2989.0	1.0
2990.0	1.0
2994.0	1.0
3001.0	2.0
3002.0	2.0
3004.0	1.0
3005.0	1.0
3006.0	3.0
3007.0	2.0
3009.0	1.0
3013.0	1.0
3016.0	1.0
3017.0	1.0
3018.0	1.0
3019.0	1.0
3020.0	2.0
3022.0	2.0
3024.0	1.0
3030.0	1.0
3034.0	1.0
3037.0	2.0
3038.0	1.0
3040.0	3.0
3042.0	1.0
3044.0	1.0
3046.0	1.0
3047.0	1.0
3048.0	1.0
3051.0	1.0
3052.0	1.0
3056.0	1.0
3061.0	1.0
3063.0	1.0
3065.0	1.0
3066.0	1.0
3071.0	2.0
3072.0	1.0
3075.0	1.0
3080.0	2.0
3081.0	2.0
3082.0	1.0
3083.0	1.0
3085.0	1.0
3088.0	1.0
3091.0	1.0
3094.0	2.0
3099.0	1.0
3101.0	1.0
3105.0	1.0
3107.0	1.0
3108.0	1.0
3118.0	1.0
3119.0	1.0
3124.0	1.0
3128.0	1.0
3129.0	1.0
3130.0	1.0
3133.0	1.0
3137.0	1.0
3138.0	1.0
3145.0	1.0
3147.0	1.0
3148.0	2.0
3149.0	1.0
3154.0	2.0
3157.0	1.0
3159.0	2.0
3162.0	1.0
3163.0	1.0
3165.0	1.0
3166.0	1.0
3167.0	1.0
3170.0	2.0
3173.0	1.0
3174.0	1.0
3177.0	1.0
3186.0	1.0
3187.0	1.0
3193.0	2.0
3195.0	1.0
3199.0	2.0
3201.0	1.0
3204.0	1.0
3207.0	1.0
3209.0	1.0
3210.0	1.0
3213.0	1.0
3215.0	1.0
3218.0	1.0
3223.0	1.0
3225.0	1.0
3226.0	1.0
3229.0	1.0
3230.0	3.0
3231.0	1.0
3235.0	1.0
3236.0	1.0
3238.0	2.0
3239.0	1.0
3243.0	1.0
3249.0	2.0
3252.0	1.0
3255.0	1.0
3257.0	2.0
3261.0	1.0
3262.0	1.0
3266.0	1.0
3272.0	1.0
3277.0	1.0
3282.0	1.0
3285.0	1.0
3286.0	1.0
3289.0	1.0
3292.0	1.0
3295.0	1.0
3296.0	1.0
3299.0	2.0
3303.0	1.0
3307.0	1.0
3310.0	1.0
3312.0	2.0
3314.0	1.0
3316.0	1.0
3318.0	2.0
3322.0	1.0
3323.0	2.0
3329.0	2.0
3331.0	1.0
3332.0	1.0
3334.0	1.0
3336.0	1.0
3338.0	1.0
3343.0	1.0
3348.0	2.0
3349.0	1.0
3354.0	1.0
3356.0	1.0
3358.0	3.0
3360.0	1.0
3362.0	1.0
3363.0	1.0
3366.0	2.0
3368.0	1.0
3369.0	1.0
3374.0	1.0
3375.0	1.0
3377.0	1.0
3378.0	1.0
3383.0	2.0
3384.0	2.0
3390.0	1.0
3391.0	1.0
3393.0	1.0
3394.0	1.0
3395.0	1.0
3396.0	1.0
3399.0	1.0
3403.0	2.0
3406.0	2.0
3407.0	1.0
3409.0	1.0
3417.0	1.0
3418.0	1.0
3420.0	1.0
3422.0	2.0
3427.0	2.0
3428.0	1.0
3430.0	1.0
3431.0	1.0
3436.0	1.0
3437.0	1.0
3442.0	1.0
3445.0	1.0
3453.0	1.0
3461.0	1.0
3465.0	1.0
3468.0	1.0
3475.0	2.0
3476.0	1.0
3477.0	1.0
3482.0	1.0
3483.0	1.0
3484.0	1.0
3490.0	1.0
3491.0	1.0
3492.0	2.0
3494.0	1.0
3499.0	2.0
3502.0	1.0
3503.0	1.0
3504.0	2.0
3509.0	1.0
3513.0	1.0
3515.0	1.0
3518.0	1.0
3519.0	1.0
3520.0	1.0
3523.0	1.0
3524.0	1.0
3526.0	2.0
3531.0	1.0
3535.0	1.0
3537.0	2.0
3538.0	6.0
3539.0	5.0
3540.0	1.0
3544.0	1.0
3545.0	1.0
3547.0	2.0
3559.0	1.0
3562.0	2.0
3563.0	1.0
3565.0	2.0
3566.0	1.0
3567.0	4.0
3573.0	1.0
3577.0	1.0
3579.0	1.0
3581.0	1.0
3599.0	1.0
3606.0	1.0
3611.0	1.0
3621.0	2.0
3623.0	1.0
3630.0	1.0
3636.0	1.0
3639.0	1.0
3646.0	1.0
3647.0	1.0
3649.0	1.0
3657.0	1.0
3660.0	1.0
3661.0	1.0
3671.0	1.0
3673.0	1.0
3680.0	1.0
3683.0	2.0
3701.0	1.0
3711.0	1.0
3715.0	1.0
3717.0	2.0
3724.0	2.0
3726.0	1.0
3728.0	1.0
3734.0	1.0
3739.0	1.0
3740.0	1.0
3741.0	1.0
3745.0	2.0
3765.0	1.0
3772.0	2.0
3773.0	1.0
3774.0	1.0
3780.0	1.0
3789.0	1.0
3793.0	2.0
3794.0	1.0
3808.0	1.0
3814.0	2.0
3815.0	1.0
3817.0	1.0
3839.0	1.0
3840.0	1.0
3843.0	1.0
3846.0	1.0
3848.0	1.0
3849.0	1.0
3863.0	2.0
3865.0	1.0
3867.0	1.0
3870.0	1.0
3874.0	1.0
3879.0	2.0
3880.0	2.0
3881.0	2.0
3886.0	1.0
3887.0	1.0
3891.0	2.0
3892.0	1.0
3894.0	1.0
3896.0	1.0
3908.0	1.0
3912.0	1.0
3917.0	1.0
3928.0	1.0
3929.0	1.0
3931.0	1.0
3934.0	1.0
3938.0	1.0
3939.0	1.0
3943.0	1.0
3944.0	1.0
3945.0	1.0
3946.0	1.0
3947.0	1.0
3949.0	1.0
3951.0	1.0
3954.0	1.0
3959.0	1.0
3960.0	1.0
3961.0	1.0
3964.0	1.0
3966.0	1.0
3968.0	1.0
3975.0	1.0
3976.0	1.0
3980.0	1.0
3982.0	2.0
3987.0	1.0
3990.0	1.0
3994.0	1.0
3996.0	2.0
3997.0	1.0
4002.0	1.0
4005.0	2.0
4006.0	1.0
4020.0	1.0
4022.0	1.0
4023.0	1.0
4029.0	1.0
4036.0	1.0
4038.0	1.0
4040.0	1.0
4050.0	1.0
4068.0	1.0
4071.0	1.0
4072.0	1.0
4076.0	1.0
4078.0	1.0
4079.0	1.0
4096.0	1.0
4097.0	1.0
4101.0	1.0
4104.0	1.0
4105.0	1.0
4114.0	1.0
4115.0	2.0
4116.0	2.0
4118.0	1.0
4119.0	2.0
4126.0	1.0
4128.0	1.0
4130.0	1.0
4134.0	1.0
4141.0	1.0
4147.0	1.0
4148.0	1.0
4149.0	1.0
4150.0	3.0
4151.0	2.0
4154.0	1.0
4159.0	1.0
4161.0	1.0
4162.0	1.0
4163.0	1.0
4165.0	1.0
4167.0	1.0
4168.0	1.0
4170.0	1.0
4171.0	1.0
4177.0	1.0
4179.0	1.0
4181.0	1.0
4189.0	2.0
4190.0	1.0
4191.0	1.0
4193.0	1.0
4197.0	1.0
4198.0	2.0
4203.0	1.0
4204.0	2.0
4205.0	2.0
4209.0	1.0
4212.0	2.0
4214.0	1.0
4215.0	2.0
4219.0	1.0
4220.0	1.0
4221.0	2.0
4226.0	1.0
4227.0	1.0
4228.0	1.0
4229.0	1.0
4230.0	1.0
4231.0	1.0
4238.0	1.0
4241.0	1.0
4243.0	1.0
4251.0	1.0
4256.0	1.0
4257.0	1.0
4258.0	1.0
4263.0	1.0
4269.0	2.0
4273.0	2.0
4275.0	2.0
4277.0	1.0
4278.0	1.0
4282.0	2.0
4283.0	1.0
4284.0	1.0
4285.0	1.0
4286.0	1.0
4290.0	1.0
4292.0	1.0
4294.0	1.0
4295.0	1.0
4307.0	1.0
4309.0	1.0
4311.0	1.0
4315.0	1.0
4322.0	1.0
4324.0	2.0
4329.0	1.0
4330.0	1.0
4335.0	1.0
4340.0	2.0
4342.0	1.0
4343.0	1.0
4345.0	1.0
4350.0	1.0
4357.0	1.0
4362.0	1.0
4363.0	1.0
4364.0	1.0
4368.0	1.0
4377.0	1.0
4378.0	2.0
4380.0	1.0
4381.0	2.0
4382.0	1.0
4386.0	1.0
4391.0	1.0
4399.0	1.0
4400.0	1.0
4402.0	1.0
4412.0	1.0
4417.0	1.0
4421.0	2.0
4426.0	1.0
4429.0	1.0
4430.0	1.0
4442.0	1.0
4443.0	1.0
4445.0	1.0
4461.0	1.0
4463.0	1.0
4466.0	2.0
4468.0	1.0
4474.0	1.0
4476.0	1.0
4478.0	2.0
4482.0	1.0
4487.0	2.0
4506.0	2.0
4509.0	1.0
4510.0	1.0
4514.0	1.0
4520.0	1.0
4524.0	1.0
4525.0	1.0
4526.0	2.0
4528.0	1.0
4533.0	2.0
4534.0	1.0
4537.0	1.0
4542.0	1.0
4543.0	1.0
4549.0	2.0
4562.0	1.0
4563.0	1.0
4564.0	1.0
4576.0	1.0
4585.0	1.0
4592.0	2.0
4596.0	1.0
4611.0	1.0
4618.0	1.0
4619.0	2.0
4623.0	1.0
4628.0	1.0
4630.0	1.0
4632.0	1.0
4633.0	1.0
4646.0	1.0
4648.0	1.0
4650.0	1.0
4655.0	1.0
4665.0	1.0
4668.0	1.0
4672.0	1.0
4673.0	1.0
4678.0	1.0
4682.0	1.0
4685.0	1.0
4689.0	1.0
4690.0	1.0
4696.0	1.0
4703.0	1.0
4706.0	1.0
4709.0	1.0
4724.0	1.0
4726.0	1.0
4727.0	1.0
4733.0	2.0
4735.0	1.0
4743.0	1.0
4756.0	1.0
4763.0	1.0
4770.0	2.0
4781.0	1.0
4785.0	1.0
4787.0	1.0
4788.0	1.0
4791.0	1.0
4793.0	1.0
4802.0	1.0
4803.0	1.0
4804.0	1.0
4808.0	2.0
4813.0	1.0
4820.0	1.0
4823.0	2.0
4824.0	1.0
4828.0	1.0
4837.0	1.0
4852.0	1.0
4864.0	1.0
4866.0	1.0
4868.0	1.0
4884.0	1.0
4888.0	2.0
4896.0	1.0
4935.0	1.0
4942.0	1.0
4949.0	1.0
4950.0	1.0
4977.0	1.0
4996.0	2.0
4997.0	1.0
5031.0	1.0
5047.0	1.0
5055.0	1.0
5067.0	1.0
5083.0	1.0
5086.0	1.0
5089.0	1.0
5099.0	1.0
5103.0	1.0
5105.0	1.0
5115.0	1.0
5132.0	1.0
5137.0	1.0
5138.0	1.0
5141.0	1.0
5146.0	1.0
5177.0	1.0
5183.0	1.0
5195.0	1.0
5196.0	1.0
5218.0	1.0
5220.0	1.0
5223.0	1.0
5224.0	1.0
5264.0	1.0
5271.0	1.0
5274.0	1.0
5277.0	1.0
5290.0	1.0
5301.0	1.0
5305.0	1.0
5321.0	1.0
5329.0	1.0
5331.0	1.0
5335.0	1.0
5336.0	1.0
5337.0	1.0
5338.0	1.0
5340.0	1.0
5351.0	1.0
5355.0	1.0
5365.0	1.0
5368.0	1.0
5394.0	1.0
5406.0	1.0
5409.0	1.0
5416.0	1.0
5420.0	1.0
5430.0	1.0
5442.0	1.0
5478.0	1.0
5483.0	1.0
5494.0	2.0
5498.0	1.0
5515.0	1.0
5520.0	1.0
5543.0	1.0
5554.0	1.0
5562.0	1.0
5566.0	1.0
5580.0	1.0
5591.0	1.0
5603.0	1.0
5624.0	2.0
5650.0	1.0
5663.0	1.0
5666.0	1.0
5677.0	1.0
5683.0	1.0
5714.0	2.0
5718.0	1.0
5726.0	1.0
5741.0	1.0
5745.0	1.0
5759.0	2.0
5762.0	2.0
5771.0	1.0
5773.0	1.0
5782.0	1.0
5789.0	1.0
5790.0	1.0
5792.0	1.0
5794.0	1.0
5803.0	2.0
5805.0	1.0
5808.0	1.0
5818.0	1.0
5831.0	1.0
5835.0	1.0
5837.0	1.0
5850.0	1.0
5859.0	1.0
5860.0	1.0
5863.0	1.0
5885.0	2.0
5891.0	1.0
5894.0	1.0
5900.0	1.0
5901.0	1.0
5902.0	1.0
5908.0	1.0
5921.0	1.0
5932.0	1.0
5936.0	1.0
5944.0	1.0
5952.0	1.0
5961.0	1.0
5973.0	1.0
5977.0	2.0
5994.0	1.0
6005.0	1.0
6008.0	1.0
6011.0	1.0
6018.0	1.0
6021.0	1.0
6033.0	1.0
6034.0	1.0
6038.0	1.0
6069.0	1.0
6088.0	1.0
6089.0	1.0
6107.0	1.0
6111.0	1.0
6118.0	1.0
6138.0	1.0
6143.0	1.0
6153.0	1.0
6192.0	1.0
6200.0	1.0
6215.0	1.0
6221.0	1.0
6223.0	1.0
6245.0	1.0
6256.0	1.0
6265.0	1.0
6266.0	1.0
6290.0	1.0
6293.0	1.0
6302.0	1.0
6341.0	1.0
6352.0	1.0
6384.0	1.0
6387.0	1.0
6402.0	1.0
6414.0	1.0
6420.0	1.0
6421.0	1.0
6438.0	1.0
6460.0	1.0
6461.0	1.0
6481.0	1.0
6499.0	1.0
6510.0	1.0
6512.0	1.0
6526.0	1.0
6542.0	1.0
6553.0	1.0
6566.0	1.0
6576.0	1.0
6648.0	1.0
6657.0	1.0
6675.0	1.0
6677.0	1.0
6710.0	1.0
6714.0	1.0
6723.0	1.0
6749.0	1.0
6750.0	1.0
6782.0	1.0
6793.0	1.0
6795.0	2.0
6799.0	1.0
6803.0	1.0
6804.0	1.0
6811.0	1.0
6820.0	1.0
6822.0	1.0
6834.0	1.0
6836.0	1.0
6857.0	1.0
6867.0	1.0
6905.0	1.0
6955.0	1.0
6977.0	1.0
6997.0	1.0
7001.0	1.0
7027.0	1.0
7037.0	1.0
7042.0	3.0
7043.0	2.0
7057.0	1.0
7061.0	1.0
7062.0	1.0
7070.0	1.0
7073.0	2.0
7077.0	1.0
7078.0	1.0
7088.0	1.0
7089.0	1.0
7094.0	1.0
7110.0	1.0
7121.0	1.0
7147.0	1.0
7149.0	1.0
7151.0	1.0
7152.0	1.0
7153.0	1.0
7154.0	1.0
7155.0	1.0
7157.0	9.0
7158.0	10.0
7159.0	2.0
7160.0	1.0
7164.0	1.0
7173.0	1.0
7213.0	1.0
7230.0	1.0
7245.0	1.0
7251.0	1.0
7257.0	1.0
7263.0	1.0
7266.0	1.0
7270.0	1.0
7278.0	1.0
7308.0	1.0
7312.0	2.0
7313.0	1.0
7314.0	1.0
7320.0	1.0
7325.0	1.0
7330.0	1.0
7334.0	1.0
7335.0	1.0
7345.0	1.0
7350.0	1.0
7370.0	1.0
7399.0	1.0
7403.0	1.0
7412.0	1.0
7413.0	1.0
7422.0	1.0
7429.0	1.0
7446.0	1.0
7462.0	1.0
7474.0	1.0
7491.0	1.0
7551.0	1.0
7558.0	1.0
7566.0	1.0
7571.0	1.0
7579.0	1.0
7598.0	1.0
7607.0	1.0
7611.0	1.0
7620.0	1.0
7646.0	1.0
7658.0	1.0
7667.0	2.0
7674.0	1.0
7675.0	1.0
7684.0	1.0
7696.0	1.0
7713.0	1.0
7735.0	1.0
7736.0	2.0
7744.0	1.0
7745.0	1.0
7746.0	1.0
7758.0	1.0
7759.0	1.0
7762.0	1.0
7766.0	1.0
7771.0	1.0
7772.0	2.0
7789.0	1.0
7791.0	2.0
7795.0	1.0
7798.0	1.0
7799.0	1.0
7801.0	1.0
7806.0	1.0
7810.0	1.0
7820.0	1.0
7822.0	1.0
7839.0	1.0
7849.0	1.0
7850.0	1.0
7860.0	1.0
7866.0	1.0
7879.0	1.0
7880.0	1.0
7894.0	2.0
7895.0	1.0
7896.0	1.0
7915.0	1.0
7923.0	1.0
7925.0	1.0
7929.0	1.0
7930.0	1.0
7937.0	5.0
7938.0	1.0
7943.0	6.0
7944.0	6.0
7965.0	1.0
7981.0	1.0
7986.0	1.0
7993.0	1.0
8022.0	1.0
8046.0	1.0
8052.0	1.0
8064.0	1.0
8070.0	1.0
8079.0	1.0
8082.0	1.0
8104.0	1.0
8112.0	1.0
8131.0	1.0
8132.0	1.0
8137.0	1.0
8141.0	1.0
8144.0	1.0
8165.0	1.0
8188.0	1.0
8197.0	1.0
8204.0	1.0
8212.0	1.0
8249.0	1.0
8252.0	1.0
8268.0	1.0
8277.0	1.0
8278.0	1.0
8300.0	1.0
8307.0	1.0
8308.0	2.0
8312.0	1.0
8315.0	1.0
8341.0	1.0
8351.0	1.0
8360.0	1.0
8361.0	1.0
8365.0	1.0
8368.0	2.0
8372.0	1.0
8373.0	1.0
8380.0	1.0
8383.0	1.0
8388.0	1.0
8424.0	1.0
8426.0	1.0
8427.0	1.0
8435.0	1.0
8437.0	1.0
8443.0	1.0
8452.0	1.0
8459.0	1.0
8466.0	1.0
8482.0	1.0
8484.0	1.0
8494.0	1.0
8502.0	1.0
8505.0	1.0
8511.0	1.0
8529.0	1.0
8537.0	1.0
8552.0	1.0
8557.0	1.0
8564.0	1.0
8574.0	1.0
8587.0	1.0
8589.0	1.0
8590.0	1.0
8603.0	1.0
8613.0	1.0
8647.0	1.0
8654.0	1.0
8655.0	2.0
8660.0	1.0
8683.0	1.0
8692.0	1.0
8695.0	1.0
8712.0	1.0
8721.0	1.0
8743.0	1.0
8750.0	1.0
8751.0	1.0
8757.0	1.0
8776.0	1.0
8777.0	1.0
8779.0	1.0
8780.0	1.0
8799.0	1.0
8800.0	1.0
8808.0	1.0
8815.0	1.0
8825.0	1.0
8836.0	1.0
8843.0	1.0
8847.0	1.0
8848.0	1.0
8853.0	1.0
8885.0	1.0
8889.0	1.0
8904.0	1.0
8936.0	1.0
8944.0	1.0
8948.0	1.0
8974.0	1.0
8975.0	1.0
8986.0	1.0
9015.0	1.0
9025.0	1.0
9036.0	1.0
9049.0	1.0
9051.0	1.0
9055.0	1.0
9063.0	1.0
9083.0	1.0
9096.0	1.0
9102.0	1.0
9113.0	1.0
9115.0	1.0
9126.0	1.0
9132.0	1.0
9136.0	1.0
9142.0	1.0
9152.0	1.0
9198.0	1.0
9199.0	1.0
9211.0	1.0
9212.0	2.0
9213.0	2.0
9215.0	1.0
9216.0	1.0
9218.0	2.0
9219.0	4.0
9221.0	3.0
9223.0	1.0
9226.0	5.0
9227.0	3.0
9228.0	1.0
9231.0	1.0
9233.0	1.0
9234.0	1.0
9236.0	1.0
9245.0	1.0
9255.0	1.0
9270.0	1.0
9293.0	2.0
9297.0	1.0
9326.0	1.0
9330.0	1.0
9350.0	1.0
9352.0	1.0
9354.0	1.0
9361.0	2.0
9374.0	1.0
9394.0	1.0
9421.0	1.0
9457.0	1.0
9460.0	1.0
9496.0	1.0
9499.0	1.0
9504.0	1.0
9510.0	1.0
9511.0	1.0
9522.0	1.0
9564.0	1.0
9578.0	1.0
9608.0	2.0
9619.0	1.0
9634.0	1.0
9697.0	1.0
9715.0	1.0
9726.0	1.0
9728.0	1.0
9733.0	2.0
9748.0	1.0
9757.0	1.0
9843.0	1.0
9845.0	1.0
9850.0	1.0
9860.0	1.0
9872.0	1.0
9874.0	2.0
9887.0	1.0
9894.0	1.0
9905.0	1.0
9906.0	1.0
9933.0	1.0
9937.0	1.0
9938.0	1.0
9986.0	1.0
9993.0	1.0
10007.0	1.0
10036.0	1.0
10049.0	1.0
10050.0	1.0
10106.0	1.0
10128.0	1.0
10159.0	1.0
10166.0	1.0
10167.0	1.0
10205.0	1.0
10209.0	1.0
10210.0	1.0
10214.0	1.0
10215.0	1.0
10234.0	1.0
10246.0	1.0
10249.0	1.0
10268.0	1.0
10285.0	1.0
10290.0	1.0
10299.0	1.0
10302.0	1.0
10310.0	1.0
10380.0	1.0
10399.0	2.0
10428.0	1.0
10441.0	1.0
10462.0	1.0
10484.0	1.0
10491.0	1.0
10497.0	1.0
10504.0	1.0
10510.0	1.0
10511.0	1.0
10559.0	1.0
10587.0	1.0
10735.0	1.0
10744.0	1.0
10770.0	1.0
11125.0	1.0
11172.0	1.0
11526.0	1.0
11725.0	1.0
12052.0	1.0
12150.0	1.0
12172.0	1.0
12226.0	1.0
12266.0	1.0
12336.0	1.0
12427.0	1.0
12459.0	1.0
12481.0	1.0
12500.0	1.0
12507.0	1.0
12557.0	1.0
12561.0	1.0
12613.0	1.0
12628.0	1.0
12649.0	1.0
12650.0	1.0
12654.0	1.0
12686.0	1.0
12703.0	1.0
12705.0	1.0
12707.0	1.0
12739.0	1.0
12769.0	1.0
12789.0	1.0
12900.0	1.0
12929.0	1.0
12932.0	1.0
12961.0	1.0
12974.0	1.0
12987.0	1.0
13002.0	1.0
13029.0	1.0
13061.0	1.0
13123.0	1.0
13170.0	1.0
13230.0	1.0
13332.0	1.0
13391.0	1.0
13442.0	1.0
13481.0	1.0
13535.0	1.0
13563.0	1.0
13659.0	1.0
13686.0	1.0
13748.0	1.0
13842.0	1.0
14027.0	1.0
14152.0	1.0
14199.0	1.0
14201.0	2.0
14218.0	1.0
14227.0	1.0
14245.0	1.0
14262.0	1.0
14363.0	1.0
14436.0	1.0
14457.0	1.0
14464.0	1.0
14677.0	1.0
14685.0	1.0
14797.0	1.0
14885.0	1.0
14916.0	1.0
14938.0	1.0
15012.0	1.0
15290.0	1.0
15310.0	1.0
15408.0	1.0
15706.0	1.0
15869.0	1.0
15990.0	1.0
16233.0	1.0
16245.0	1.0
16261.0	1.0
16269.0	1.0
16283.0	1.0
16315.0	1.0
16359.0	1.0
16394.0	1.0
16405.0	1.0
16430.0	1.0
16444.0	1.0
16487.0	1.0
16505.0	1.0
16512.0	1.0
16551.0	1.0
16577.0	1.0
16584.0	1.0
16627.0	1.0
16659.0	1.0
16662.0	1.0
16695.0	1.0
16724.0	1.0
16727.0	1.0
16746.0	1.0
16777.0	1.0
16780.0	1.0
16786.0	1.0
16799.0	1.0
16805.0	1.0
16855.0	1.0
17068.0	1.0
17245.0	1.0
17358.0	1.0
17435.0	1.0
17632.0	1.0
17705.0	1.0
17735.0	1.0
17754.0	1.0
18185.0	1.0
18331.0	1.0
18357.0	1.0
18387.0	1.0
18512.0	1.0
18565.0	1.0
18596.0	1.0
18686.0	1.0
18880.0	1.0
18908.0	1.0
19085.0	1.0
19345.0	1.0
19360.0	1.0
19366.0	1.0
19588.0	1.0
19658.0	1.0
19668.0	1.0
19700.0	1.0
19708.0	1.0
19728.0	1.0
19730.0	1.0
19742.0	1.0
19817.0	1.0
19824.0	1.0
19891.0	1.0
19926.0	1.0
19952.0	1.0
19969.0	1.0
20110.0	1.0
20123.0	1.0
20221.0	1.0
20249.0	1.0
20251.0	1.0
20462.0	1.0
20469.0	1.0
20569.0	1.0
20659.0	1.0
20661.0	1.0
20760.0	1.0
20819.0	1.0
20897.0	1.0
20917.0	1.0
20951.0	1.0
21016.0	1.0
21127.0	1.0
21165.0	1.0
21212.0	1.0
21459.0	1.0
21671.0	1.0
21673.0	1.0
22169.0	1.0
22729.0	1.0
23630.0	1.0
24033.0	1.0
24502.0	1.0
24949.0	1.0
25525.0	1.0
25658.0	1.0
25759.0	1.0
25778.0	1.0
25894.0	1.0
25941.0	1.0
26108.0	1.0
26269.0	1.0
26299.0	1.0
26342.0	1.0
26424.0	1.0
26601.0	1.0
26620.0	1.0
26740.0	1.0
26866.0	1.0
26881.0	1.0
27013.0	1.0
27086.0	1.0
27111.0	1.0
27225.0	1.0
27471.0	1.0
27546.0	1.0
27905.0	1.0
28254.0	1.0
28341.0	1.0
28447.0	1.0
29699.0	1.0
30811.0	1.0
31015.0	1.0
31505.0	1.0
32464.0	1.0
32517.0	1.0
32946.0	1.0
36302.0	1.0
36438.0	1.0
36663.0	1.0
37031.0	1.0
37176.0	1.0
37307.0	1.0
40352.0	1.0
41125.0	1.0
42651.0	1.0
42970.0	1.0
43469.0	1.0
44709.0	1.0
44902.0	1.0
44973.0	1.0
45150.0	1.0
45324.0	1.0
45411.0	1.0
45454.0	1.0
45489.0	1.0
45532.0	1.0
45547.0	1.0
45608.0	1.0
45659.0	1.0
45664.0	1.0
45666.0	1.0
45668.0	1.0
45671.0	1.0
