#Insert size (bp)	insert size
30.0	1.0
34.0	1.0
36.0	1.0
39.0	7.0
40.0	21.0
41.0	124.0
42.0	135.0
43.0	126.0
44.0	145.0
45.0	127.0
46.0	119.0
47.0	119.0
48.0	120.0
49.0	116.0
50.0	132.0
51.0	107.0
52.0	116.0
53.0	118.0
54.0	110.0
55.0	107.0
56.0	130.0
57.0	110.0
58.0	112.0
59.0	112.0
60.0	116.0
61.0	126.0
62.0	103.0
63.0	113.0
64.0	106.0
65.0	115.0
66.0	117.0
67.0	113.0
68.0	100.0
69.0	115.0
70.0	121.0
71.0	110.0
72.0	119.0
73.0	109.0
74.0	120.0
75.0	117.0
76.0	141.0
77.0	170.0
78.0	140.0
79.0	165.0
80.0	152.0
81.0	153.0
82.0	191.0
83.0	204.0
84.0	194.0
85.0	222.0
86.0	244.0
87.0	285.0
88.0	293.0
89.0	366.0
90.0	371.0
91.0	437.0
92.0	506.0
93.0	508.0
94.0	645.0
95.0	688.0
96.0	823.0
97.0	873.0
98.0	944.0
99.0	1031.0
100.0	1162.0
101.0	1322.0
102.0	1438.0
103.0	1588.0
104.0	1795.0
105.0	1940.0
106.0	2132.0
107.0	2321.0
108.0	2627.0
109.0	2794.0
110.0	2953.0
111.0	3372.0
112.0	3504.0
113.0	3796.0
114.0	4184.0
115.0	4613.0
116.0	4989.0
117.0	5241.0
118.0	5678.0
119.0	5798.0
120.0	6302.0
121.0	6620.0
122.0	7141.0
123.0	7358.0
124.0	7909.0
125.0	8446.0
126.0	9027.0
127.0	9170.0
128.0	9870.0
129.0	10425.0
130.0	10894.0
131.0	11282.0
132.0	11850.0
133.0	12350.0
134.0	12641.0
135.0	13358.0
136.0	13942.0
137.0	14353.0
138.0	14876.0
139.0	15419.0
140.0	16080.0
141.0	16564.0
142.0	17054.0
143.0	17305.0
144.0	17892.0
145.0	18446.0
146.0	18809.0
147.0	19388.0
148.0	20222.0
149.0	20658.0
150.0	20993.0
151.0	21725.0
152.0	21987.0
153.0	22648.0
154.0	22763.0
155.0	23364.0
156.0	23537.0
157.0	24149.0
158.0	24753.0
159.0	25000.0
160.0	25519.0
161.0	26085.0
162.0	26245.0
163.0	26491.0
164.0	26817.0
165.0	27022.0
166.0	27269.0
167.0	27826.0
168.0	28012.0
169.0	28249.0
170.0	28528.0
171.0	29172.0
172.0	29088.0
173.0	29164.0
174.0	29630.0
175.0	29839.0
176.0	29728.0
177.0	29735.0
178.0	30135.0
179.0	30268.0
180.0	30173.0
181.0	30594.0
182.0	30608.0
183.0	30779.0
184.0	30754.0
185.0	31091.0
186.0	30838.0
187.0	30991.0
188.0	30382.0
189.0	30783.0
190.0	31090.0
191.0	30641.0
192.0	30990.0
193.0	30555.0
194.0	30736.0
195.0	30972.0
196.0	30189.0
197.0	30319.0
198.0	30200.0
199.0	30210.0
200.0	30142.0
201.0	30135.0
202.0	30351.0
203.0	29954.0
204.0	29840.0
205.0	29358.0
206.0	29760.0
207.0	29425.0
208.0	29341.0
209.0	28974.0
210.0	28889.0
211.0	28511.0
212.0	28924.0
213.0	28535.0
214.0	28086.0
215.0	28312.0
216.0	28382.0
217.0	27889.0
218.0	27950.0
219.0	27360.0
220.0	27152.0
221.0	26975.0
222.0	26619.0
223.0	26727.0
224.0	26445.0
225.0	26109.0
226.0	26033.0
227.0	25744.0
228.0	25365.0
229.0	25174.0
230.0	25149.0
231.0	24987.0
232.0	24895.0
233.0	24576.0
234.0	24186.0
235.0	23822.0
236.0	23922.0
237.0	23444.0
238.0	23504.0
239.0	23307.0
240.0	23031.0
241.0	22507.0
242.0	22374.0
243.0	22335.0
244.0	21862.0
245.0	21722.0
246.0	21468.0
247.0	21260.0
248.0	21306.0
249.0	21016.0
250.0	20605.0
251.0	20396.0
252.0	20251.0
253.0	20071.0
254.0	19833.0
255.0	19503.0
256.0	19266.0
257.0	19331.0
258.0	18873.0
259.0	18867.0
260.0	18478.0
261.0	18076.0
262.0	18227.0
263.0	18142.0
264.0	17877.0
265.0	17388.0
266.0	17197.0
267.0	16971.0
268.0	16834.0
269.0	16570.0
270.0	16485.0
271.0	16359.0
272.0	16165.0
273.0	15787.0
274.0	15717.0
275.0	15879.0
276.0	15028.0
277.0	15000.0
278.0	14913.0
279.0	14696.0
280.0	14724.0
281.0	14604.0
282.0	14474.0
283.0	14120.0
284.0	13991.0
285.0	13827.0
286.0	13553.0
287.0	13509.0
288.0	13235.0
289.0	13256.0
290.0	12988.0
291.0	13031.0
292.0	12912.0
293.0	12589.0
294.0	12317.0
295.0	12120.0
296.0	11908.0
297.0	12095.0
298.0	11808.0
299.0	11661.0
300.0	11344.0
301.0	11231.0
302.0	11160.0
303.0	11016.0
304.0	10741.0
305.0	10822.0
306.0	10524.0
307.0	10590.0
308.0	10313.0
309.0	10401.0
310.0	10115.0
311.0	9955.0
312.0	9713.0
313.0	9674.0
314.0	9577.0
315.0	9407.0
316.0	9296.0
317.0	9262.0
318.0	9056.0
319.0	8980.0
320.0	8841.0
321.0	8741.0
322.0	8576.0
323.0	8627.0
324.0	8572.0
325.0	8230.0
326.0	8171.0
327.0	8258.0
328.0	8055.0
329.0	7906.0
330.0	7866.0
331.0	7681.0
332.0	7612.0
333.0	7411.0
334.0	7312.0
335.0	7349.0
336.0	7244.0
337.0	7115.0
338.0	7149.0
339.0	6767.0
340.0	6868.0
341.0	6742.0
342.0	6605.0
343.0	6601.0
344.0	6471.0
345.0	6351.0
346.0	6246.0
347.0	6211.0
348.0	6133.0
349.0	5972.0
350.0	6075.0
351.0	5856.0
352.0	5714.0
353.0	5719.0
354.0	5627.0
355.0	5525.0
356.0	5424.0
357.0	5627.0
358.0	5304.0
359.0	5277.0
360.0	5188.0
361.0	5247.0
362.0	4976.0
363.0	4944.0
364.0	5027.0
365.0	4883.0
366.0	4837.0
367.0	4605.0
368.0	4607.0
369.0	4666.0
370.0	4501.0
371.0	4510.0
372.0	4437.0
373.0	4437.0
374.0	4212.0
375.0	4170.0
376.0	4166.0
377.0	4062.0
378.0	4037.0
379.0	3959.0
380.0	3990.0
381.0	3936.0
382.0	3817.0
383.0	3791.0
384.0	3811.0
385.0	3607.0
386.0	3638.0
387.0	3707.0
388.0	3543.0
389.0	3440.0
390.0	3336.0
391.0	3441.0
392.0	3329.0
393.0	3337.0
394.0	3224.0
395.0	3208.0
396.0	3131.0
397.0	3128.0
398.0	3031.0
399.0	3034.0
400.0	3097.0
401.0	3052.0
402.0	2901.0
403.0	2929.0
404.0	2771.0
405.0	2832.0
406.0	2671.0
407.0	2763.0
408.0	2689.0
409.0	2652.0
410.0	2587.0
411.0	2538.0
412.0	2569.0
413.0	2451.0
414.0	2555.0
415.0	2490.0
416.0	2429.0
417.0	2447.0
418.0	2377.0
419.0	2296.0
420.0	2241.0
421.0	2218.0
422.0	2213.0
423.0	2176.0
424.0	2102.0
425.0	2028.0
426.0	2134.0
427.0	2074.0
428.0	2066.0
429.0	2011.0
430.0	2020.0
431.0	1979.0
432.0	1925.0
433.0	1992.0
434.0	1911.0
435.0	1803.0
436.0	1836.0
437.0	1765.0
438.0	1785.0
439.0	1742.0
440.0	1778.0
441.0	1743.0
442.0	1723.0
443.0	1642.0
444.0	1633.0
445.0	1609.0
446.0	1622.0
447.0	1562.0
448.0	1526.0
449.0	1522.0
450.0	1536.0
451.0	1505.0
452.0	1505.0
453.0	1411.0
454.0	1458.0
455.0	1383.0
456.0	1301.0
457.0	1414.0
458.0	1365.0
459.0	1357.0
460.0	1290.0
461.0	1332.0
462.0	1273.0
463.0	1289.0
464.0	1252.0
465.0	1282.0
466.0	1236.0
467.0	1310.0
468.0	1207.0
469.0	1192.0
470.0	1202.0
471.0	1081.0
472.0	1181.0
473.0	1117.0
474.0	1129.0
475.0	1116.0
476.0	1016.0
477.0	1038.0
478.0	1113.0
479.0	1067.0
480.0	1051.0
481.0	992.0
482.0	980.0
483.0	991.0
484.0	906.0
485.0	908.0
486.0	965.0
487.0	886.0
488.0	950.0
489.0	885.0
490.0	850.0
491.0	906.0
492.0	897.0
493.0	869.0
494.0	891.0
495.0	824.0
496.0	872.0
497.0	821.0
498.0	849.0
499.0	803.0
500.0	797.0
501.0	786.0
502.0	768.0
503.0	772.0
504.0	725.0
505.0	744.0
506.0	798.0
507.0	706.0
508.0	750.0
509.0	732.0
510.0	736.0
511.0	726.0
512.0	690.0
513.0	701.0
514.0	670.0
515.0	685.0
516.0	653.0
517.0	647.0
518.0	631.0
519.0	648.0
520.0	606.0
521.0	644.0
522.0	588.0
523.0	595.0
524.0	533.0
525.0	581.0
526.0	651.0
527.0	618.0
528.0	537.0
529.0	557.0
530.0	524.0
531.0	541.0
532.0	513.0
533.0	505.0
534.0	565.0
535.0	539.0
536.0	514.0
537.0	556.0
538.0	472.0
539.0	493.0
540.0	491.0
541.0	527.0
542.0	451.0
543.0	499.0
544.0	500.0
545.0	465.0
546.0	466.0
547.0	457.0
548.0	469.0
549.0	478.0
550.0	450.0
551.0	455.0
552.0	452.0
553.0	453.0
554.0	454.0
555.0	380.0
556.0	431.0
557.0	387.0
558.0	423.0
