# Position (bp)	A	C	G	T	N
0.0	21.32622003325249	28.590633417448096	27.350133498916236	22.728966467469537	0.004046582913640863
1.0	22.61445890058941	23.970271104194453	23.53697250914045	29.87780699117707	4.904948986231348E-4
2.0	27.81591971702123	25.181755183879638	21.41136688206035	25.59016116282852	7.970542102625942E-4
3.0	30.615764230138364	23.08249066565216	22.578606789093172	23.723130651133513	7.663982790986482E-6
4.0	31.516059952578342	20.837909369724787	22.955046295820846	24.69076212637509	2.2225550093860796E-4
5.0	31.609483902800466	21.647287264315285	21.59984721083908	25.141473290330214	0.0019083317149556338
6.0	28.887781358220227	20.723853977829325	18.427257230699524	31.961107433250923	0.0
7.0	27.845088835523725	23.311176248152403	20.321862752476502	28.52186449986458	7.663982790986482E-6
8.0	26.943321628387885	23.486252271029702	20.360573529553776	29.20983724306306	1.5327965581972964E-5
9.0	33.68594807222476	20.28363480631506	20.09950761976161	25.930886509750195	2.2991948372959446E-5
10.0	30.532977888030132	22.89634785162468	22.41038236683102	24.16023058165184	6.131186232789186E-5
11.0	28.301731922159075	23.219752597438728	21.932893247004188	26.54546895374219	1.5327965581972964E-4
12.0	28.850036242974618	22.723302784187	21.11887097884235	27.30737613892532	4.1385507071327E-4
13.0	29.426927219600547	22.27301313928538	20.920787679626514	27.37822965982799	0.0010423016595741614
14.0	29.293987774108093	22.382692397007183	21.28713372101846	27.034408063858756	0.0017780440075088636
15.0	29.400072623900925	22.47090483893144	21.338773637064122	26.783849474473037	0.0063994256304737126
16.0	29.551543579781985	22.45089417986417	21.17589867479008	26.81143981252059	0.010223753043175967
17.0	29.670097729575755	22.40348478231913	21.177699710745962	26.732247878341326	0.01646989901782995
18.0	29.499229233250713	22.44844170537106	21.19857639986861	26.840785202627277	0.012967458882349127
19.0	29.599006625206563	22.452074433213983	21.281508357649873	26.65762367790549	0.009786906024089737
20.0	29.539572438662464	22.572797490137603	21.22746961499063	26.655431778827264	0.004728677382038659
21.0	29.79188608010732	22.515693154361962	21.165314714555727	26.52589514169401	0.0012109092809758641
22.0	29.729654539844507	22.40983056007007	20.99318166107017	26.867149303428267	1.8393558698367557E-4
23.0	29.798446449376403	22.37372553714173	21.13340189021406	26.694012268197092	4.1385507071327E-4
24.0	29.812775153981995	22.544628777371116	21.133649926073776	26.508846506375527	9.963619758532441E-5
25.0	30.11956456589265	22.46707670714492	21.024972939811796	26.38824782272982	1.379644208153973E-4
26.0	30.477537854274082	21.93825166338358	20.98872241915986	26.595403747113423	8.431606905608696E-5
27.0	30.47726875515504	21.977957116181237	21.711688646182434	25.83296283463698	1.2264784431082642E-4
28.0	29.421130365334854	23.298991469678544	22.308215722058435	24.971348134842156	3.1430808601247754E-4
29.0	26.966051448731633	23.943688211752956	22.25511964552971	26.835002691433118	1.3800255258721435E-4
30.0	27.760558986874628	22.04326437194797	19.34556717777082	30.85014171891347	4.677444931137275E-4
31.0	30.29563278619527	22.39298275052969	22.42454914544876	24.88644418902626	3.9112880001760845E-4
32.0	30.421630972450874	21.788329840849194	22.58702176631484	25.202403761849556	6.136585355376561E-4
33.0	35.33303242476544	20.667108463061147	21.003082957146464	22.99597809762145	7.980574054969581E-4
34.0	27.40282595141885	21.557176371053696	19.841380654633127	31.197787568412714	8.294544816116853E-4
35.0	27.118861487207386	23.80079242684395	19.102898139315162	29.976763082010844	6.848646226561375E-4
36.0	27.04862917164178	23.484635925674013	19.465941779150526	29.999909290856852	8.838326768291401E-4
37.0	31.42534297881399	21.753550925929606	20.088649031652313	26.732091664369683	3.653992344091693E-4
38.0	32.67892417662727	23.34008341737688	19.02961902617163	24.949338459311406	0.002034920512812737
39.0	25.8939407834679	27.32438471471315	23.983531693343	22.79582325890771	0.0023195495682377227
