#Insert size (bp)	insert size
30.0	1.0
34.0	1.0
35.0	1.0
36.0	1.0
38.0	6.0
39.0	15.0
40.0	73.0
41.0	290.0
42.0	297.0
43.0	273.0
44.0	306.0
45.0	276.0
46.0	290.0
47.0	279.0
48.0	282.0
49.0	264.0
50.0	297.0
51.0	260.0
52.0	267.0
53.0	297.0
54.0	264.0
55.0	254.0
56.0	280.0
57.0	263.0
58.0	275.0
59.0	270.0
60.0	263.0
61.0	274.0
62.0	261.0
63.0	277.0
64.0	246.0
65.0	255.0
66.0	273.0
67.0	270.0
68.0	239.0
69.0	254.0
70.0	263.0
71.0	268.0
72.0	266.0
73.0	270.0
74.0	272.0
75.0	291.0
76.0	312.0
77.0	338.0
78.0	341.0
79.0	369.0
80.0	311.0
81.0	361.0
82.0	408.0
83.0	424.0
84.0	435.0
85.0	484.0
86.0	515.0
87.0	577.0
88.0	641.0
89.0	728.0
90.0	779.0
91.0	895.0
92.0	1005.0
93.0	1069.0
94.0	1285.0
95.0	1405.0
96.0	1603.0
97.0	1699.0
98.0	1908.0
99.0	2024.0
100.0	2258.0
101.0	2655.0
102.0	2901.0
103.0	3148.0
104.0	3428.0
105.0	3813.0
106.0	4260.0
107.0	4610.0
108.0	5190.0
109.0	5544.0
110.0	5895.0
111.0	6588.0
112.0	6888.0
113.0	7579.0
114.0	8197.0
115.0	8940.0
116.0	9650.0
117.0	10181.0
118.0	11048.0
119.0	11504.0
120.0	12265.0
121.0	13159.0
122.0	13845.0
123.0	14519.0
124.0	15446.0
125.0	16298.0
126.0	17582.0
127.0	17974.0
128.0	19294.0
129.0	20109.0
130.0	21036.0
131.0	22066.0
132.0	23105.0
133.0	23993.0
134.0	24746.0
135.0	26124.0
136.0	26925.0
137.0	28125.0
138.0	29253.0
139.0	30267.0
140.0	31208.0
141.0	32364.0
142.0	33120.0
143.0	33919.0
144.0	35161.0
145.0	36219.0
146.0	36768.0
147.0	38081.0
148.0	39419.0
149.0	40442.0
150.0	40845.0
151.0	42505.0
152.0	43054.0
153.0	44188.0
154.0	44571.0
155.0	45609.0
156.0	45922.0
157.0	47160.0
158.0	48419.0
159.0	49028.0
160.0	49706.0
161.0	50742.0
162.0	51606.0
163.0	51754.0
164.0	52834.0
165.0	52992.0
166.0	53532.0
167.0	54103.0
168.0	54844.0
169.0	55125.0
170.0	56156.0
171.0	56424.0
172.0	56806.0
173.0	57300.0
174.0	57683.0
175.0	58324.0
176.0	58482.0
177.0	58076.0
178.0	58444.0
179.0	59192.0
180.0	59077.0
181.0	59811.0
182.0	59861.0
183.0	60071.0
184.0	60020.0
185.0	60546.0
186.0	59901.0
187.0	60405.0
188.0	59839.0
189.0	60387.0
190.0	60212.0
191.0	60121.0
192.0	60607.0
193.0	60058.0
194.0	60311.0
195.0	60207.0
196.0	59551.0
197.0	59516.0
198.0	59383.0
199.0	59414.0
200.0	59272.0
201.0	58980.0
202.0	58676.0
203.0	58818.0
204.0	58294.0
205.0	57914.0
206.0	58304.0
207.0	57484.0
208.0	57224.0
209.0	56614.0
210.0	56684.0
211.0	55919.0
212.0	56188.0
213.0	55807.0
214.0	54795.0
215.0	55226.0
216.0	55071.0
217.0	54264.0
218.0	54601.0
219.0	53736.0
220.0	52871.0
221.0	52800.0
222.0	52190.0
223.0	51976.0
224.0	51475.0
225.0	51169.0
226.0	50925.0
227.0	50513.0
228.0	49979.0
229.0	49090.0
230.0	49217.0
231.0	48922.0
232.0	48088.0
233.0	47631.0
234.0	47539.0
235.0	46622.0
236.0	46517.0
237.0	46009.0
238.0	45779.0
239.0	45388.0
240.0	44884.0
241.0	44263.0
242.0	43729.0
243.0	43487.0
244.0	42986.0
245.0	42496.0
246.0	41977.0
247.0	41650.0
248.0	41463.0
249.0	41051.0
250.0	40435.0
251.0	39953.0
252.0	39433.0
253.0	39062.0
254.0	38809.0
255.0	38436.0
256.0	37821.0
257.0	37606.0
258.0	37034.0
259.0	36678.0
260.0	36385.0
261.0	35751.0
262.0	35628.0
263.0	35442.0
264.0	34965.0
265.0	33911.0
266.0	33758.0
267.0	33332.0
268.0	33007.0
269.0	32413.0
270.0	32268.0
271.0	31921.0
272.0	31602.0
273.0	31034.0
274.0	30815.0
275.0	30955.0
276.0	29746.0
277.0	29485.0
278.0	29307.0
279.0	28902.0
280.0	28787.0
281.0	28528.0
282.0	28233.0
283.0	27668.0
284.0	27350.0
285.0	27031.0
286.0	26745.0
287.0	26446.0
288.0	26050.0
289.0	25873.0
290.0	25476.0
291.0	25144.0
292.0	25053.0
293.0	24568.0
294.0	24244.0
295.0	23997.0
296.0	23462.0
297.0	23709.0
298.0	23187.0
299.0	22699.0
300.0	22322.0
301.0	21954.0
302.0	21884.0
303.0	21740.0
304.0	21167.0
305.0	20976.0
306.0	20902.0
307.0	20652.0
308.0	20353.0
309.0	20130.0
310.0	19855.0
311.0	19524.0
312.0	19078.0
313.0	19081.0
314.0	18820.0
315.0	18369.0
316.0	18401.0
317.0	18133.0
318.0	17797.0
319.0	17579.0
320.0	17384.0
321.0	17126.0
322.0	16956.0
323.0	16943.0
324.0	16641.0
325.0	16292.0
326.0	16117.0
327.0	15895.0
328.0	15728.0
329.0	15481.0
330.0	15365.0
331.0	15081.0
332.0	14941.0
333.0	14616.0
334.0	14474.0
335.0	14209.0
336.0	14015.0
337.0	13888.0
338.0	13869.0
339.0	13391.0
340.0	13199.0
341.0	13171.0
342.0	13204.0
343.0	12915.0
344.0	12739.0
345.0	12382.0
346.0	12369.0
347.0	12160.0
348.0	12049.0
349.0	11813.0
350.0	11935.0
351.0	11556.0
352.0	11346.0
353.0	11266.0
354.0	10880.0
355.0	11044.0
356.0	10767.0
357.0	10709.0
358.0	10387.0
359.0	10207.0
360.0	10091.0
361.0	10090.0
362.0	9784.0
363.0	9824.0
364.0	9799.0
365.0	9615.0
366.0	9527.0
367.0	9111.0
368.0	9106.0
369.0	9011.0
370.0	8835.0
371.0	8781.0
372.0	8604.0
373.0	8566.0
374.0	8294.0
375.0	8312.0
376.0	8326.0
377.0	8129.0
378.0	7970.0
379.0	7766.0
380.0	7817.0
381.0	7550.0
382.0	7473.0
383.0	7470.0
384.0	7356.0
385.0	7213.0
386.0	7050.0
387.0	7183.0
388.0	6977.0
389.0	6836.0
390.0	6667.0
391.0	6669.0
392.0	6536.0
393.0	6510.0
394.0	6291.0
395.0	6305.0
396.0	6229.0
397.0	6015.0
398.0	5951.0
399.0	5935.0
400.0	5918.0
401.0	5853.0
402.0	5697.0
403.0	5684.0
404.0	5434.0
405.0	5545.0
406.0	5377.0
407.0	5471.0
408.0	5301.0
409.0	5147.0
410.0	5049.0
411.0	5034.0
412.0	5035.0
413.0	4887.0
414.0	4913.0
415.0	4862.0
416.0	4726.0
417.0	4752.0
418.0	4558.0
419.0	4473.0
420.0	4530.0
421.0	4397.0
422.0	4355.0
423.0	4337.0
424.0	4170.0
425.0	4102.0
426.0	4122.0
427.0	4080.0
428.0	3977.0
429.0	3948.0
430.0	3998.0
431.0	3952.0
432.0	3706.0
433.0	3744.0
434.0	3702.0
435.0	3624.0
436.0	3651.0
437.0	3527.0
438.0	3553.0
439.0	3435.0
440.0	3436.0
441.0	3360.0
442.0	3384.0
443.0	3273.0
444.0	3228.0
445.0	3199.0
446.0	3211.0
447.0	3115.0
448.0	3061.0
449.0	2992.0
450.0	2981.0
451.0	2936.0
452.0	2937.0
453.0	2828.0
454.0	2855.0
455.0	2814.0
456.0	2667.0
457.0	2760.0
458.0	2658.0
459.0	2616.0
460.0	2640.0
461.0	2550.0
462.0	2498.0
463.0	2467.0
464.0	2475.0
465.0	2482.0
466.0	2378.0
467.0	2424.0
468.0	2335.0
469.0	2310.0
470.0	2323.0
471.0	2145.0
472.0	2288.0
473.0	2191.0
474.0	2261.0
475.0	2120.0
476.0	2089.0
477.0	2114.0
478.0	2114.0
479.0	2129.0
480.0	2001.0
481.0	1989.0
482.0	1959.0
483.0	1943.0
484.0	1898.0
485.0	1846.0
486.0	1896.0
487.0	1764.0
488.0	1849.0
489.0	1775.0
490.0	1704.0
491.0	1787.0
492.0	1724.0
493.0	1770.0
494.0	1728.0
495.0	1690.0
496.0	1709.0
497.0	1627.0
498.0	1668.0
499.0	1582.0
500.0	1606.0
501.0	1541.0
502.0	1486.0
503.0	1519.0
504.0	1465.0
505.0	1470.0
506.0	1487.0
507.0	1394.0
508.0	1452.0
509.0	1352.0
510.0	1384.0
511.0	1403.0
512.0	1346.0
513.0	1385.0
514.0	1316.0
515.0	1340.0
516.0	1302.0
517.0	1255.0
518.0	1262.0
519.0	1267.0
520.0	1198.0
521.0	1252.0
522.0	1177.0
523.0	1162.0
524.0	1159.0
525.0	1121.0
526.0	1182.0
527.0	1184.0
528.0	1126.0
529.0	1112.0
530.0	1063.0
531.0	1121.0
532.0	1041.0
533.0	1041.0
534.0	1077.0
535.0	1051.0
536.0	1040.0
537.0	1060.0
538.0	967.0
539.0	965.0
540.0	1017.0
541.0	1066.0
542.0	912.0
543.0	982.0
544.0	944.0
545.0	894.0
546.0	919.0
547.0	894.0
548.0	902.0
549.0	894.0
550.0	897.0
551.0	896.0
552.0	858.0
553.0	889.0
554.0	854.0
555.0	792.0
556.0	855.0
557.0	796.0
558.0	817.0
559.0	807.0
560.0	800.0
561.0	778.0
562.0	799.0
563.0	764.0
564.0	802.0
565.0	790.0
566.0	697.0
