# Position (bp)	A	C	G	T	N
0.0	20.070259725878035	30.730384264819875	27.305001149983386	21.887897915548628	0.006456943770071469
1.0	21.789007862479025	24.265876159566584	23.581431601543535	30.362832536863355	8.518395475028324E-4
2.0	27.167556838993807	26.069109742488905	21.83872121847129	24.923607029379944	0.0010051706660533421
3.0	30.35205676658744	23.385261472149104	23.361588851124	22.90108439174397	8.518395475028324E-6
4.0	31.028962544615098	21.278483384869627	23.67065327574898	24.021679316483947	2.2147828235073643E-4
5.0	30.779237262869163	22.210515107374377	22.29172097143782	24.7130493300282	0.005477328290443212
6.0	27.33183409572973	21.356401148279712	18.955849156252928	32.35584745257383	6.81471638002266E-5
7.0	26.2999838150486	24.343615036671693	21.06608571209527	28.290255807416116	5.962876832519827E-5
8.0	25.52330207082194	24.559820432223386	21.08104401454942	28.835739780055032	9.370235022531155E-5
9.0	33.217116863867524	20.889976404044532	20.702980586576714	25.18981540637006	1.1073914117536821E-4
10.0	29.43465112911332	23.815798216247988	23.383651495404326	23.365677680952015	2.2147828235073643E-4
11.0	26.89844368914671	24.06468017684189	22.884729072431917	26.151584847478127	5.622141013518694E-4
12.0	27.59154293697239	23.61760922712598	21.9471944664503	26.841847469610624	0.0018058998407060045
13.0	28.247621238063598	23.155077389622893	21.68847375908274	26.90478989377561	0.0040377194551634256
14.0	28.12681335343675	23.183222168272387	22.16037583160836	26.52314873970339	0.006439906979121413
15.0	28.14397792031893	23.34010545773598	22.174328963396455	26.326893426354214	0.014694232194423857
16.0	28.418832468716193	23.388813643062193	21.93760275314542	26.234434761868254	0.020316373207942554
17.0	28.419207278117092	23.23910284258857	22.16291431345992	26.15309260347721	0.025682962357210397
18.0	28.313885836463843	23.447198725648036	22.048716703721688	26.169856805772064	0.020341928394367638
19.0	28.43810959767618	23.328503403098992	22.243787960099837	25.97647219169797	0.013126847427018647
20.0	28.343470223948618	23.45125348189415	22.16149174141559	26.037583160835826	0.00620139190582062
21.0	28.519852120654555	23.44945610044892	22.20093191246497	25.82763878595828	0.002121080473282053
22.0	28.676556523813172	23.108992870102988	22.010358368897634	26.203589651853175	5.025853330266711E-4
23.0	28.7229732607566	22.956470999122605	22.171705297590147	26.14785379026007	9.966522705783139E-4
24.0	28.536877807721122	23.39394837733046	22.079899751551153	25.98895035154681	3.2371185045194006E-4
25.0	29.03636374633815	23.181746659661652	22.03884273448775	25.7428594381602	1.8742135225016798E-4
26.0	29.364620253369463	22.62992004697366	22.07552419813111	25.929756589952223	1.7891157355114426E-4
27.0	29.55226866436159	22.69757486456924	22.67235546000961	25.077588009331862	2.1300172769961375E-4
28.0	28.094379943047908	24.239897479418346	23.464807117818577	24.200540550673217	3.749090419540259E-4
29.0	25.628110685393395	25.081333936204608	23.0783605968971	26.211956178098355	2.386034065408352E-4
30.0	26.29643919804674	22.85569176109475	20.199330043638444	30.6479679584161	5.71038803961782E-4
31.0	29.10198935634259	23.190326768636417	23.56374984762504	24.143456656889096	4.773705068566601E-4
32.0	29.36376875355972	22.566999532759684	23.768241982735983	24.30005183980137	9.378911432381459E-4
33.0	34.47503681029634	21.297146905623535	21.93977253787268	22.287165178133517	8.785680739280061E-4
34.0	26.158113333064687	22.283910480443296	20.5669487687885	30.990216354182387	8.110635211289732E-4
35.0	25.73819165832882	24.67477680299675	19.71464662559839	29.871375388036185	0.0010095250398569895
36.0	25.623067960374858	24.357231206051406	20.177757560593644	29.840934521326652	0.0010087516534474216
37.0	30.027616223396752	22.757240047778833	21.031073492556608	26.183619091966825	4.5114430098153966E-4
38.0	31.767621904184338	24.480170206421366	19.620896439345504	24.128429128563013	0.002882321485776233
39.0	24.862292153754982	27.938245007470364	25.590409001160204	21.606030450883413	0.003023386731041928
