# Position (bp)	A	C	G	T	N
0.0	12.72944428342308	32.98453605577899	37.329487750262466	16.953906756307646	0.0026251542278108836
1.0	15.450032689420503	25.540545149884696	33.27249940219702	25.734779775454662	0.0021429830431109256
2.0	16.590367541235903	28.350174501323384	32.18044417252371	22.878683408364527	3.3037655247960103E-4
3.0	18.44179774133159	26.107301661115446	33.58958945980933	21.860516448198474	7.946895451536349E-4
4.0	18.331907356700064	26.285588921206266	32.923255669842035	22.45839978813041	8.482641212314081E-4
5.0	18.776763849161853	27.082126789234586	31.708452157278526	22.43209467127622	5.62533048816618E-4
6.0	13.760192339871397	27.472506866921286	29.39326256846161	29.373198889720488	8.393350252184458E-4
7.0	14.491387083276857	30.60967331830745	30.38693701826411	24.511145386934338	8.571932172443703E-4
8.0	14.393059877982118	29.72679109183379	30.862045288017814	25.01790730205399	1.9644011228516818E-4
9.0	18.542178638709313	27.849136136748033	30.83731169206191	22.77095386496814	4.196675126092229E-4
10.0	15.145121918769872	31.42797139331936	31.41743506002406	22.009301975062463	1.6965282424628161E-4
11.0	14.262739721672935	29.312936420729002	32.74360225806123	23.680364435696312	3.571638405184876E-4
12.0	15.131772920230494	29.79908105315473	30.507051217830476	24.56194301415208	1.5179463222035722E-4
13.0	15.51503650839487	29.52987773745993	30.451896191758408	24.503109200522672	8.036186411665971E-5
14.0	15.36357225272699	29.69514637556385	31.058699698607295	23.88235844570154	2.2322740032405477E-4
15.0	15.308935114223676	29.950714961646852	30.996874637813544	23.74312705157142	3.482347445055254E-4
16.0	15.799946103976465	29.277979009838255	30.78451394733726	24.136873398455016	6.875403929980887E-4
17.0	15.978447662371591	29.36853790160172	30.295681657011635	24.356877395118392	4.5538389666107174E-4
18.0	15.269004196853707	29.484776873498458	30.754163949989206	24.490519175144396	0.0015358045142294966
19.0	15.663063062097754	29.96843028813657	30.86969752330092	23.492790915752014	0.006018210712736516
20.0	15.395100890748761	29.658599585582795	31.142258179096594	23.79074592060855	0.0132954239633007
21.0	15.37840348120452	29.449873037183792	31.36171750090318	23.789986947447446	0.02001903326106123
22.0	15.527626533773145	29.289247529006612	30.72668912155732	24.43165857422695	0.02477824143597008
23.0	15.617390735991455	30.26854613422824	30.372195080746707	23.723072301926308	0.01879574710728541
24.0	15.560559631412845	30.30131340918205	30.460365156451928	23.664608691358264	0.013153111594909879
25.0	15.813720898355266	30.351865188666483	30.117243747245716	23.712258778323637	0.004911387408899345
26.0	16.47541449876554	29.435661213303078	29.579007689111393	24.506746402027566	0.0031701967924216757
27.0	15.98519863381622	30.258863159699633	30.366930815178055	23.388078622099435	9.287692066569533E-4
28.0	15.518529295293579	30.212117298706666	31.774859831964473	22.49423457419265	2.5899984263526803E-4
29.0	14.497901041855995	29.73576286886283	31.03817887905337	24.7281214840408	3.57261870003302E-5
30.0	14.760599693689661	28.64690364122709	28.506584350303548	28.08587658512385	3.572965584659544E-5
31.0	17.207738401595016	29.009562892179662	30.463575271470944	23.318944757571245	1.7867718312919315E-4
32.0	16.81819249947351	28.635080947255286	30.80491753023421	23.74177328335377	3.5739683226678674E-5
33.0	18.3745222429048	27.559728014684133	28.11595925403318	25.949352609534497	4.378788433921848E-4
34.0	14.45476959342793	31.274266560702813	28.100347683831444	26.165404971618678	0.0052111904191325595
35.0	14.812774936262743	32.4488491506232	27.747269067854237	24.990820546515675	2.8629874415055876E-4
36.0	13.809994169299216	31.659942547228408	30.301042904015613	24.228849891129745	1.7048832702317153E-4
37.0	13.871987670247195	31.636738629574186	32.44104232971711	22.04913324498914	0.001098125472365535
38.0	17.540842022813575	31.721362884242282	32.23343576509862	18.503327981073316	0.0010313467722115031
39.0	12.181247150110904	35.176934639967236	36.01752633490737	16.618447187207767	0.005844687806725352
