#Position (bp)	mapping quality
3406923.0	37.82478116138577
1.0220768E7	40.24450143949353
1.7034613E7	39.75944447888152
2.3848458E7	22.351305199413645
3.0662303E7	35.4068422279189
3.7476148E7	38.11316569663683
4.4289993E7	39.43928303896174
5.1103838E7	38.36488299411631
5.7917683E7	37.7099315981467
6.4731528E7	40.03630680737783
7.1545373E7	39.57052617710351
7.8359218E7	40.71206919419569
8.5173063E7	35.9736532711878
9.1986908E7	40.06532945194552
9.8800753E7	29.756637520664448
1.05614598E8	29.38671520709463
1.12428443E8	38.70215223698735
1.19242288E8	39.994193670313734
1.26056133E8	39.66948367609406
1.300790245E8	14.073473547669787
1.33485947E8	39.18240404601328
1.39683823E8	38.96505470652254
1.46497668E8	26.92449635832699
1.53311513E8	39.63074351410377
1.60125358E8	38.765334593298405
1.66939203E8	41.02315550083537
1.73753048E8	40.953207562207886
1.80566893E8	35.67616249998503
1.87380738E8	40.789794062312154
1.94194583E8	40.621071093612535
2.01008428E8	39.91890810454382
2.07822273E8	40.93075160015466
2.14636118E8	36.31201851567763
2.21449963E8	40.92017287544302
2.28263808E8	40.92791038791102
2.35077653E8	40.7402308570847
2.41891498E8	40.8205369216786
2.48705343E8	40.706957890702235
2.52444901E8	39.9767012107683
2.558518235E8	38.96522262334537
2.62333033E8	24.83729040707857
2.69146878E8	33.984578373301126
2.75960723E8	31.029285672904233
2.82774568E8	40.14713141199767
2.89588413E8	38.12529711153076
2.96402258E8	35.896647809668046
3.03216103E8	38.440214833354595
3.10029948E8	36.40659644585724
3.16843793E8	27.87342919366402
3.23657638E8	37.640628710008016
3.30471483E8	40.58153392478077
3.37285328E8	40.5028364288494
3.44099173E8	34.97008368637436
3.50913018E8	40.559328055217215
3.57726863E8	41.08329282207783
3.64540708E8	39.13098566487844
3.704270945E8	36.857472626883364
3.73834017E8	0.0
3.78168398E8	34.02340461638849
3.84982243E8	37.74686966858213
3.91796088E8	35.325820862948035
3.98609933E8	36.87492730506705
4.05423778E8	39.9095063605974
4.12237623E8	40.43365959699995
4.19051468E8	40.766351944685155
4.25865313E8	40.03883673374541
4.32679158E8	36.191991003451264
4.39493003E8	34.192712277323395
4.46306848E8	37.40048111764232
4.53120693E8	32.98189753654179
4.59934538E8	36.64291771750513
4.66748383E8	40.25242579410906
4.73562228E8	39.54614922526037
4.80376073E8	38.99633778314908
4.87189918E8	39.93424113856126
4.91962519E8	34.04365696869534
4.953694415E8	3.136453008257963
5.00817608E8	32.58850985443415
5.07631453E8	37.78333728570871
5.14445298E8	38.34813175043173
5.21259143E8	39.9962098411143
5.28072988E8	40.19051471579696
5.34886833E8	34.74390799465394
5.41700678E8	39.4932299455433
5.48514523E8	39.72388544307872
5.55328368E8	39.99599877902703
5.62142213E8	36.86907425290886
5.68956058E8	40.102332184200876
5.75769903E8	35.81593182467718
5.82583748E8	25.258927083639644
5.89397593E8	31.64720829933559
5.96211438E8	38.21148839879315
6.03025283E8	17.020464953219832
6.09839128E8	38.276476743024084
6.15738246E8	40.1542740020637
6.191451685E8	0.0
6.23466818E8	39.200163997042445
6.30280663E8	39.22658057602433
6.37094508E8	19.31735726561008
6.43908353E8	38.88583330511058
6.50722198E8	36.9283105518189
6.57536043E8	39.4422008837106
6.64349888E8	32.61283920461051
6.71163733E8	40.66010829624215
6.77977578E8	38.0576814113864
6.84791423E8	40.673065897332314
6.91605268E8	40.643344747998974
6.98419113E8	40.547946582760375
7.05232958E8	40.15457040673828
7.12046803E8	39.603029987921644
7.18860648E8	40.34788736580754
7.222708485E8	0.0
7.25677771E8	40.34346139926995
7.32488338E8	39.52195123593538
7.39302183E8	40.04008968739087
7.46116028E8	38.46365271919263
7.52929873E8	39.8493731447803
7.59743718E8	39.64289750337194
7.66557563E8	40.36518245801337
7.73371408E8	36.83767493754396
7.80185253E8	37.321612704670635
7.86999098E8	36.21133872166481
7.93812943E8	20.260124364047485
8.00626788E8	38.328940862081666
8.07440633E8	34.4781033033407
8.14254478E8	40.55575911084013
8.190716475E8	37.64537932610186
8.2247857E8	20.947450377096544
8.27882168E8	28.980911047544563
8.34696013E8	36.7234474839818
8.41509858E8	35.92319104961655
8.48323703E8	40.74320565652425
8.55137548E8	38.85148528971858
8.61951393E8	34.789198985534064
8.68765238E8	40.42348186411653
8.75579083E8	40.556159528909866
8.82392928E8	38.92191316441392
8.89206773E8	39.08529694186411
8.96020618E8	38.17371987740067
9.02834463E8	39.72654476973121
9.09648308E8	38.89563022428205
9.14262198E8	32.006686872737134
9.176691205E8	35.3307484534286
9.23275998E8	39.12054204872466
9.30089843E8	36.93607097353036
9.36903688E8	36.67031991428134
9.43717533E8	23.775618938585
9.50531378E8	40.44455726172082
9.57345223E8	38.67490080803554
9.64159068E8	35.6927345451814
9.70972913E8	38.03138427455991
9.77786758E8	39.20529096893249
9.84600603E8	38.842821223234736
9.91414448E8	38.75531944933649
9.98228293E8	40.56152846985687
1.00390351E9	23.469785956669277
1.0073104325E9	0.0
1.011855983E9	39.79964719378113
1.018669828E9	39.76471612339638
1.025483673E9	38.860987577772555
1.032297518E9	39.343448511007615
1.039111363E9	38.716875347701375
1.045925208E9	39.493206183791784
1.052739053E9	41.01283762676098
1.059552898E9	38.09613273148713
1.0652815955E9	40.83523407438347
1.068688518E9	0.0
1.073180588E9	29.01608693760965
1.079994433E9	39.80315626907863
1.086808278E9	35.48389713607742
1.093622123E9	25.809287406916475
1.100435968E9	38.73298551784284
1.107249813E9	40.90329650252381
1.114063658E9	31.305636179181562
1.120877503E9	40.35109905724488
1.127691348E9	39.978624571583126
1.134505193E9	38.93655291919748
1.141319038E9	38.95646070559494
1.148132883E9	40.18978879841314
1.154946728E9	35.16465840481516
1.161760573E9	40.66989809407628
1.168574418E9	31.675449156458782
1.175388263E9	39.79343240477884
1.182202108E9	19.194305548395967
1.189015953E9	37.03190790867116
1.195829798E9	38.62753857920547
1.202643643E9	40.69042353201371
1.209457488E9	36.473473762560474
1.216271333E9	34.312421865521664
1.223085178E9	40.40329463704705
1.229899023E9	40.50742250841787
1.236712868E9	39.36210238128404
1.243526713E9	37.19076848386157
1.250340558E9	40.312273519973864
1.257154403E9	39.105568412474504
1.2618183335E9	40.1084722429727
1.265225256E9	37.55333381027329
1.270782093E9	39.845389180362666
1.277595938E9	37.132906934221474
1.284409783E9	38.73574305559923
1.291223628E9	40.68363798830591
1.298037473E9	40.991912974884805
1.304851318E9	38.86405223070657
1.311665163E9	35.216155061019386
1.318479008E9	38.05956073363135
1.325292853E9	40.434789351626435
1.332106698E9	39.483323641165335
1.338920543E9	39.74339043762654
1.345734388E9	33.56869412268202
1.352548233E9	39.59046708435511
1.359362078E9	38.513686776830696
1.366175923E9	40.02842313208012
1.372989768E9	29.785333386792832
1.379803613E9	40.110627865616905
1.386617458E9	39.05915181240934
1.393431303E9	40.222456921882
1.400245148E9	37.71211043607167
1.407058993E9	39.73460063167047
1.413872838E9	38.30486241246671
1.420686683E9	39.918850042296945
1.427500528E9	40.82914303664686
1.434314373E9	40.97441019185583
1.441128218E9	32.871756764195176
1.444861853E9	39.625639623107595
1.4482687755E9	26.074693788276466
1.454755908E9	38.43938084523122
1.461569753E9	38.81325208922071
1.468383598E9	29.84248904038585
1.475197443E9	37.36190550277618
1.482011288E9	36.72332213298025
1.488825133E9	30.984620889825454
1.495638978E9	39.510376682393435
1.502452823E9	30.655319683456852
1.509266668E9	36.99799178047154
1.516080513E9	38.99799077492006
1.522894358E9	37.672894102795034
1.529708203E9	39.04727374530772
1.536522048E9	39.437687790257414
1.543335893E9	40.2623404175766
1.550149738E9	40.09701654469958
1.556963583E9	38.25418417963573
1.563777428E9	40.33334156571108
1.570591273E9	39.492593681680454
1.577405118E9	39.6189875933339
1.584218963E9	40.1244991757552
1.591032808E9	39.29019963047721
1.597846653E9	37.55283564167014
1.6032409105E9	35.04372145203943
1.606647833E9	0.0
1.611474343E9	39.63427075142233
1.618288188E9	33.00660211905556
1.625102033E9	30.621214604090195
1.631915878E9	27.97910013150479
1.638729723E9	39.98532040117027
1.645543568E9	39.284525430244216
1.652357413E9	39.306890236651206
1.659171258E9	36.10601875363863
1.665985103E9	39.33197119625359
1.672798948E9	34.899149510235205
1.679612793E9	25.785478205643333
1.686426638E9	34.355146792316056
1.693240483E9	38.59295194829289
1.700054328E9	36.840543525421054
1.706868173E9	40.62826212271246
1.713682018E9	39.335588683468856
1.720495863E9	38.804670955798265
1.727309708E9	40.54141923089284
1.734123553E9	40.24067067167391
1.740937398E9	40.782843972832886
1.747751243E9	39.0347954751991
1.754565088E9	39.88908384729643
1.759854186E9	40.69095643592325
1.7632611085E9	10.874476987447698
1.768192778E9	36.3381939549936
1.775006623E9	14.174806346964447
1.781820468E9	35.668792688719385
1.788634313E9	39.28737967985388
1.795448158E9	39.43886569433618
1.802262003E9	39.035152135439986
1.809075848E9	38.46885752889956
1.815889693E9	37.94766700759274
1.822703538E9	37.543660708708494
1.829517383E9	39.663572841889945
1.836331228E9	40.204888374744726
1.843145073E9	18.10081336469838
1.849958918E9	38.54063317229367
1.856772763E9	37.29153549316659
1.863586608E9	36.345481010590106
1.870400453E9	39.088280318073835
1.877214298E9	40.62666895816355
1.884028143E9	40.69527589997095
1.890841988E9	38.05192096415797
1.897655833E9	40.453379682745414
1.904469678E9	40.422504692583026
1.910723823E9	40.3881295774517
1.9141307455E9	0.0
1.918097368E9	35.296116297516626
1.924911213E9	34.34369456580134
1.931725058E9	18.243237887644902
1.938538903E9	37.682263833695956
1.945352748E9	40.84110706608907
1.952166593E9	37.80468772229829
1.958980438E9	37.63047619740124
1.965794283E9	39.824026488798985
1.972608128E9	37.63166515217806
1.979421973E9	28.170867726626412
1.986235818E9	38.47375502378173
1.993049663E9	28.19290591805766
1.999863508E9	40.61318695484976
2.006677353E9	40.20063510864609
2.013491198E9	41.049718395963424
2.020305043E9	32.35428712626637
2.027118888E9	40.78811088517569
2.033932733E9	40.006790311485005
2.040746578E9	40.00902648567063
2.047560423E9	38.6445897774743
2.054374268E9	39.65511201786127
2.060544391E9	39.29275079954077
2.0639513135E9	0.0
2.068001958E9	36.680261853367135
2.074815803E9	23.151257427225673
2.081629648E9	39.4736568141602
2.088443493E9	37.704870532425296
2.095257338E9	39.415823554456935
2.102071183E9	37.99197011819686
2.108885028E9	39.294795906264824
2.115698873E9	21.361747068826634
2.122512718E9	28.45625432459445
2.129326563E9	40.60380852118485
2.136140408E9	40.792612689262036
2.142954253E9	40.10754891216797
2.149768098E9	38.11727632311607
2.156581943E9	35.74155234789635
2.163395788E9	40.312347976278865
2.170209633E9	17.28969580665957
2.177023478E9	39.220934653283166
2.183837323E9	39.873858048931325
2.190651168E9	40.24344425442283
2.197465013E9	40.582610209342306
2.204278858E9	40.334176738370786
2.2082174155E9	40.71742275739756
2.211624338E9	38.93564324161917
2.217906548E9	40.15854495839886
2.224720393E9	40.284588279653335
2.231534238E9	33.48497477449302
2.238348083E9	32.96909140259211
2.245161928E9	39.60512113052552
2.251975773E9	37.587516629866194
2.258789618E9	33.01959304336887
2.265603463E9	34.07391459685689
2.272417308E9	35.03013301500682
2.279231153E9	39.62228957010423
2.286044998E9	37.623242130736244
2.292858843E9	40.2971138273822
2.299672688E9	38.81107993395395
2.306486533E9	38.509420481097884
2.313300378E9	38.492381617086934
2.320114223E9	40.02963933242207
2.326928068E9	40.37714861306795
2.333741913E9	39.851649534075335
2.3376495495E9	26.315915012293125
2.341056472E9	2.254028417359333
2.347369603E9	37.17594171886219
2.354183448E9	37.77367125553994
2.360997293E9	39.87881203219702
2.367811138E9	40.70806905523058
2.374624983E9	36.53550582014806
2.381438828E9	40.37984518471984
2.388252673E9	38.53159955313158
2.395066518E9	39.9370822334556
2.401880363E9	40.96108655791673
2.408694208E9	40.19839852004729
2.415508053E9	36.42908066452387
2.422321898E9	38.08168435257315
2.429135743E9	37.19897134532041
2.435949588E9	39.98635924952784
2.442763433E9	40.09967616925317
2.449577278E9	40.24113222135979
2.456391123E9	40.303858084425684
2.4612717095E9	38.619916264249284
2.462753523E9	0.0
2.4646867815E9	3.282377656945131
2.470018813E9	35.103224605411086
2.476832658E9	38.131683066926094
2.483646503E9	33.31737926176924
2.490460348E9	4.864729845626072
2.497274193E9	32.87270764719318
2.504088038E9	35.10282657652753
2.510901883E9	38.785780903063674
2.517715728E9	34.38270711906744
2.524529573E9	39.608280941638135
2.531343418E9	23.370124303471925
2.538157263E9	37.30120061426776
2.544971108E9	19.87672869884518
2.551784953E9	19.196932544082966
2.558598798E9	27.14369059919204
2.565412643E9	38.94382893173502
2.572226488E9	27.83840917522946
2.579040333E9	27.674857250638727
2.585854178E9	9.528433467508158
2.592668023E9	18.324663786495716
2.599481868E9	36.96743972580822
2.606295713E9	32.69618124712732
2.613109558E9	33.68519666303333
2.619923403E9	33.97479941499682
2.626737248E9	37.49099462163099
2.631968571E9	22.46347939618877
2.6353754935E9	3.147072506147405
2.640364938E9	2.8730856138589003
2.647178783E9	1.6957353111600417
2.653992628E9	1.2466206067888255
2.660806473E9	1.063582896200922
2.667620318E9	1.8342808655070004
2.674434163E9	1.7196509467443268
2.681248008E9	1.1256216431271135
2.688061853E9	1.4568878068573747
2.694875698E9	1.2372164205977674
2.701689543E9	1.1504189386886554
2.708503388E9	1.9393087481395734
2.715317233E9	1.8373089558634481
2.7221309125E9	4.79708659293229
