#Coverage	Number of genomic locations
0.0	2.615103494E9
1.0	5.8466237E7
2.0	2.2223427E7
3.0	1.0688987E7
4.0	5872494.0
5.0	3542308.0
6.0	2288023.0
7.0	1561935.0
8.0	1114127.0
9.0	821520.0
10.0	625196.0
11.0	483857.0
12.0	384269.0
13.0	306459.0
14.0	251525.0
15.0	207521.0
16.0	173370.0
17.0	145835.0
18.0	123843.0
19.0	107613.0
20.0	92032.0
21.0	80307.0
22.0	70744.0
23.0	62375.0
24.0	54506.0
25.0	48689.0
26.0	43514.0
27.0	38215.0
28.0	34316.0
29.0	30545.0
30.0	27973.0
31.0	25741.0
32.0	23448.0
33.0	21685.0
34.0	19809.0
35.0	18420.0
36.0	17029.0
37.0	16030.0
38.0	14942.0
39.0	13785.0
40.0	12569.0
41.0	11610.0
42.0	10850.0
43.0	10052.0
44.0	9598.0
45.0	8704.0
46.0	7965.0
47.0	7739.0
48.0	7167.0
49.0	6796.0
50.0	6303.0
51.0	5987.0
52.0	5882.0
53.0	5262.0
54.0	5081.0
55.0	4829.0
56.0	4539.0
57.0	4330.0
58.0	4225.0
59.0	3819.0
60.0	3741.0
61.0	3529.0
62.0	3269.0
63.0	3320.0
64.0	3106.0
65.0	3029.0
66.0	2969.0
67.0	2824.0
68.0	2675.0
69.0	2545.0
70.0	2549.0
71.0	2381.0
72.0	2308.0
73.0	2228.0
74.0	2166.0
75.0	2044.0
76.0	1923.0
77.0	1870.0
78.0	1860.0
79.0	1798.0
80.0	1755.0
81.0	1736.0
82.0	1592.0
83.0	1590.0
84.0	1531.0
85.0	1528.0
86.0	1482.0
87.0	1297.0
88.0	1264.0
89.0	1286.0
90.0	1256.0
91.0	1261.0
92.0	1299.0
93.0	1266.0
94.0	1236.0
95.0	1151.0
96.0	1147.0
97.0	1049.0
98.0	1008.0
99.0	1084.0
100.0	985.0
101.0	968.0
102.0	970.0
103.0	932.0
104.0	855.0
105.0	811.0
106.0	844.0
107.0	746.0
108.0	703.0
109.0	719.0
110.0	696.0
111.0	721.0
112.0	718.0
113.0	688.0
114.0	608.0
115.0	575.0
116.0	587.0
117.0	625.0
118.0	565.0
119.0	536.0
120.0	537.0
121.0	526.0
122.0	529.0
123.0	521.0
124.0	494.0
125.0	486.0
126.0	441.0
127.0	430.0
128.0	450.0
129.0	438.0
130.0	463.0
131.0	471.0
132.0	413.0
133.0	408.0
134.0	426.0
135.0	381.0
136.0	384.0
137.0	381.0
138.0	366.0
139.0	357.0
140.0	341.0
141.0	335.0
142.0	337.0
143.0	320.0
144.0	318.0
145.0	315.0
146.0	314.0
147.0	302.0
148.0	322.0
149.0	346.0
150.0	310.0
151.0	317.0
152.0	293.0
153.0	306.0
154.0	287.0
155.0	291.0
156.0	267.0
157.0	288.0
158.0	272.0
159.0	275.0
160.0	270.0
161.0	281.0
162.0	264.0
163.0	278.0
164.0	273.0
165.0	260.0
166.0	215.0
167.0	269.0
168.0	220.0
169.0	259.0
170.0	245.0
171.0	231.0
172.0	232.0
173.0	253.0
174.0	246.0
175.0	256.0
176.0	259.0
177.0	234.0
178.0	219.0
179.0	234.0
180.0	201.0
181.0	213.0
182.0	209.0
183.0	239.0
184.0	213.0
185.0	200.0
186.0	198.0
187.0	204.0
188.0	224.0
189.0	194.0
190.0	217.0
191.0	199.0
192.0	215.0
193.0	190.0
194.0	214.0
195.0	212.0
196.0	212.0
197.0	222.0
198.0	209.0
199.0	194.0
200.0	172.0
201.0	199.0
202.0	173.0
203.0	194.0
204.0	165.0
205.0	170.0
206.0	180.0
207.0	173.0
208.0	171.0
209.0	199.0
210.0	148.0
211.0	126.0
212.0	171.0
213.0	161.0
214.0	173.0
215.0	144.0
216.0	169.0
217.0	172.0
218.0	141.0
219.0	138.0
220.0	154.0
221.0	134.0
222.0	115.0
223.0	153.0
224.0	142.0
225.0	136.0
226.0	134.0
227.0	130.0
228.0	133.0
229.0	122.0
230.0	114.0
231.0	129.0
232.0	108.0
233.0	131.0
234.0	118.0
235.0	129.0
236.0	131.0
237.0	122.0
238.0	111.0
239.0	98.0
240.0	100.0
241.0	108.0
242.0	96.0
243.0	108.0
244.0	107.0
245.0	108.0
246.0	90.0
247.0	87.0
248.0	112.0
249.0	114.0
250.0	94.0
251.0	106.0
252.0	123.0
253.0	117.0
254.0	106.0
255.0	131.0
256.0	105.0
257.0	98.0
258.0	109.0
259.0	96.0
260.0	87.0
261.0	97.0
262.0	74.0
263.0	91.0
264.0	111.0
265.0	91.0
266.0	85.0
267.0	83.0
268.0	83.0
269.0	81.0
270.0	85.0
271.0	83.0
272.0	96.0
273.0	85.0
274.0	95.0
275.0	69.0
276.0	91.0
277.0	78.0
278.0	56.0
279.0	72.0
280.0	73.0
281.0	65.0
282.0	80.0
283.0	82.0
284.0	74.0
285.0	87.0
286.0	76.0
287.0	62.0
288.0	70.0
289.0	65.0
290.0	72.0
291.0	78.0
292.0	56.0
293.0	63.0
294.0	58.0
295.0	83.0
296.0	66.0
297.0	72.0
298.0	56.0
299.0	54.0
300.0	75.0
301.0	78.0
302.0	66.0
303.0	76.0
304.0	52.0
305.0	69.0
306.0	63.0
307.0	63.0
308.0	41.0
309.0	51.0
310.0	62.0
311.0	57.0
312.0	48.0
313.0	58.0
314.0	54.0
315.0	53.0
316.0	64.0
317.0	66.0
318.0	47.0
319.0	54.0
320.0	40.0
321.0	45.0
322.0	62.0
323.0	55.0
324.0	45.0
325.0	44.0
326.0	58.0
327.0	55.0
328.0	45.0
329.0	56.0
330.0	43.0
331.0	39.0
332.0	36.0
333.0	48.0
334.0	67.0
335.0	50.0
336.0	52.0
337.0	57.0
338.0	58.0
339.0	64.0
340.0	54.0
341.0	44.0
342.0	63.0
343.0	50.0
344.0	54.0
345.0	48.0
346.0	54.0
347.0	35.0
348.0	46.0
349.0	44.0
350.0	46.0
351.0	56.0
352.0	44.0
353.0	48.0
354.0	46.0
355.0	43.0
356.0	39.0
357.0	43.0
358.0	31.0
359.0	50.0
360.0	40.0
361.0	46.0
362.0	41.0
363.0	36.0
364.0	30.0
365.0	31.0
366.0	49.0
367.0	35.0
368.0	37.0
369.0	38.0
370.0	36.0
371.0	44.0
372.0	41.0
373.0	38.0
374.0	35.0
375.0	36.0
376.0	30.0
377.0	45.0
378.0	45.0
379.0	45.0
380.0	46.0
381.0	23.0
382.0	48.0
383.0	34.0
384.0	42.0
385.0	50.0
386.0	36.0
387.0	28.0
388.0	49.0
389.0	32.0
390.0	27.0
391.0	29.0
392.0	41.0
393.0	31.0
394.0	39.0
395.0	38.0
396.0	42.0
397.0	39.0
398.0	22.0
399.0	38.0
400.0	28.0
401.0	37.0
402.0	26.0
403.0	30.0
404.0	27.0
405.0	32.0
406.0	28.0
407.0	29.0
408.0	33.0
409.0	29.0
410.0	38.0
411.0	22.0
412.0	34.0
413.0	29.0
414.0	26.0
415.0	36.0
416.0	32.0
417.0	19.0
418.0	27.0
419.0	34.0
420.0	22.0
421.0	18.0
422.0	20.0
423.0	30.0
424.0	25.0
425.0	25.0
426.0	23.0
427.0	27.0
428.0	25.0
429.0	24.0
430.0	22.0
431.0	23.0
432.0	24.0
433.0	32.0
434.0	17.0
435.0	38.0
436.0	27.0
437.0	31.0
438.0	20.0
439.0	28.0
440.0	28.0
441.0	31.0
442.0	27.0
443.0	31.0
444.0	26.0
445.0	38.0
446.0	21.0
447.0	18.0
448.0	19.0
449.0	21.0
450.0	35.0
451.0	30.0
452.0	30.0
453.0	16.0
454.0	27.0
455.0	27.0
456.0	29.0
457.0	30.0
458.0	26.0
459.0	31.0
460.0	24.0
461.0	35.0
462.0	24.0
463.0	26.0
464.0	32.0
465.0	29.0
466.0	25.0
467.0	37.0
468.0	39.0
469.0	36.0
470.0	26.0
471.0	28.0
472.0	21.0
473.0	19.0
474.0	25.0
475.0	28.0
476.0	27.0
477.0	26.0
478.0	21.0
479.0	28.0
480.0	31.0
481.0	35.0
482.0	19.0
483.0	23.0
484.0	39.0
485.0	28.0
486.0	30.0
487.0	25.0
488.0	27.0
489.0	28.0
490.0	26.0
491.0	24.0
492.0	26.0
493.0	27.0
494.0	26.0
495.0	18.0
496.0	18.0
497.0	13.0
498.0	18.0
499.0	24.0
500.0	29.0
501.0	30.0
502.0	25.0
503.0	22.0
504.0	20.0
505.0	25.0
506.0	24.0
507.0	26.0
508.0	20.0
509.0	16.0
510.0	28.0
511.0	22.0
512.0	15.0
513.0	14.0
514.0	36.0
515.0	19.0
516.0	21.0
517.0	25.0
518.0	14.0
519.0	34.0
520.0	25.0
521.0	25.0
522.0	27.0
523.0	26.0
524.0	20.0
525.0	32.0
526.0	23.0
527.0	19.0
528.0	16.0
529.0	19.0
530.0	29.0
531.0	23.0
532.0	11.0
533.0	25.0
534.0	21.0
535.0	22.0
536.0	27.0
537.0	24.0
538.0	30.0
539.0	26.0
540.0	19.0
541.0	24.0
542.0	20.0
543.0	23.0
544.0	11.0
545.0	16.0
546.0	18.0
547.0	12.0
548.0	25.0
549.0	17.0
550.0	12.0
551.0	18.0
552.0	18.0
553.0	20.0
554.0	20.0
555.0	16.0
556.0	23.0
557.0	27.0
558.0	23.0
559.0	20.0
560.0	18.0
561.0	19.0
562.0	16.0
563.0	13.0
564.0	24.0
565.0	9.0
566.0	13.0
567.0	19.0
568.0	16.0
569.0	18.0
570.0	20.0
571.0	12.0
572.0	3.0
573.0	18.0
574.0	15.0
575.0	14.0
576.0	23.0
577.0	12.0
578.0	17.0
579.0	19.0
580.0	12.0
581.0	16.0
582.0	18.0
583.0	13.0
584.0	17.0
585.0	20.0
586.0	11.0
587.0	14.0
588.0	9.0
589.0	22.0
590.0	17.0
591.0	16.0
592.0	11.0
593.0	20.0
594.0	21.0
595.0	17.0
596.0	25.0
597.0	22.0
598.0	17.0
599.0	17.0
600.0	20.0
601.0	23.0
602.0	17.0
603.0	18.0
604.0	24.0
605.0	21.0
606.0	10.0
607.0	17.0
608.0	15.0
609.0	22.0
610.0	21.0
611.0	28.0
612.0	15.0
613.0	14.0
614.0	21.0
615.0	19.0
616.0	22.0
617.0	27.0
618.0	20.0
619.0	24.0
620.0	24.0
621.0	22.0
622.0	14.0
623.0	15.0
624.0	18.0
625.0	17.0
626.0	15.0
627.0	18.0
628.0	22.0
629.0	15.0
630.0	14.0
631.0	22.0
632.0	19.0
633.0	16.0
634.0	12.0
635.0	18.0
636.0	20.0
637.0	14.0
638.0	17.0
639.0	20.0
640.0	16.0
641.0	16.0
642.0	16.0
643.0	21.0
644.0	18.0
645.0	20.0
646.0	19.0
647.0	20.0
648.0	16.0
649.0	13.0
650.0	19.0
651.0	12.0
652.0	20.0
653.0	10.0
654.0	15.0
655.0	18.0
656.0	22.0
657.0	18.0
658.0	12.0
659.0	21.0
660.0	18.0
661.0	12.0
662.0	16.0
663.0	13.0
664.0	18.0
665.0	26.0
666.0	17.0
667.0	26.0
668.0	12.0
669.0	5.0
670.0	10.0
671.0	16.0
672.0	17.0
673.0	21.0
674.0	13.0
675.0	13.0
676.0	10.0
677.0	15.0
678.0	12.0
679.0	11.0
680.0	11.0
681.0	18.0
682.0	15.0
683.0	18.0
684.0	17.0
685.0	14.0
686.0	17.0
687.0	15.0
688.0	13.0
689.0	12.0
690.0	13.0
691.0	15.0
692.0	16.0
693.0	12.0
694.0	12.0
695.0	9.0
696.0	14.0
697.0	19.0
698.0	11.0
699.0	12.0
700.0	13.0
701.0	13.0
702.0	6.0
703.0	17.0
704.0	13.0
705.0	19.0
706.0	11.0
707.0	15.0
708.0	9.0
709.0	15.0
710.0	19.0
711.0	9.0
712.0	14.0
713.0	14.0
714.0	11.0
715.0	5.0
716.0	12.0
717.0	6.0
718.0	17.0
719.0	21.0
720.0	16.0
721.0	19.0
722.0	10.0
723.0	19.0
724.0	13.0
725.0	10.0
726.0	21.0
727.0	15.0
728.0	10.0
729.0	13.0
730.0	13.0
731.0	9.0
732.0	10.0
733.0	12.0
734.0	11.0
735.0	14.0
736.0	18.0
737.0	12.0
738.0	5.0
739.0	3.0
740.0	14.0
741.0	9.0
742.0	14.0
743.0	12.0
744.0	13.0
745.0	13.0
746.0	8.0
747.0	11.0
748.0	7.0
749.0	7.0
750.0	11.0
751.0	11.0
752.0	10.0
753.0	16.0
754.0	8.0
755.0	9.0
756.0	8.0
757.0	7.0
758.0	9.0
759.0	10.0
760.0	9.0
761.0	12.0
762.0	11.0
763.0	8.0
764.0	9.0
765.0	15.0
766.0	12.0
767.0	7.0
768.0	10.0
769.0	16.0
770.0	11.0
771.0	6.0
772.0	11.0
773.0	15.0
774.0	13.0
775.0	12.0
776.0	10.0
777.0	14.0
778.0	14.0
779.0	7.0
780.0	8.0
781.0	9.0
782.0	7.0
783.0	5.0
784.0	2.0
785.0	11.0
786.0	8.0
787.0	12.0
788.0	4.0
789.0	8.0
790.0	9.0
791.0	15.0
792.0	5.0
793.0	7.0
794.0	8.0
795.0	5.0
796.0	10.0
797.0	12.0
798.0	11.0
799.0	10.0
800.0	10.0
801.0	7.0
802.0	12.0
803.0	10.0
804.0	10.0
805.0	10.0
806.0	15.0
807.0	12.0
808.0	7.0
809.0	11.0
810.0	12.0
811.0	10.0
812.0	8.0
813.0	12.0
814.0	5.0
815.0	9.0
816.0	8.0
817.0	8.0
818.0	12.0
819.0	8.0
820.0	11.0
821.0	7.0
822.0	11.0
823.0	6.0
824.0	10.0
825.0	3.0
826.0	9.0
827.0	12.0
828.0	9.0
829.0	8.0
830.0	10.0
831.0	9.0
832.0	10.0
833.0	9.0
834.0	7.0
835.0	11.0
836.0	9.0
837.0	6.0
838.0	10.0
839.0	12.0
840.0	10.0
841.0	8.0
842.0	5.0
843.0	10.0
844.0	8.0
845.0	11.0
846.0	7.0
847.0	8.0
848.0	10.0
849.0	4.0
850.0	7.0
851.0	12.0
852.0	5.0
853.0	8.0
854.0	9.0
855.0	9.0
856.0	10.0
857.0	9.0
858.0	8.0
859.0	9.0
860.0	5.0
861.0	8.0
862.0	6.0
863.0	3.0
864.0	7.0
865.0	10.0
866.0	8.0
867.0	9.0
868.0	9.0
869.0	5.0
870.0	7.0
871.0	8.0
872.0	7.0
873.0	3.0
874.0	14.0
875.0	7.0
876.0	7.0
877.0	12.0
878.0	7.0
879.0	14.0
880.0	5.0
881.0	10.0
882.0	9.0
883.0	10.0
884.0	8.0
885.0	6.0
886.0	3.0
887.0	15.0
888.0	8.0
889.0	3.0
890.0	1.0
891.0	4.0
892.0	10.0
893.0	6.0
894.0	5.0
895.0	10.0
896.0	7.0
897.0	3.0
898.0	5.0
899.0	6.0
900.0	5.0
901.0	2.0
902.0	4.0
903.0	11.0
904.0	4.0
905.0	1.0
906.0	5.0
907.0	7.0
908.0	2.0
909.0	4.0
910.0	6.0
911.0	6.0
912.0	10.0
913.0	5.0
914.0	7.0
915.0	4.0
916.0	7.0
917.0	4.0
918.0	3.0
919.0	9.0
920.0	2.0
921.0	5.0
922.0	4.0
923.0	4.0
924.0	6.0
925.0	4.0
926.0	6.0
927.0	4.0
928.0	5.0
929.0	3.0
930.0	7.0
931.0	4.0
932.0	3.0
933.0	3.0
934.0	5.0
935.0	2.0
936.0	3.0
937.0	2.0
938.0	11.0
939.0	6.0
940.0	6.0
941.0	4.0
942.0	7.0
943.0	6.0
944.0	9.0
945.0	7.0
946.0	7.0
947.0	4.0
948.0	5.0
949.0	3.0
950.0	7.0
951.0	3.0
952.0	4.0
953.0	7.0
954.0	4.0
955.0	6.0
956.0	1.0
957.0	7.0
958.0	4.0
959.0	5.0
960.0	3.0
961.0	3.0
962.0	3.0
963.0	4.0
964.0	7.0
965.0	5.0
966.0	4.0
967.0	4.0
968.0	6.0
969.0	6.0
970.0	3.0
971.0	4.0
972.0	7.0
973.0	3.0
974.0	3.0
975.0	10.0
976.0	8.0
978.0	7.0
979.0	4.0
980.0	3.0
981.0	4.0
982.0	10.0
983.0	11.0
984.0	7.0
985.0	4.0
986.0	2.0
987.0	5.0
988.0	8.0
989.0	4.0
990.0	6.0
991.0	6.0
992.0	4.0
993.0	4.0
994.0	7.0
995.0	1.0
996.0	4.0
997.0	8.0
998.0	5.0
999.0	4.0
1000.0	3.0
1001.0	9.0
1002.0	8.0
1003.0	1.0
1004.0	2.0
1005.0	4.0
1006.0	4.0
1007.0	4.0
1008.0	3.0
1009.0	1.0
1010.0	8.0
1011.0	5.0
1012.0	4.0
1013.0	7.0
1014.0	4.0
1015.0	5.0
1016.0	6.0
1017.0	11.0
1018.0	7.0
1019.0	6.0
1020.0	6.0
1021.0	5.0
1022.0	7.0
1023.0	5.0
1024.0	2.0
1025.0	5.0
1026.0	6.0
1027.0	2.0
1028.0	6.0
1029.0	2.0
1030.0	5.0
1031.0	5.0
1032.0	2.0
1033.0	3.0
1034.0	3.0
1035.0	3.0
1036.0	4.0
1037.0	4.0
1038.0	5.0
1039.0	5.0
1040.0	6.0
1042.0	7.0
1043.0	4.0
1044.0	9.0
1045.0	3.0
1046.0	1.0
1047.0	3.0
1048.0	6.0
1049.0	6.0
1050.0	9.0
1051.0	3.0
1052.0	3.0
1053.0	2.0
1054.0	4.0
1055.0	5.0
1056.0	3.0
1057.0	4.0
1058.0	7.0
1059.0	2.0
1060.0	1.0
1061.0	3.0
1062.0	6.0
1063.0	5.0
1064.0	7.0
1065.0	3.0
1066.0	6.0
1067.0	4.0
1068.0	5.0
1069.0	4.0
1070.0	2.0
1071.0	6.0
1072.0	3.0
1073.0	7.0
1074.0	4.0
1075.0	2.0
1076.0	6.0
1077.0	4.0
1078.0	2.0
1079.0	3.0
1080.0	4.0
1081.0	1.0
1082.0	5.0
1083.0	4.0
1084.0	4.0
1085.0	6.0
1086.0	6.0
1087.0	3.0
1088.0	3.0
1089.0	2.0
1090.0	4.0
1091.0	2.0
1092.0	6.0
1093.0	2.0
1094.0	2.0
1095.0	2.0
1096.0	2.0
1097.0	4.0
1098.0	5.0
1099.0	2.0
1100.0	2.0
1101.0	6.0
1102.0	6.0
1103.0	3.0
1104.0	10.0
1105.0	8.0
1106.0	5.0
1107.0	5.0
1108.0	1.0
1109.0	5.0
1110.0	6.0
1111.0	4.0
1112.0	1.0
1113.0	12.0
1114.0	3.0
1115.0	5.0
1116.0	4.0
1117.0	3.0
1118.0	5.0
1119.0	4.0
1120.0	4.0
1121.0	6.0
1122.0	3.0
1123.0	6.0
1124.0	4.0
1125.0	7.0
1126.0	4.0
1127.0	5.0
1128.0	6.0
1129.0	4.0
1130.0	2.0
1131.0	2.0
1132.0	5.0
1133.0	5.0
1134.0	3.0
1135.0	5.0
1136.0	7.0
1137.0	1.0
1138.0	5.0
1139.0	3.0
1140.0	6.0
1141.0	5.0
1142.0	4.0
1143.0	5.0
1144.0	5.0
1145.0	3.0
1146.0	5.0
1147.0	3.0
1148.0	2.0
1149.0	4.0
1150.0	4.0
1151.0	4.0
1152.0	4.0
1153.0	1.0
1154.0	7.0
1155.0	2.0
1156.0	5.0
1157.0	4.0
1158.0	4.0
1159.0	3.0
1160.0	1.0
1161.0	5.0
1162.0	9.0
1163.0	3.0
1164.0	6.0
1165.0	4.0
1166.0	4.0
1167.0	1.0
1168.0	4.0
1169.0	2.0
1170.0	6.0
1171.0	2.0
1172.0	2.0
1173.0	2.0
1174.0	3.0
1175.0	3.0
1176.0	2.0
1177.0	4.0
1178.0	2.0
1179.0	7.0
1180.0	1.0
1181.0	3.0
1182.0	5.0
1183.0	4.0
1184.0	5.0
1185.0	2.0
1186.0	4.0
1187.0	2.0
1188.0	2.0
1189.0	5.0
1190.0	2.0
1191.0	4.0
1192.0	6.0
1193.0	3.0
1194.0	4.0
1195.0	25.0
1196.0	4.0
1197.0	3.0
1198.0	2.0
1199.0	4.0
1200.0	3.0
1201.0	3.0
1202.0	4.0
1203.0	3.0
1204.0	2.0
1205.0	9.0
1206.0	4.0
1207.0	6.0
1208.0	3.0
1210.0	4.0
1211.0	1.0
1212.0	2.0
1213.0	4.0
1214.0	5.0
1215.0	4.0
1216.0	2.0
1217.0	3.0
1218.0	3.0
1219.0	1.0
1220.0	5.0
1221.0	3.0
1222.0	2.0
1223.0	4.0
1224.0	6.0
1225.0	4.0
1226.0	1.0
1227.0	2.0
1228.0	3.0
1229.0	3.0
1230.0	6.0
1231.0	1.0
1232.0	2.0
1233.0	3.0
1234.0	7.0
1235.0	4.0
1236.0	3.0
1237.0	2.0
1238.0	5.0
1239.0	2.0
1240.0	5.0
1241.0	5.0
1242.0	4.0
1243.0	2.0
1244.0	7.0
1245.0	10.0
1246.0	4.0
1247.0	3.0
1248.0	5.0
1249.0	2.0
1250.0	1.0
1251.0	5.0
1252.0	6.0
1253.0	1.0
1254.0	6.0
1255.0	5.0
1256.0	4.0
1257.0	2.0
1258.0	3.0
1259.0	3.0
1260.0	4.0
1261.0	2.0
1262.0	3.0
1263.0	5.0
1264.0	3.0
1265.0	3.0
1266.0	3.0
1267.0	3.0
1268.0	3.0
1269.0	3.0
1270.0	5.0
1271.0	5.0
1272.0	4.0
1273.0	6.0
1274.0	10.0
1275.0	21.0
1276.0	6.0
1277.0	4.0
1278.0	4.0
1279.0	6.0
1280.0	1.0
1281.0	4.0
1282.0	7.0
1283.0	6.0
1284.0	3.0
1285.0	23.0
1286.0	5.0
1287.0	4.0
1288.0	6.0
1289.0	8.0
1290.0	4.0
1291.0	9.0
1292.0	2.0
1293.0	2.0
1294.0	3.0
1295.0	4.0
1296.0	5.0
1297.0	6.0
1298.0	2.0
1299.0	2.0
1300.0	6.0
1302.0	2.0
1303.0	4.0
1304.0	5.0
1306.0	7.0
1307.0	2.0
1308.0	1.0
1309.0	1.0
1310.0	2.0
1312.0	4.0
1313.0	4.0
1314.0	5.0
1315.0	3.0
1316.0	3.0
1317.0	3.0
1318.0	3.0
1319.0	3.0
1320.0	2.0
1321.0	3.0
1322.0	2.0
1323.0	3.0
1324.0	3.0
1325.0	3.0
1326.0	2.0
1327.0	2.0
1328.0	2.0
1329.0	4.0
1330.0	2.0
1331.0	1.0
1332.0	5.0
1333.0	2.0
1334.0	3.0
1335.0	3.0
1336.0	1.0
1337.0	5.0
1338.0	2.0
1339.0	2.0
1340.0	3.0
1341.0	3.0
1342.0	1.0
1343.0	5.0
1344.0	5.0
1345.0	3.0
1346.0	9.0
1347.0	2.0
1348.0	3.0
1349.0	3.0
1350.0	2.0
1352.0	3.0
1353.0	4.0
1354.0	7.0
1355.0	2.0
1356.0	4.0
1357.0	4.0
1358.0	4.0
1359.0	5.0
1361.0	1.0
1362.0	4.0
1363.0	5.0
1364.0	1.0
1365.0	4.0
1366.0	3.0
1367.0	5.0
1368.0	4.0
1369.0	4.0
1370.0	2.0
1371.0	3.0
1372.0	4.0
1373.0	4.0
1374.0	2.0
1376.0	1.0
1377.0	2.0
1378.0	6.0
1379.0	2.0
1380.0	5.0
1381.0	3.0
1382.0	4.0
1383.0	3.0
1385.0	1.0
1386.0	1.0
1387.0	1.0
1388.0	1.0
1389.0	4.0
1390.0	2.0
1391.0	1.0
1392.0	6.0
1393.0	2.0
1394.0	6.0
1395.0	1.0
1396.0	4.0
1397.0	2.0
1398.0	3.0
1399.0	2.0
1400.0	2.0
1402.0	6.0
1403.0	2.0
1404.0	5.0
1405.0	5.0
1406.0	3.0
1407.0	6.0
1408.0	2.0
1409.0	1.0
1410.0	4.0
1411.0	2.0
1412.0	4.0
1413.0	6.0
1414.0	2.0
1416.0	3.0
1417.0	4.0
1418.0	3.0
1419.0	5.0
1420.0	1.0
1421.0	3.0
1422.0	5.0
1423.0	3.0
1424.0	3.0
1425.0	2.0
1426.0	1.0
1427.0	2.0
1428.0	3.0
1429.0	3.0
1430.0	6.0
1431.0	4.0
1432.0	3.0
1433.0	3.0
1434.0	4.0
1435.0	5.0
1436.0	1.0
1437.0	1.0
1438.0	2.0
1439.0	1.0
1440.0	2.0
1441.0	2.0
1442.0	3.0
1444.0	3.0
1445.0	1.0
1446.0	4.0
1448.0	4.0
1449.0	4.0
1450.0	2.0
1451.0	2.0
1452.0	3.0
1453.0	5.0
1454.0	5.0
1455.0	4.0
1456.0	5.0
1457.0	5.0
1458.0	3.0
1459.0	3.0
1460.0	2.0
1461.0	4.0
1462.0	2.0
1463.0	1.0
1464.0	5.0
1465.0	3.0
1466.0	8.0
1467.0	2.0
1468.0	1.0
1469.0	2.0
1470.0	4.0
1471.0	3.0
1473.0	2.0
1474.0	2.0
1475.0	2.0
1476.0	2.0
1477.0	4.0
1478.0	4.0
1479.0	2.0
1480.0	4.0
1481.0	1.0
1482.0	3.0
1483.0	4.0
1484.0	6.0
1486.0	2.0
1488.0	2.0
1489.0	2.0
1490.0	1.0
1491.0	1.0
1492.0	2.0
1493.0	5.0
1494.0	1.0
1495.0	5.0
1496.0	2.0
1497.0	3.0
1498.0	4.0
1499.0	2.0
1500.0	3.0
1501.0	3.0
1502.0	4.0
1503.0	5.0
1504.0	2.0
1505.0	8.0
1506.0	4.0
1507.0	3.0
1508.0	5.0
1509.0	2.0
1510.0	3.0
1511.0	5.0
1512.0	4.0
1513.0	1.0
1514.0	3.0
1515.0	2.0
1516.0	3.0
1517.0	4.0
1518.0	2.0
1519.0	3.0
1520.0	3.0
1521.0	1.0
1522.0	2.0
1523.0	4.0
1524.0	2.0
1525.0	3.0
1527.0	1.0
1530.0	4.0
1531.0	1.0
1532.0	4.0
1533.0	5.0
1534.0	3.0
1535.0	2.0
1536.0	2.0
1538.0	2.0
1539.0	6.0
1540.0	3.0
1541.0	3.0
1542.0	3.0
1543.0	2.0
1544.0	3.0
1545.0	6.0
1546.0	8.0
1547.0	5.0
1548.0	5.0
1549.0	3.0
1550.0	3.0
1551.0	5.0
1552.0	6.0
1553.0	3.0
1554.0	5.0
1555.0	6.0
1557.0	7.0
1558.0	4.0
1559.0	6.0
1560.0	9.0
1561.0	20.0
1562.0	2.0
1563.0	2.0
1564.0	1.0
1565.0	4.0
1566.0	2.0
1567.0	3.0
1568.0	1.0
1570.0	3.0
1571.0	5.0
1572.0	3.0
1573.0	1.0
1574.0	1.0
1575.0	1.0
1577.0	2.0
1578.0	4.0
1579.0	3.0
1580.0	2.0
1581.0	1.0
1582.0	2.0
1583.0	1.0
1584.0	1.0
1585.0	2.0
1587.0	1.0
1590.0	3.0
1591.0	1.0
1592.0	4.0
1593.0	4.0
1594.0	1.0
1595.0	2.0
1596.0	2.0
1597.0	1.0
1598.0	1.0
1599.0	2.0
1601.0	2.0
1602.0	3.0
1604.0	1.0
1605.0	2.0
1606.0	1.0
1608.0	2.0
1609.0	1.0
1610.0	3.0
1611.0	3.0
1612.0	2.0
1613.0	2.0
1614.0	4.0
1616.0	1.0
1617.0	1.0
1618.0	1.0
1620.0	3.0
1621.0	3.0
1624.0	2.0
1625.0	1.0
1626.0	2.0
1627.0	2.0
1628.0	2.0
1629.0	2.0
1630.0	3.0
1631.0	2.0
1632.0	5.0
1633.0	2.0
1634.0	3.0
1635.0	1.0
1636.0	2.0
1638.0	2.0
1639.0	3.0
1640.0	4.0
1641.0	2.0
1643.0	2.0
1645.0	2.0
1646.0	1.0
1647.0	1.0
1648.0	2.0
1649.0	1.0
1650.0	2.0
1651.0	1.0
1652.0	2.0
1653.0	1.0
1654.0	2.0
1655.0	3.0
1657.0	2.0
1658.0	3.0
1659.0	5.0
1660.0	3.0
1661.0	4.0
1662.0	1.0
1663.0	2.0
1664.0	7.0
1666.0	2.0
1667.0	1.0
1669.0	3.0
1670.0	4.0
1671.0	3.0
1672.0	2.0
1673.0	3.0
1674.0	4.0
1675.0	1.0
1676.0	1.0
1677.0	3.0
1678.0	4.0
1679.0	5.0
1680.0	3.0
1681.0	2.0
1682.0	1.0
1683.0	1.0
1684.0	3.0
1685.0	4.0
1686.0	1.0
1687.0	3.0
1688.0	2.0
1689.0	4.0
1690.0	4.0
1691.0	1.0
1692.0	3.0
1693.0	1.0
1694.0	1.0
1695.0	1.0
1696.0	1.0
1697.0	1.0
1698.0	1.0
1699.0	2.0
1700.0	2.0
1701.0	1.0
1702.0	2.0
1704.0	2.0
1706.0	1.0
1707.0	3.0
1708.0	3.0
1709.0	1.0
1710.0	2.0
1711.0	3.0
1712.0	2.0
1713.0	1.0
1715.0	1.0
1716.0	4.0
1717.0	2.0
1718.0	4.0
1719.0	2.0
1720.0	1.0
1721.0	4.0
1724.0	1.0
1725.0	5.0
1728.0	2.0
1729.0	3.0
1731.0	1.0
1732.0	2.0
1734.0	1.0
1735.0	1.0
1736.0	1.0
1737.0	1.0
1738.0	1.0
1739.0	2.0
1740.0	2.0
1744.0	1.0
1746.0	1.0
1747.0	3.0
1750.0	2.0
1752.0	1.0
1753.0	3.0
1754.0	2.0
1756.0	1.0
1758.0	2.0
1759.0	1.0
1760.0	2.0
1762.0	1.0
1763.0	3.0
1764.0	1.0
1765.0	3.0
1767.0	1.0
1768.0	1.0
1770.0	3.0
1772.0	1.0
1773.0	1.0
1774.0	1.0
1775.0	2.0
1777.0	2.0
1779.0	1.0
1781.0	2.0
1782.0	2.0
1783.0	1.0
1785.0	1.0
1788.0	5.0
1789.0	1.0
1790.0	3.0
1791.0	2.0
1792.0	1.0
1793.0	1.0
1794.0	1.0
1796.0	2.0
1797.0	4.0
1798.0	3.0
1799.0	2.0
1800.0	1.0
1802.0	1.0
1803.0	2.0
1804.0	2.0
1805.0	3.0
1806.0	2.0
1807.0	2.0
1808.0	3.0
1810.0	1.0
1811.0	3.0
1812.0	1.0
1813.0	2.0
1814.0	2.0
1815.0	3.0
1816.0	1.0
1818.0	2.0
1820.0	2.0
1821.0	3.0
1822.0	2.0
1823.0	1.0
1824.0	1.0
1825.0	2.0
1826.0	1.0
1827.0	3.0
1829.0	4.0
1831.0	1.0
1832.0	1.0
1833.0	1.0
1835.0	1.0
1836.0	1.0
1837.0	3.0
1838.0	1.0
1839.0	4.0
1841.0	3.0
1842.0	1.0
1843.0	2.0
1844.0	1.0
1846.0	1.0
1847.0	2.0
1849.0	1.0
1850.0	1.0
1852.0	3.0
1853.0	2.0
1854.0	3.0
1855.0	1.0
1856.0	2.0
1858.0	2.0
1860.0	2.0
1861.0	1.0
1862.0	3.0
1863.0	1.0
1864.0	1.0
1866.0	1.0
1867.0	2.0
1869.0	1.0
1870.0	1.0
1871.0	3.0
1872.0	1.0
1873.0	1.0
1874.0	2.0
1876.0	4.0
1878.0	4.0
1879.0	3.0
1880.0	3.0
1881.0	2.0
1882.0	3.0
1884.0	1.0
1885.0	2.0
1886.0	1.0
1887.0	2.0
1889.0	2.0
1891.0	2.0
1892.0	1.0
1893.0	2.0
1895.0	3.0
1896.0	2.0
1898.0	2.0
1900.0	3.0
1904.0	2.0
1905.0	2.0
1907.0	4.0
1908.0	1.0
1909.0	5.0
1910.0	5.0
1912.0	2.0
1913.0	1.0
1917.0	3.0
1919.0	1.0
1921.0	2.0
1922.0	1.0
1923.0	1.0
1924.0	5.0
1925.0	1.0
1926.0	1.0
1927.0	1.0
1928.0	4.0
1929.0	1.0
1930.0	1.0
1931.0	1.0
1933.0	1.0
1934.0	1.0
1935.0	1.0
1937.0	1.0
1938.0	1.0
1941.0	2.0
1942.0	2.0
1943.0	1.0
1944.0	2.0
1945.0	2.0
1946.0	2.0
1948.0	1.0
1949.0	4.0
1950.0	1.0
1951.0	2.0
1952.0	3.0
1954.0	3.0
1956.0	1.0
1957.0	1.0
1958.0	1.0
1959.0	4.0
1960.0	1.0
1961.0	1.0
1962.0	2.0
1963.0	1.0
1964.0	1.0
1965.0	1.0
1966.0	1.0
1967.0	2.0
1970.0	4.0
1971.0	2.0
1972.0	2.0
1973.0	1.0
1975.0	2.0
1976.0	2.0
1978.0	3.0
1979.0	1.0
1980.0	1.0
1981.0	1.0
1982.0	1.0
1984.0	1.0
1985.0	1.0
1987.0	2.0
1988.0	1.0
1989.0	3.0
1990.0	1.0
1991.0	1.0
1992.0	1.0
1994.0	4.0
1995.0	1.0
1996.0	1.0
1998.0	6.0
2000.0	1.0
2001.0	2.0
2002.0	2.0
2003.0	1.0
2004.0	1.0
2006.0	1.0
2007.0	1.0
2008.0	2.0
2010.0	3.0
2011.0	2.0
2012.0	1.0
2014.0	1.0
2015.0	4.0
2016.0	3.0
2017.0	1.0
2019.0	2.0
2020.0	1.0
2022.0	2.0
2025.0	3.0
2026.0	1.0
2027.0	4.0
2028.0	3.0
2030.0	2.0
2031.0	1.0
2032.0	1.0
2034.0	1.0
2035.0	2.0
2036.0	2.0
2037.0	3.0
2039.0	2.0
2040.0	2.0
2041.0	1.0
2043.0	1.0
2045.0	3.0
2047.0	2.0
2048.0	3.0
2049.0	1.0
2050.0	2.0
2051.0	1.0
2053.0	2.0
2055.0	2.0
2056.0	1.0
2057.0	1.0
2058.0	1.0
2060.0	2.0
2061.0	1.0
2062.0	1.0
2063.0	2.0
2064.0	2.0
2065.0	5.0
2066.0	3.0
2067.0	1.0
2069.0	1.0
2070.0	1.0
2072.0	5.0
2074.0	1.0
2075.0	3.0
2076.0	1.0
2078.0	2.0
2079.0	2.0
2080.0	1.0
2081.0	2.0
2082.0	2.0
2083.0	3.0
2084.0	1.0
2085.0	1.0
2088.0	2.0
2089.0	3.0
2090.0	2.0
2091.0	2.0
2093.0	1.0
2094.0	2.0
2095.0	1.0
2098.0	2.0
2099.0	1.0
2101.0	2.0
2102.0	3.0
2103.0	1.0
2106.0	1.0
2107.0	3.0
2108.0	1.0
2109.0	1.0
2110.0	1.0
2111.0	1.0
2112.0	2.0
2115.0	1.0
2116.0	2.0
2117.0	1.0
2119.0	2.0
2121.0	1.0
2122.0	1.0
2123.0	2.0
2125.0	2.0
2127.0	1.0
2128.0	4.0
2129.0	2.0
2130.0	1.0
2131.0	1.0
2132.0	1.0
2133.0	3.0
2134.0	2.0
2135.0	1.0
2136.0	3.0
2140.0	3.0
2142.0	3.0
2143.0	2.0
2144.0	1.0
2145.0	1.0
2146.0	1.0
2147.0	3.0
2148.0	1.0
2149.0	2.0
2150.0	1.0
2151.0	2.0
2152.0	1.0
2153.0	1.0
2154.0	1.0
2155.0	1.0
2156.0	4.0
2157.0	1.0
2158.0	2.0
2160.0	2.0
2162.0	1.0
2163.0	3.0
2164.0	5.0
2166.0	2.0
2167.0	2.0
2168.0	1.0
2170.0	4.0
2172.0	2.0
2173.0	2.0
2174.0	1.0
2176.0	1.0
2177.0	1.0
2179.0	1.0
2180.0	1.0
2181.0	1.0
2182.0	2.0
2183.0	2.0
2184.0	1.0
2185.0	1.0
2187.0	1.0
2188.0	1.0
2190.0	2.0
2197.0	3.0
2198.0	2.0
2199.0	2.0
2200.0	2.0
2201.0	2.0
2203.0	2.0
2205.0	1.0
2206.0	1.0
2207.0	2.0
2208.0	1.0
2209.0	1.0
2210.0	1.0
2211.0	2.0
2212.0	2.0
2213.0	2.0
2214.0	1.0
2217.0	1.0
2219.0	3.0
2221.0	1.0
2222.0	3.0
2223.0	2.0
2224.0	2.0
2225.0	1.0
2226.0	2.0
2227.0	1.0
2228.0	1.0
2229.0	3.0
2231.0	1.0
2233.0	1.0
2234.0	1.0
2235.0	1.0
2236.0	2.0
2237.0	1.0
2239.0	2.0
2240.0	1.0
2241.0	1.0
2242.0	3.0
2243.0	3.0
2244.0	4.0
2246.0	1.0
2247.0	4.0
2248.0	2.0
2249.0	2.0
2250.0	1.0
2251.0	2.0
2252.0	2.0
2254.0	6.0
2255.0	1.0
2257.0	1.0
2258.0	1.0
2259.0	4.0
2260.0	2.0
2261.0	2.0
2262.0	3.0
2265.0	1.0
2267.0	4.0
2268.0	2.0
2270.0	1.0
2271.0	2.0
2274.0	1.0
2275.0	1.0
2277.0	1.0
2278.0	4.0
2279.0	2.0
2280.0	2.0
2281.0	2.0
2282.0	1.0
2285.0	1.0
2286.0	1.0
2288.0	3.0
2289.0	1.0
2290.0	1.0
2292.0	3.0
2293.0	2.0
2294.0	1.0
2297.0	1.0
2299.0	1.0
2300.0	3.0
2301.0	1.0
2302.0	2.0
2303.0	1.0
2306.0	2.0
2307.0	2.0
2308.0	2.0
2310.0	1.0
2311.0	1.0
2312.0	3.0
2313.0	1.0
2316.0	2.0
2317.0	1.0
2318.0	2.0
2319.0	3.0
2320.0	1.0
2321.0	1.0
2323.0	2.0
2324.0	1.0
2325.0	2.0
2327.0	3.0
2330.0	1.0
2331.0	1.0
2332.0	1.0
2333.0	1.0
2334.0	1.0
2336.0	1.0
2338.0	1.0
2342.0	2.0
2345.0	1.0
2346.0	2.0
2349.0	1.0
2350.0	2.0
2353.0	3.0
2356.0	2.0
2359.0	2.0
2360.0	2.0
2361.0	1.0
2362.0	2.0
2367.0	1.0
2368.0	1.0
2370.0	1.0
2371.0	1.0
2372.0	1.0
2374.0	1.0
2376.0	1.0
2377.0	3.0
2380.0	2.0
2381.0	1.0
2382.0	2.0
2383.0	3.0
2385.0	1.0
2387.0	1.0
2388.0	1.0
2389.0	1.0
2391.0	2.0
2392.0	1.0
2393.0	1.0
2394.0	2.0
2395.0	3.0
2396.0	1.0
2401.0	1.0
2402.0	1.0
2404.0	1.0
2405.0	1.0
2406.0	2.0
2408.0	1.0
2409.0	2.0
2410.0	2.0
2411.0	1.0
2412.0	1.0
2413.0	2.0
2414.0	2.0
2415.0	4.0
2416.0	1.0
2418.0	1.0
2419.0	1.0
2420.0	2.0
2421.0	3.0
2422.0	3.0
2424.0	1.0
2426.0	1.0
2427.0	1.0
2428.0	3.0
2429.0	1.0
2430.0	3.0
2431.0	1.0
2432.0	1.0
2433.0	1.0
2434.0	2.0
2435.0	1.0
2436.0	1.0
2437.0	1.0
2439.0	1.0
2440.0	1.0
2443.0	1.0
2446.0	2.0
2447.0	3.0
2449.0	1.0
2450.0	1.0
2454.0	1.0
2455.0	1.0
2456.0	1.0
2458.0	2.0
2459.0	1.0
2460.0	1.0
2461.0	2.0
2462.0	1.0
2463.0	1.0
2464.0	2.0
2465.0	1.0
2466.0	1.0
2468.0	1.0
2471.0	1.0
2472.0	1.0
2473.0	1.0
2474.0	3.0
2475.0	3.0
2476.0	2.0
2477.0	6.0
2478.0	2.0
2480.0	3.0
2481.0	2.0
2483.0	1.0
2484.0	3.0
2485.0	1.0
2486.0	2.0
2490.0	3.0
2491.0	2.0
2494.0	2.0
2496.0	1.0
2499.0	3.0
2501.0	2.0
2502.0	4.0
2503.0	1.0
2504.0	2.0
2506.0	1.0
2507.0	1.0
2508.0	5.0
2509.0	1.0
2510.0	1.0
2512.0	3.0
2513.0	1.0
2515.0	2.0
2516.0	1.0
2517.0	3.0
2518.0	1.0
2519.0	1.0
2520.0	1.0
2522.0	1.0
2523.0	1.0
2524.0	2.0
2531.0	1.0
2532.0	2.0
2533.0	1.0
2535.0	1.0
2537.0	1.0
2539.0	3.0
2540.0	1.0
2541.0	2.0
2542.0	2.0
2543.0	2.0
2548.0	1.0
2549.0	3.0
2550.0	1.0
2551.0	2.0
2552.0	1.0
2553.0	1.0
2554.0	3.0
2555.0	2.0
2556.0	1.0
2557.0	3.0
2558.0	3.0
2559.0	1.0
2562.0	1.0
2563.0	1.0
2564.0	1.0
2566.0	2.0
2567.0	3.0
2568.0	1.0
2569.0	2.0
2571.0	2.0
2572.0	1.0
2573.0	2.0
2575.0	3.0
2577.0	2.0
2578.0	1.0
2579.0	1.0
2581.0	2.0
2586.0	1.0
2589.0	1.0
2590.0	2.0
2592.0	1.0
2593.0	2.0
2594.0	2.0
2596.0	1.0
2597.0	1.0
2601.0	1.0
2602.0	4.0
2605.0	1.0
2606.0	2.0
2608.0	2.0
2609.0	2.0
2611.0	4.0
2612.0	2.0
2614.0	1.0
2615.0	2.0
2617.0	2.0
2618.0	1.0
2620.0	3.0
2622.0	2.0
2624.0	1.0
2625.0	1.0
2629.0	1.0
2632.0	2.0
2636.0	4.0
2637.0	2.0
2638.0	1.0
2639.0	1.0
2640.0	1.0
2642.0	2.0
2643.0	1.0
2644.0	1.0
2646.0	1.0
2647.0	2.0
2648.0	1.0
2649.0	2.0
2650.0	1.0
2651.0	1.0
2652.0	1.0
2653.0	1.0
2654.0	1.0
2656.0	2.0
2657.0	1.0
2658.0	1.0
2660.0	2.0
2661.0	1.0
2666.0	1.0
2667.0	3.0
2668.0	1.0
2670.0	1.0
2671.0	3.0
2672.0	1.0
2673.0	2.0
2674.0	2.0
2675.0	2.0
2677.0	2.0
2679.0	2.0
2680.0	2.0
2681.0	3.0
2682.0	1.0
2683.0	1.0
2684.0	1.0
2685.0	1.0
2686.0	1.0
2687.0	1.0
2689.0	4.0
2691.0	1.0
2692.0	3.0
2694.0	1.0
2695.0	3.0
2697.0	1.0
2698.0	1.0
2700.0	4.0
2701.0	1.0
2703.0	1.0
2705.0	4.0
2708.0	1.0
2710.0	1.0
2711.0	1.0
2712.0	1.0
2714.0	1.0
2715.0	3.0
2716.0	1.0
2718.0	1.0
2719.0	1.0
2720.0	1.0
2722.0	3.0
2723.0	1.0
2724.0	1.0
2729.0	1.0
2730.0	1.0
2731.0	1.0
2732.0	1.0
2733.0	2.0
2735.0	1.0
2736.0	1.0
2737.0	2.0
2738.0	2.0
2741.0	1.0
2743.0	1.0
2745.0	2.0
2746.0	3.0
2748.0	1.0
2751.0	1.0
2752.0	1.0
2754.0	1.0
2755.0	1.0
2756.0	1.0
2757.0	2.0
2758.0	2.0
2759.0	2.0
2762.0	1.0
2765.0	1.0
2766.0	3.0
2768.0	2.0
2769.0	1.0
2770.0	2.0
2772.0	2.0
2773.0	1.0
2775.0	1.0
2776.0	1.0
2777.0	1.0
2778.0	2.0
2782.0	1.0
2785.0	2.0
2789.0	1.0
2790.0	1.0
2791.0	2.0
2792.0	2.0
2793.0	1.0
2794.0	1.0
2795.0	1.0
2797.0	1.0
2799.0	1.0
2801.0	1.0
2806.0	2.0
2807.0	1.0
2810.0	2.0
2811.0	1.0
2812.0	2.0
2815.0	2.0
2817.0	1.0
2819.0	1.0
2823.0	2.0
2824.0	2.0
2825.0	1.0
2826.0	1.0
2829.0	1.0
2830.0	1.0
2831.0	4.0
2833.0	1.0
2835.0	1.0
2838.0	2.0
2840.0	1.0
2841.0	1.0
2843.0	1.0
2844.0	1.0
2846.0	1.0
2848.0	1.0
2849.0	1.0
2850.0	1.0
2851.0	2.0
2853.0	1.0
2854.0	1.0
2855.0	2.0
2856.0	1.0
2857.0	1.0
2858.0	2.0
2859.0	1.0
2862.0	1.0
2863.0	1.0
2864.0	3.0
2865.0	1.0
2867.0	1.0
2871.0	1.0
2873.0	1.0
2876.0	2.0
2877.0	2.0
2878.0	2.0
2880.0	1.0
2881.0	1.0
2883.0	1.0
2884.0	1.0
2886.0	1.0
2887.0	1.0
2888.0	1.0
2889.0	1.0
2890.0	2.0
2894.0	1.0
2895.0	1.0
2897.0	3.0
2899.0	1.0
2901.0	1.0
2902.0	2.0
2903.0	1.0
2904.0	1.0
2905.0	2.0
2908.0	2.0
2909.0	1.0
2910.0	2.0
2911.0	1.0
2912.0	1.0
2913.0	1.0
2914.0	2.0
2915.0	1.0
2918.0	1.0
2919.0	1.0
2920.0	1.0
2921.0	1.0
2923.0	2.0
2926.0	1.0
2927.0	1.0
2929.0	1.0
2931.0	1.0
2932.0	2.0
2933.0	1.0
2934.0	1.0
2937.0	1.0
2939.0	1.0
2940.0	1.0
2942.0	1.0
2944.0	1.0
2948.0	2.0
2949.0	1.0
2951.0	1.0
2954.0	1.0
2955.0	2.0
2956.0	1.0
2957.0	1.0
2959.0	1.0
2962.0	1.0
2963.0	1.0
2964.0	1.0
2966.0	2.0
2967.0	1.0
2970.0	2.0
2972.0	2.0
2974.0	1.0
2975.0	1.0
2977.0	1.0
2981.0	2.0
2982.0	1.0
2984.0	1.0
2986.0	1.0
2988.0	1.0
2989.0	1.0
2990.0	1.0
2992.0	1.0
2993.0	1.0
2994.0	1.0
2995.0	1.0
2996.0	1.0
2997.0	2.0
2998.0	3.0
2999.0	2.0
3002.0	2.0
3003.0	2.0
3004.0	2.0
3005.0	1.0
3006.0	4.0
3008.0	2.0
3009.0	2.0
3010.0	2.0
3011.0	2.0
3013.0	1.0
3014.0	1.0
3015.0	1.0
3016.0	1.0
3021.0	1.0
3024.0	1.0
3025.0	1.0
3027.0	1.0
3028.0	1.0
3030.0	1.0
3031.0	1.0
3032.0	3.0
3033.0	2.0
3036.0	3.0
3037.0	1.0
3039.0	1.0
3040.0	1.0
3042.0	1.0
3043.0	1.0
3045.0	2.0
3046.0	1.0
3047.0	3.0
3052.0	1.0
3053.0	1.0
3054.0	2.0
3058.0	1.0
3059.0	1.0
3060.0	1.0
3063.0	1.0
3064.0	1.0
3067.0	1.0
3068.0	1.0
3076.0	1.0
3079.0	3.0
3080.0	1.0
3081.0	1.0
3082.0	1.0
3083.0	1.0
3084.0	1.0
3089.0	1.0
3093.0	1.0
3094.0	2.0
3095.0	3.0
3099.0	2.0
3100.0	1.0
3102.0	2.0
3103.0	1.0
3104.0	1.0
3111.0	1.0
3113.0	4.0
3116.0	1.0
3117.0	1.0
3118.0	1.0
3119.0	1.0
3124.0	1.0
3125.0	1.0
3127.0	1.0
3128.0	2.0
3129.0	1.0
3131.0	1.0
3133.0	1.0
3134.0	3.0
3136.0	1.0
3138.0	1.0
3139.0	2.0
3140.0	1.0
3141.0	1.0
3142.0	1.0
3143.0	2.0
3144.0	1.0
3146.0	1.0
3147.0	1.0
3149.0	1.0
3150.0	3.0
3152.0	1.0
3153.0	1.0
3156.0	1.0
3158.0	1.0
3159.0	1.0
3160.0	1.0
3161.0	2.0
3163.0	2.0
3165.0	3.0
3166.0	1.0
3168.0	1.0
3169.0	1.0
3170.0	1.0
3172.0	1.0
3179.0	1.0
3181.0	1.0
3184.0	1.0
3185.0	2.0
3186.0	1.0
3188.0	1.0
3190.0	1.0
3192.0	2.0
3193.0	1.0
3194.0	1.0
3196.0	5.0
3197.0	1.0
3200.0	2.0
3203.0	1.0
3205.0	2.0
3209.0	1.0
3212.0	1.0
3213.0	1.0
3214.0	1.0
3218.0	2.0
3219.0	1.0
3220.0	2.0
3221.0	1.0
3223.0	1.0
3225.0	1.0
3232.0	1.0
3233.0	1.0
3234.0	2.0
3236.0	2.0
3239.0	1.0
3240.0	1.0
3243.0	1.0
3251.0	1.0
3253.0	1.0
3257.0	1.0
3258.0	1.0
3259.0	1.0
3260.0	1.0
3261.0	1.0
3262.0	2.0
3263.0	1.0
3264.0	1.0
3265.0	2.0
3266.0	1.0
3267.0	3.0
3268.0	2.0
3269.0	1.0
3270.0	1.0
3272.0	2.0
3274.0	1.0
3275.0	1.0
3276.0	1.0
3277.0	2.0
3280.0	1.0
3288.0	1.0
3290.0	1.0
3291.0	1.0
3296.0	1.0
3297.0	1.0
3298.0	1.0
3299.0	2.0
3300.0	3.0
3301.0	2.0
3306.0	3.0
3313.0	2.0
3314.0	1.0
3315.0	2.0
3318.0	1.0
3319.0	1.0
3324.0	1.0
3325.0	1.0
3326.0	1.0
3331.0	3.0
3336.0	2.0
3339.0	1.0
3342.0	1.0
3343.0	1.0
3346.0	1.0
3347.0	1.0
3348.0	1.0
3352.0	2.0
3356.0	1.0
3360.0	1.0
3363.0	1.0
3364.0	2.0
3365.0	1.0
3367.0	1.0
3368.0	3.0
3369.0	1.0
3370.0	2.0
3374.0	1.0
3375.0	1.0
3379.0	1.0
3381.0	1.0
3382.0	4.0
3383.0	1.0
3384.0	1.0
3386.0	1.0
3387.0	1.0
3390.0	1.0
3391.0	1.0
3395.0	1.0
3396.0	2.0
3397.0	1.0
3398.0	1.0
3400.0	1.0
3401.0	2.0
3402.0	2.0
3403.0	1.0
3404.0	2.0
3405.0	2.0
3406.0	1.0
3407.0	1.0
3410.0	2.0
3411.0	1.0
3413.0	1.0
3414.0	1.0
3418.0	3.0
3420.0	4.0
3422.0	1.0
3423.0	1.0
3424.0	2.0
3425.0	2.0
3426.0	1.0
3427.0	1.0
3429.0	1.0
3430.0	2.0
3431.0	1.0
3432.0	1.0
3434.0	1.0
3436.0	3.0
3437.0	2.0
3438.0	1.0
3440.0	1.0
3441.0	1.0
3445.0	2.0
3447.0	1.0
3448.0	1.0
3450.0	2.0
3454.0	2.0
3455.0	1.0
3457.0	1.0
3460.0	2.0
3462.0	1.0
3463.0	1.0
3465.0	2.0
3467.0	2.0
3469.0	1.0
3470.0	3.0
3471.0	1.0
3472.0	1.0
3475.0	1.0
3478.0	1.0
3480.0	2.0
3482.0	1.0
3485.0	1.0
3487.0	1.0
3491.0	1.0
3492.0	1.0
3493.0	1.0
3496.0	1.0
3497.0	1.0
3501.0	1.0
3503.0	3.0
3504.0	1.0
3505.0	1.0
3507.0	1.0
3510.0	2.0
3513.0	3.0
3514.0	1.0
3525.0	1.0
3528.0	3.0
3530.0	1.0
3534.0	1.0
3535.0	1.0
3538.0	2.0
3543.0	2.0
3545.0	1.0
3546.0	1.0
3548.0	1.0
3551.0	1.0
3552.0	1.0
3553.0	1.0
3556.0	1.0
3557.0	1.0
3561.0	1.0
3563.0	1.0
3568.0	1.0
3569.0	1.0
3570.0	3.0
3575.0	1.0
3579.0	2.0
3581.0	1.0
3582.0	2.0
3594.0	3.0
3601.0	1.0
3602.0	1.0
3604.0	1.0
3607.0	1.0
3608.0	1.0
3610.0	1.0
3611.0	1.0
3613.0	1.0
3614.0	1.0
3617.0	1.0
3619.0	1.0
3622.0	1.0
3625.0	1.0
3628.0	1.0
3632.0	1.0
3640.0	1.0
3643.0	1.0
3645.0	1.0
3652.0	2.0
3655.0	1.0
3656.0	1.0
3661.0	1.0
3664.0	1.0
3666.0	1.0
3670.0	1.0
3674.0	1.0
3675.0	1.0
3677.0	1.0
3679.0	1.0
3684.0	2.0
3688.0	2.0
3692.0	1.0
3706.0	1.0
3707.0	1.0
3715.0	1.0
3716.0	4.0
3718.0	3.0
3719.0	9.0
3720.0	1.0
3722.0	3.0
3723.0	1.0
3726.0	1.0
3727.0	5.0
3728.0	3.0
3729.0	1.0
3733.0	1.0
3735.0	1.0
3741.0	1.0
3742.0	2.0
3744.0	1.0
3746.0	1.0
3748.0	1.0
3751.0	1.0
3755.0	1.0
3761.0	2.0
3763.0	1.0
3781.0	1.0
3783.0	1.0
3785.0	1.0
3789.0	1.0
3791.0	1.0
3794.0	1.0
3801.0	1.0
3802.0	2.0
3810.0	1.0
3813.0	2.0
3834.0	1.0
3842.0	1.0
3844.0	1.0
3848.0	1.0
3858.0	1.0
3859.0	1.0
3866.0	1.0
3875.0	2.0
3883.0	1.0
3885.0	1.0
3888.0	1.0
3890.0	1.0
3893.0	1.0
3896.0	3.0
3900.0	1.0
3902.0	1.0
3907.0	1.0
3909.0	1.0
3915.0	1.0
3916.0	2.0
3919.0	2.0
3924.0	1.0
3929.0	1.0
3934.0	2.0
3935.0	1.0
3936.0	1.0
3939.0	1.0
3940.0	1.0
3941.0	3.0
3945.0	1.0
3972.0	1.0
3975.0	2.0
3976.0	1.0
3978.0	1.0
3979.0	1.0
3982.0	1.0
3987.0	1.0
3996.0	1.0
3999.0	1.0
4005.0	1.0
4007.0	1.0
4010.0	1.0
4011.0	1.0
4014.0	1.0
4027.0	1.0
4032.0	2.0
4033.0	1.0
4039.0	1.0
4042.0	1.0
4049.0	1.0
4050.0	1.0
4057.0	1.0
4060.0	1.0
4068.0	1.0
4071.0	2.0
4076.0	1.0
4085.0	1.0
4091.0	1.0
4093.0	1.0
4096.0	1.0
4099.0	1.0
4101.0	1.0
4103.0	1.0
4110.0	1.0
4111.0	1.0
4114.0	1.0
4117.0	1.0
4119.0	1.0
4120.0	1.0
4128.0	1.0
4129.0	1.0
4135.0	1.0
4141.0	1.0
4146.0	1.0
4151.0	1.0
4155.0	1.0
4157.0	1.0
4168.0	1.0
4171.0	1.0
4172.0	1.0
4180.0	1.0
4183.0	1.0
4189.0	1.0
4192.0	1.0
4193.0	1.0
4199.0	2.0
4204.0	1.0
4205.0	1.0
4209.0	1.0
4210.0	1.0
4212.0	1.0
4214.0	1.0
4215.0	1.0
4216.0	1.0
4219.0	1.0
4228.0	2.0
4230.0	2.0
4231.0	1.0
4237.0	1.0
4241.0	1.0
4242.0	1.0
4245.0	1.0
4250.0	1.0
4253.0	1.0
4254.0	1.0
4259.0	1.0
4260.0	1.0
4263.0	1.0
4267.0	1.0
4278.0	1.0
4292.0	1.0
4302.0	1.0
4305.0	1.0
4331.0	1.0
4339.0	2.0
4346.0	1.0
4352.0	1.0
4353.0	1.0
4359.0	1.0
4361.0	1.0
4372.0	1.0
4380.0	1.0
4401.0	1.0
4411.0	1.0
4415.0	2.0
4441.0	1.0
4442.0	1.0
4454.0	3.0
4467.0	1.0
4470.0	1.0
4474.0	1.0
4483.0	1.0
4501.0	1.0
4516.0	1.0
4517.0	1.0
4518.0	1.0
4524.0	1.0
4527.0	1.0
4529.0	1.0
4538.0	1.0
4541.0	1.0
4543.0	1.0
4549.0	1.0
4560.0	1.0
4563.0	1.0
4564.0	1.0
4565.0	1.0
4573.0	2.0
4578.0	1.0
4579.0	1.0
4581.0	1.0
4590.0	2.0
4592.0	1.0
4595.0	1.0
4598.0	1.0
4601.0	2.0
4602.0	2.0
4604.0	1.0
4606.0	1.0
4607.0	2.0
4609.0	1.0
4610.0	1.0
4611.0	1.0
4616.0	1.0
4617.0	1.0
4618.0	1.0
4623.0	1.0
4628.0	1.0
4630.0	1.0
4632.0	1.0
4633.0	1.0
4635.0	1.0
4638.0	1.0
4641.0	1.0
4643.0	1.0
4652.0	1.0
4655.0	1.0
4657.0	1.0
4658.0	2.0
4661.0	1.0
4672.0	1.0
4674.0	1.0
4676.0	1.0
4681.0	1.0
4682.0	1.0
4690.0	1.0
4693.0	1.0
4705.0	1.0
4708.0	2.0
4710.0	1.0
4713.0	1.0
4717.0	2.0
4718.0	1.0
4722.0	1.0
4728.0	2.0
4729.0	1.0
4731.0	2.0
4733.0	2.0
4737.0	1.0
4741.0	1.0
4743.0	2.0
4747.0	1.0
4750.0	1.0
4751.0	1.0
4753.0	1.0
4763.0	1.0
4769.0	2.0
4774.0	1.0
4780.0	1.0
4784.0	1.0
4785.0	1.0
4786.0	1.0
4794.0	2.0
4803.0	1.0
4807.0	1.0
4817.0	1.0
4834.0	1.0
4841.0	1.0
4842.0	1.0
4847.0	1.0
4848.0	1.0
4862.0	1.0
4870.0	1.0
4874.0	1.0
4876.0	2.0
4878.0	1.0
4880.0	1.0
4881.0	1.0
4889.0	1.0
4898.0	1.0
4899.0	1.0
4902.0	1.0
4903.0	1.0
4909.0	1.0
4914.0	1.0
4926.0	1.0
4928.0	1.0
4930.0	1.0
4939.0	1.0
4940.0	2.0
4967.0	1.0
4973.0	2.0
4993.0	1.0
4999.0	1.0
5010.0	1.0
5014.0	2.0
5017.0	1.0
5019.0	1.0
5023.0	1.0
5027.0	1.0
5028.0	1.0
5039.0	1.0
5040.0	1.0
5041.0	1.0
5046.0	1.0
5063.0	1.0
5068.0	2.0
5071.0	2.0
5082.0	1.0
5090.0	1.0
5091.0	1.0
5094.0	1.0
5096.0	1.0
5098.0	1.0
5101.0	2.0
5102.0	1.0
5107.0	1.0
5108.0	1.0
5114.0	1.0
5117.0	2.0
5118.0	1.0
5121.0	1.0
5122.0	1.0
5123.0	1.0
5129.0	1.0
5145.0	1.0
5147.0	1.0
5152.0	1.0
5157.0	1.0
5160.0	1.0
5163.0	2.0
5168.0	1.0
5172.0	1.0
5177.0	2.0
5179.0	1.0
5185.0	1.0
5188.0	1.0
5192.0	1.0
5198.0	1.0
5200.0	1.0
5202.0	1.0
5203.0	1.0
5205.0	1.0
5208.0	2.0
5209.0	1.0
5213.0	1.0
5225.0	1.0
5226.0	1.0
5229.0	1.0
5231.0	1.0
5234.0	1.0
5236.0	1.0
5242.0	1.0
5246.0	2.0
5247.0	1.0
5257.0	1.0
5259.0	1.0
5263.0	1.0
5273.0	1.0
5288.0	1.0
5290.0	1.0
5292.0	1.0
5299.0	1.0
5307.0	1.0
5328.0	1.0
5329.0	1.0
5334.0	1.0
5343.0	1.0
5364.0	1.0
5371.0	1.0
5373.0	1.0
5379.0	1.0
5384.0	1.0
5390.0	1.0
5401.0	1.0
5418.0	2.0
5427.0	1.0
5431.0	1.0
5433.0	1.0
5434.0	1.0
5442.0	1.0
5445.0	1.0
5448.0	2.0
5450.0	4.0
5455.0	1.0
5462.0	1.0
5465.0	1.0
5481.0	1.0
5484.0	1.0
5486.0	1.0
5488.0	2.0
5494.0	1.0
5495.0	1.0
5502.0	1.0
5503.0	1.0
5504.0	1.0
5505.0	1.0
5507.0	1.0
5508.0	1.0
5524.0	1.0
5525.0	1.0
5530.0	1.0
5532.0	1.0
5534.0	1.0
5535.0	2.0
5539.0	1.0
5543.0	1.0
5550.0	2.0
5553.0	1.0
5554.0	1.0
5582.0	1.0
5597.0	1.0
5598.0	1.0
5603.0	1.0
5618.0	1.0
5625.0	1.0
5632.0	1.0
5640.0	1.0
5655.0	1.0
5665.0	1.0
5679.0	2.0
5686.0	2.0
5694.0	2.0
5697.0	2.0
5701.0	1.0
5705.0	1.0
5774.0	1.0
5799.0	1.0
5800.0	1.0
5802.0	1.0
5811.0	1.0
5818.0	1.0
5828.0	1.0
5832.0	1.0
5843.0	1.0
5844.0	1.0
5852.0	1.0
5853.0	1.0
5856.0	2.0
5857.0	1.0
5868.0	1.0
5894.0	1.0
5930.0	2.0
5932.0	1.0
5935.0	1.0
5979.0	2.0
5986.0	2.0
6009.0	1.0
6020.0	1.0
6021.0	1.0
6034.0	1.0
6041.0	1.0
6065.0	1.0
6073.0	1.0
6085.0	1.0
6092.0	1.0
6107.0	1.0
6131.0	1.0
6158.0	1.0
6159.0	1.0
6166.0	1.0
6194.0	1.0
6199.0	1.0
6203.0	1.0
6215.0	1.0
6220.0	1.0
6234.0	1.0
6236.0	1.0
6267.0	1.0
6268.0	1.0
6294.0	1.0
6334.0	1.0
6346.0	1.0
6357.0	1.0
6372.0	1.0
6373.0	1.0
6375.0	1.0
6377.0	3.0
6378.0	2.0
6379.0	16.0
6381.0	1.0
6382.0	1.0
6383.0	3.0
6389.0	1.0
6392.0	1.0
6436.0	1.0
6438.0	1.0
6451.0	1.0
6466.0	1.0
6485.0	1.0
6494.0	1.0
6520.0	1.0
6540.0	1.0
6564.0	2.0
6571.0	1.0
6576.0	1.0
6585.0	1.0
6588.0	1.0
6617.0	1.0
6626.0	1.0
6636.0	1.0
6640.0	1.0
6675.0	1.0
6700.0	1.0
6706.0	1.0
6731.0	1.0
6746.0	1.0
6758.0	1.0
6768.0	1.0
6779.0	1.0
6789.0	1.0
6793.0	1.0
6797.0	1.0
6833.0	1.0
6838.0	1.0
6847.0	1.0
6848.0	1.0
6865.0	1.0
6926.0	1.0
6930.0	1.0
6944.0	1.0
6953.0	1.0
6955.0	1.0
6958.0	1.0
6964.0	1.0
6972.0	1.0
6978.0	1.0
6995.0	1.0
7006.0	1.0
7007.0	1.0
7034.0	1.0
7048.0	1.0
7054.0	1.0
7065.0	1.0
7069.0	1.0
7080.0	1.0
7087.0	1.0
7106.0	1.0
7133.0	1.0
7140.0	1.0
7146.0	1.0
7153.0	1.0
7161.0	1.0
7167.0	1.0
7172.0	2.0
7182.0	1.0
7194.0	1.0
7197.0	1.0
7217.0	1.0
7220.0	1.0
7223.0	1.0
7227.0	1.0
7272.0	1.0
7273.0	1.0
7276.0	1.0
7279.0	1.0
7280.0	1.0
7288.0	1.0
7299.0	1.0
7314.0	1.0
7324.0	1.0
7330.0	1.0
7334.0	1.0
7342.0	1.0
7360.0	1.0
7393.0	1.0
7400.0	1.0
7481.0	1.0
7488.0	1.0
7490.0	1.0
7527.0	1.0
7539.0	1.0
7540.0	2.0
7557.0	1.0
7586.0	1.0
7601.0	1.0
7640.0	1.0
7653.0	1.0
7739.0	1.0
7759.0	1.0
7762.0	1.0
7788.0	1.0
7795.0	1.0
7851.0	1.0
7862.0	1.0
7871.0	1.0
7943.0	1.0
7946.0	1.0
7951.0	1.0
7956.0	1.0
8018.0	1.0
8020.0	1.0
8050.0	1.0
8054.0	1.0
8060.0	1.0
8068.0	1.0
8080.0	1.0
8082.0	1.0
8142.0	1.0
8173.0	1.0
8184.0	1.0
8185.0	1.0
8192.0	1.0
8220.0	1.0
8249.0	1.0
8263.0	1.0
8288.0	1.0
8314.0	1.0
8326.0	1.0
8333.0	1.0
8362.0	1.0
8405.0	1.0
8415.0	1.0
8425.0	1.0
8438.0	1.0
8441.0	1.0
8443.0	1.0
8444.0	1.0
8454.0	1.0
8455.0	2.0
8465.0	1.0
8476.0	1.0
8477.0	1.0
8485.0	1.0
8487.0	1.0
8493.0	1.0
8497.0	1.0
8500.0	2.0
8502.0	2.0
8503.0	1.0
8508.0	1.0
8510.0	1.0
8517.0	1.0
8519.0	1.0
8531.0	1.0
8575.0	1.0
8589.0	1.0
8591.0	1.0
8622.0	1.0
8634.0	1.0
8648.0	1.0
8664.0	6.0
8665.0	2.0
8666.0	1.0
8667.0	5.0
8671.0	4.0
8724.0	1.0
8813.0	1.0
8861.0	2.0
8885.0	1.0
8910.0	1.0
8927.0	1.0
8931.0	1.0
8945.0	1.0
8963.0	1.0
8996.0	1.0
9006.0	1.0
9012.0	1.0
9013.0	1.0
9035.0	1.0
9038.0	1.0
9042.0	1.0
9060.0	1.0
9185.0	1.0
9198.0	1.0
9199.0	1.0
9226.0	1.0
9228.0	1.0
9241.0	1.0
9243.0	2.0
9244.0	1.0
9251.0	1.0
9260.0	1.0
9375.0	1.0
9379.0	1.0
9397.0	1.0
9400.0	1.0
9444.0	1.0
9447.0	1.0
9471.0	1.0
9503.0	1.0
9514.0	1.0
9570.0	1.0
9572.0	1.0
9584.0	1.0
9606.0	1.0
9611.0	1.0
9613.0	1.0
9636.0	1.0
9663.0	1.0
9671.0	1.0
9719.0	1.0
9723.0	1.0
9728.0	1.0
9768.0	1.0
9836.0	1.0
9863.0	1.0
9879.0	1.0
9938.0	1.0
9940.0	1.0
9963.0	1.0
9965.0	1.0
9974.0	2.0
9978.0	1.0
9979.0	1.0
9998.0	1.0
10016.0	1.0
10037.0	1.0
10038.0	1.0
10040.0	1.0
10067.0	1.0
10071.0	1.0
10152.0	1.0
10157.0	1.0
10163.0	1.0
10167.0	1.0
10183.0	1.0
10187.0	1.0
10193.0	1.0
10209.0	1.0
10226.0	1.0
10227.0	1.0
10231.0	1.0
10241.0	1.0
10245.0	1.0
10249.0	2.0
10266.0	1.0
10276.0	1.0
10279.0	1.0
10302.0	1.0
10323.0	1.0
10331.0	1.0
10352.0	1.0
10378.0	1.0
10397.0	1.0
10421.0	1.0
10450.0	1.0
10455.0	1.0
10467.0	1.0
10485.0	1.0
10499.0	1.0
10506.0	1.0
10513.0	1.0
10527.0	1.0
10542.0	1.0
10558.0	1.0
10570.0	1.0
10592.0	1.0
10602.0	1.0
10620.0	1.0
10664.0	1.0
10695.0	1.0
10697.0	1.0
10700.0	1.0
10780.0	1.0
10781.0	1.0
10813.0	1.0
10829.0	1.0
10849.0	1.0
10861.0	1.0
10863.0	1.0
10868.0	1.0
10944.0	1.0
10954.0	1.0
10963.0	1.0
10975.0	1.0
11016.0	1.0
11033.0	1.0
11039.0	1.0
11120.0	1.0
11124.0	1.0
11131.0	1.0
11135.0	1.0
11142.0	1.0
11171.0	2.0
11184.0	1.0
11196.0	1.0
11197.0	1.0
11211.0	1.0
11275.0	1.0
11276.0	1.0
11296.0	1.0
11318.0	1.0
11383.0	1.0
11391.0	1.0
11418.0	1.0
11432.0	1.0
11449.0	1.0
11513.0	1.0
11526.0	1.0
11552.0	1.0
11581.0	1.0
11587.0	1.0
11593.0	1.0
11617.0	1.0
11619.0	1.0
11652.0	1.0
11672.0	1.0
11698.0	1.0
11704.0	1.0
11780.0	1.0
11796.0	1.0
11851.0	2.0
11898.0	1.0
11916.0	1.0
11951.0	1.0
12028.0	1.0
12062.0	1.0
12065.0	1.0
12114.0	1.0
12127.0	1.0
12133.0	1.0
12146.0	1.0
12154.0	1.0
12175.0	1.0
12186.0	1.0
12213.0	1.0
12218.0	1.0
12237.0	1.0
12240.0	1.0
12243.0	1.0
12253.0	1.0
12273.0	1.0
12308.0	1.0
12316.0	1.0
12324.0	1.0
12332.0	2.0
12333.0	3.0
12337.0	1.0
12339.0	2.0
12340.0	3.0
12342.0	3.0
12344.0	1.0
12345.0	2.0
12347.0	1.0
12348.0	1.0
12349.0	1.0
12350.0	7.0
12351.0	2.0
12359.0	1.0
12427.0	1.0
12473.0	1.0
12485.0	1.0
12505.0	1.0
12530.0	1.0
12544.0	1.0
12545.0	1.0
12552.0	1.0
12561.0	1.0
12577.0	1.0
12586.0	2.0
12616.0	1.0
12623.0	1.0
12644.0	1.0
12650.0	1.0
12658.0	1.0
12669.0	1.0
12680.0	1.0
12697.0	1.0
12714.0	1.0
12728.0	1.0
12747.0	1.0
12773.0	1.0
12805.0	1.0
12850.0	2.0
12929.0	1.0
12948.0	1.0
12952.0	1.0
12991.0	1.0
13109.0	1.0
13122.0	1.0
13137.0	1.0
13158.0	1.0
13180.0	1.0
13207.0	1.0
13234.0	1.0
13264.0	1.0
13274.0	1.0
13319.0	1.0
13330.0	1.0
13410.0	1.0
13422.0	1.0
13542.0	1.0
13597.0	1.0
13637.0	1.0
13664.0	1.0
13776.0	1.0
13881.0	1.0
13919.0	1.0
13925.0	1.0
13975.0	1.0
14032.0	1.0
14108.0	1.0
14228.0	1.0
14238.0	1.0
14290.0	1.0
14431.0	1.0
14469.0	1.0
14530.0	1.0
14597.0	1.0
14607.0	1.0
14619.0	1.0
14631.0	1.0
14644.0	1.0
14666.0	1.0
14713.0	1.0
14724.0	1.0
14755.0	1.0
14765.0	2.0
14771.0	1.0
14780.0	1.0
14808.0	1.0
14856.0	1.0
14879.0	1.0
14913.0	1.0
14942.0	1.0
14958.0	1.0
14985.0	1.0
15012.0	1.0
15018.0	2.0
15022.0	1.0
15139.0	1.0
15194.0	1.0
15207.0	1.0
15224.0	1.0
15231.0	1.0
15235.0	1.0
15273.0	1.0
15315.0	1.0
15332.0	1.0
15339.0	1.0
15401.0	1.0
15432.0	1.0
15488.0	1.0
15511.0	1.0
15528.0	1.0
15529.0	1.0
15572.0	1.0
15573.0	1.0
15576.0	1.0
15593.0	1.0
15632.0	1.0
15686.0	1.0
15698.0	1.0
15701.0	1.0
15712.0	1.0
15715.0	1.0
15726.0	1.0
15728.0	1.0
15809.0	1.0
15818.0	1.0
15833.0	1.0
15835.0	1.0
15837.0	1.0
15841.0	1.0
15844.0	1.0
15860.0	1.0
15911.0	1.0
15916.0	1.0
15921.0	1.0
15924.0	1.0
15930.0	1.0
15937.0	1.0
15963.0	1.0
15988.0	1.0
16010.0	1.0
16022.0	1.0
16027.0	1.0
16034.0	1.0
16037.0	1.0
16051.0	1.0
16057.0	1.0
16074.0	1.0
16077.0	1.0
16081.0	1.0
16087.0	1.0
16133.0	1.0
16161.0	1.0
16172.0	1.0
16176.0	1.0
16179.0	1.0
16198.0	1.0
16200.0	1.0
16217.0	1.0
16291.0	1.0
16338.0	1.0
16349.0	1.0
16434.0	1.0
16481.0	1.0
16525.0	1.0
16555.0	1.0
16557.0	1.0
16608.0	1.0
16664.0	1.0
16734.0	1.0
16779.0	1.0
16782.0	1.0
16856.0	1.0
16872.0	1.0
16875.0	1.0
16895.0	1.0
16911.0	1.0
16998.0	1.0
17017.0	1.0
17026.0	1.0
17071.0	1.0
17094.0	1.0
17117.0	1.0
17125.0	1.0
17206.0	1.0
17226.0	1.0
17261.0	1.0
17292.0	1.0
17333.0	1.0
17344.0	1.0
17399.0	1.0
17449.0	1.0
17544.0	1.0
17554.0	1.0
17626.0	1.0
17665.0	1.0
17675.0	1.0
17699.0	1.0
17731.0	1.0
17737.0	2.0
17813.0	1.0
18001.0	1.0
18063.0	1.0
18069.0	1.0
18094.0	1.0
18156.0	1.0
18267.0	1.0
18279.0	1.0
18559.0	1.0
18599.0	1.0
18701.0	1.0
18852.0	1.0
19060.0	1.0
19343.0	1.0
19512.0	1.0
19799.0	1.0
19881.0	1.0
19948.0	1.0
20208.0	1.0
20217.0	1.0
20311.0	1.0
20575.0	1.0
20607.0	1.0
20665.0	1.0
20717.0	1.0
20798.0	1.0
20854.0	1.0
20856.0	1.0
20919.0	1.0
21009.0	1.0
21013.0	1.0
21033.0	1.0
21058.0	1.0
21086.0	1.0
21101.0	1.0
21109.0	1.0
21111.0	1.0
21112.0	1.0
21161.0	1.0
21175.0	1.0
21229.0	1.0
21256.0	1.0
21298.0	1.0
21310.0	1.0
21355.0	1.0
21377.0	1.0
21392.0	1.0
21422.0	1.0
21433.0	1.0
21490.0	1.0
21499.0	1.0
21500.0	1.0
21502.0	1.0
21527.0	1.0
21716.0	1.0
21745.0	2.0
21758.0	1.0
21790.0	1.0
21798.0	1.0
21810.0	1.0
21880.0	1.0
22014.0	1.0
22069.0	1.0
22321.0	1.0
22614.0	1.0
22657.0	1.0
22709.0	1.0
22780.0	1.0
22896.0	1.0
22911.0	1.0
23140.0	1.0
23185.0	1.0
23202.0	1.0
23227.0	1.0
23261.0	1.0
23304.0	2.0
23310.0	1.0
23381.0	1.0
23397.0	1.0
23467.0	1.0
23480.0	1.0
23595.0	1.0
23625.0	1.0
23731.0	1.0
23835.0	1.0
23978.0	1.0
24026.0	1.0
24243.0	1.0
24280.0	1.0
24313.0	1.0
24356.0	1.0
24400.0	1.0
24421.0	1.0
24486.0	1.0
24531.0	1.0
24619.0	1.0
24777.0	1.0
24815.0	1.0
24915.0	1.0
25208.0	1.0
25251.0	1.0
25269.0	1.0
25440.0	1.0
25542.0	1.0
25547.0	1.0
25642.0	1.0
25834.0	1.0
26088.0	1.0
26130.0	1.0
26361.0	1.0
26480.0	1.0
26631.0	1.0
26694.0	1.0
26697.0	1.0
26787.0	1.0
27042.0	1.0
27059.0	1.0
27070.0	1.0
27250.0	1.0
28061.0	1.0
29038.0	1.0
29214.0	1.0
30038.0	1.0
30430.0	1.0
31026.0	1.0
31120.0	1.0
31162.0	1.0
31363.0	1.0
31430.0	1.0
31598.0	1.0
31903.0	1.0
32045.0	1.0
32110.0	1.0
32130.0	1.0
32421.0	1.0
32599.0	1.0
32666.0	1.0
32819.0	1.0
32958.0	1.0
33197.0	1.0
33304.0	1.0
33427.0	1.0
33640.0	1.0
33701.0	1.0
33763.0	1.0
33791.0	1.0
33847.0	1.0
33946.0	1.0
34152.0	1.0
34298.0	1.0
34436.0	1.0
34808.0	1.0
35200.0	1.0
36235.0	1.0
37525.0	1.0
38077.0	1.0
38203.0	1.0
42830.0	1.0
43042.0	1.0
43415.0	1.0
43884.0	1.0
44305.0	1.0
45836.0	1.0
49302.0	1.0
50287.0	1.0
50573.0	1.0
51380.0	1.0
51897.0	1.0
53730.0	1.0
54144.0	1.0
54295.0	1.0
54631.0	1.0
54742.0	1.0
54825.0	1.0
54898.0	1.0
54949.0	1.0
54970.0	1.0
54971.0	1.0
54974.0	1.0
54986.0	1.0
54988.0	1.0
54990.0	3.0
