#Insert size (bp)	insert size
26.0	1.0
32.0	1.0
35.0	1.0
36.0	2.0
38.0	1.0
39.0	8.0
40.0	35.0
41.0	217.0
42.0	223.0
43.0	198.0
44.0	201.0
45.0	214.0
46.0	188.0
47.0	196.0
48.0	229.0
49.0	220.0
50.0	206.0
51.0	191.0
52.0	175.0
53.0	186.0
54.0	207.0
55.0	198.0
56.0	192.0
57.0	166.0
58.0	172.0
59.0	192.0
60.0	174.0
61.0	166.0
62.0	179.0
63.0	191.0
64.0	174.0
65.0	184.0
66.0	199.0
67.0	187.0
68.0	155.0
69.0	206.0
70.0	167.0
71.0	184.0
72.0	183.0
73.0	206.0
74.0	208.0
75.0	250.0
76.0	239.0
77.0	245.0
78.0	270.0
79.0	286.0
80.0	246.0
81.0	236.0
82.0	254.0
83.0	304.0
84.0	352.0
85.0	368.0
86.0	407.0
87.0	455.0
88.0	496.0
89.0	550.0
90.0	573.0
91.0	626.0
92.0	762.0
93.0	844.0
94.0	904.0
95.0	1114.0
96.0	1151.0
97.0	1283.0
98.0	1411.0
99.0	1529.0
100.0	1756.0
101.0	2024.0
102.0	2154.0
103.0	2441.0
104.0	2652.0
105.0	2862.0
106.0	3148.0
107.0	3535.0
108.0	3797.0
109.0	4206.0
110.0	4596.0
111.0	4846.0
112.0	5105.0
113.0	5563.0
114.0	5843.0
115.0	6371.0
116.0	6920.0
117.0	7305.0
118.0	7781.0
119.0	8110.0
120.0	8549.0
121.0	9008.0
122.0	9723.0
123.0	10002.0
124.0	10590.0
125.0	11093.0
126.0	11740.0
127.0	12339.0
128.0	12734.0
129.0	13308.0
130.0	13895.0
131.0	14460.0
132.0	14809.0
133.0	15423.0
134.0	15830.0
135.0	16542.0
136.0	17016.0
137.0	17433.0
138.0	18659.0
139.0	19627.0
140.0	20160.0
141.0	20328.0
142.0	20956.0
143.0	21018.0
144.0	21568.0
145.0	22256.0
146.0	22312.0
147.0	22828.0
148.0	22932.0
149.0	23972.0
150.0	24334.0
151.0	25240.0
152.0	25104.0
153.0	25927.0
154.0	26355.0
155.0	26315.0
156.0	26877.0
157.0	26993.0
158.0	27924.0
159.0	27314.0
160.0	28338.0
161.0	28361.0
162.0	28566.0
163.0	28302.0
164.0	28049.0
165.0	28079.0
166.0	28626.0
167.0	28553.0
168.0	28528.0
169.0	29707.0
170.0	29071.0
171.0	29345.0
172.0	29765.0
173.0	29045.0
174.0	29519.0
175.0	29821.0
176.0	29527.0
177.0	28989.0
178.0	29062.0
179.0	28835.0
180.0	29085.0
181.0	28762.0
182.0	29120.0
183.0	29124.0
184.0	28725.0
185.0	28195.0
186.0	28082.0
187.0	27744.0
188.0	27428.0
189.0	27271.0
190.0	27166.0
191.0	26816.0
192.0	26845.0
193.0	26980.0
194.0	26499.0
195.0	26226.0
196.0	26072.0
197.0	25837.0
198.0	25938.0
199.0	25445.0
200.0	24973.0
201.0	25011.0
202.0	24821.0
203.0	24313.0
204.0	24582.0
205.0	24046.0
206.0	23832.0
207.0	23255.0
208.0	23388.0
209.0	22998.0
210.0	22922.0
211.0	22731.0
212.0	22235.0
213.0	21934.0
214.0	22260.0
215.0	21340.0
216.0	21414.0
217.0	21561.0
218.0	20930.0
219.0	20718.0
220.0	20176.0
221.0	20074.0
222.0	20145.0
223.0	19722.0
224.0	19574.0
225.0	19199.0
226.0	18671.0
227.0	18905.0
228.0	18341.0
229.0	18115.0
230.0	18026.0
231.0	17800.0
232.0	17862.0
233.0	17419.0
234.0	17085.0
235.0	17061.0
236.0	16787.0
237.0	16724.0
238.0	16413.0
239.0	16237.0
240.0	15824.0
241.0	15854.0
242.0	15857.0
243.0	15236.0
244.0	15202.0
245.0	14878.0
246.0	14774.0
247.0	14576.0
248.0	14235.0
249.0	14321.0
250.0	14099.0
251.0	14004.0
252.0	13684.0
253.0	13587.0
254.0	13239.0
255.0	13080.0
256.0	12969.0
257.0	12667.0
258.0	12345.0
259.0	12273.0
260.0	12150.0
261.0	11982.0
262.0	11733.0
263.0	11523.0
264.0	11311.0
265.0	11098.0
266.0	10812.0
267.0	11163.0
268.0	10946.0
269.0	10517.0
270.0	10511.0
271.0	9824.0
272.0	10104.0
273.0	10059.0
274.0	10014.0
275.0	9747.0
276.0	9378.0
277.0	9381.0
278.0	9179.0
279.0	9319.0
280.0	8703.0
281.0	8645.0
282.0	8568.0
283.0	8493.0
284.0	8590.0
285.0	8166.0
286.0	8273.0
287.0	8348.0
288.0	7816.0
289.0	7647.0
290.0	7679.0
291.0	7637.0
292.0	7489.0
293.0	7171.0
294.0	7032.0
295.0	7004.0
296.0	6864.0
297.0	6875.0
298.0	6659.0
299.0	6640.0
300.0	6523.0
301.0	6495.0
302.0	6465.0
303.0	6292.0
304.0	6043.0
305.0	6072.0
306.0	5893.0
307.0	5869.0
308.0	5986.0
309.0	5786.0
310.0	5839.0
311.0	5616.0
312.0	5504.0
313.0	5335.0
314.0	5351.0
315.0	5239.0
316.0	5125.0
317.0	4905.0
318.0	4938.0
319.0	4946.0
320.0	5009.0
321.0	4814.0
322.0	4852.0
323.0	4616.0
324.0	4741.0
325.0	4483.0
326.0	4498.0
327.0	4437.0
328.0	4388.0
329.0	4242.0
330.0	4126.0
331.0	4294.0
332.0	3991.0
333.0	4024.0
334.0	3822.0
335.0	3904.0
336.0	3853.0
337.0	3763.0
338.0	3715.0
339.0	3616.0
340.0	3449.0
341.0	3391.0
342.0	3462.0
343.0	3432.0
344.0	3398.0
345.0	3434.0
346.0	3339.0
347.0	3174.0
348.0	3192.0
349.0	3067.0
350.0	3115.0
351.0	2926.0
352.0	3067.0
353.0	2866.0
354.0	2805.0
355.0	2860.0
356.0	2958.0
357.0	2725.0
358.0	2782.0
359.0	2642.0
360.0	2640.0
361.0	2626.0
362.0	2594.0
363.0	2659.0
364.0	2406.0
365.0	2360.0
366.0	2454.0
367.0	2390.0
368.0	2315.0
369.0	2265.0
370.0	2305.0
371.0	2257.0
372.0	2168.0
373.0	2067.0
374.0	2086.0
375.0	2149.0
376.0	1980.0
377.0	2093.0
378.0	2084.0
379.0	1883.0
380.0	2041.0
381.0	1876.0
382.0	1841.0
383.0	1902.0
384.0	1829.0
385.0	1844.0
386.0	1670.0
387.0	1808.0
388.0	1749.0
389.0	1694.0
390.0	1678.0
391.0	1565.0
392.0	1609.0
393.0	1588.0
394.0	1589.0
395.0	1550.0
396.0	1541.0
397.0	1529.0
398.0	1417.0
399.0	1436.0
400.0	1471.0
401.0	1470.0
402.0	1479.0
403.0	1417.0
404.0	1448.0
405.0	1339.0
406.0	1347.0
407.0	1355.0
408.0	1307.0
409.0	1317.0
410.0	1247.0
411.0	1262.0
412.0	1250.0
413.0	1227.0
414.0	1189.0
415.0	1157.0
416.0	1248.0
417.0	1146.0
418.0	1172.0
419.0	1135.0
420.0	1071.0
421.0	1111.0
422.0	1052.0
423.0	1121.0
424.0	1082.0
425.0	1052.0
426.0	1022.0
427.0	999.0
428.0	1013.0
429.0	991.0
430.0	977.0
431.0	1009.0
432.0	962.0
433.0	922.0
434.0	969.0
435.0	954.0
436.0	888.0
437.0	900.0
438.0	934.0
439.0	831.0
440.0	883.0
441.0	851.0
442.0	831.0
443.0	838.0
444.0	784.0
445.0	810.0
446.0	821.0
447.0	828.0
448.0	836.0
449.0	779.0
450.0	764.0
451.0	793.0
452.0	743.0
453.0	764.0
454.0	703.0
455.0	734.0
456.0	709.0
457.0	748.0
458.0	693.0
459.0	688.0
460.0	694.0
461.0	679.0
462.0	660.0
463.0	663.0
464.0	641.0
465.0	686.0
466.0	593.0
467.0	637.0
468.0	629.0
469.0	642.0
470.0	573.0
471.0	602.0
472.0	629.0
473.0	648.0
474.0	564.0
475.0	621.0
476.0	603.0
477.0	586.0
478.0	592.0
479.0	524.0
480.0	534.0
481.0	588.0
482.0	500.0
483.0	514.0
484.0	549.0
485.0	508.0
486.0	527.0
487.0	520.0
488.0	482.0
489.0	511.0
490.0	467.0
491.0	499.0
492.0	489.0
493.0	524.0
494.0	533.0
495.0	517.0
496.0	434.0
497.0	453.0
498.0	460.0
499.0	455.0
500.0	491.0
501.0	442.0
502.0	494.0
503.0	444.0
504.0	454.0
505.0	432.0
506.0	426.0
507.0	414.0
508.0	447.0
509.0	390.0
510.0	408.0
