# Position (bp)	A	C	G	T	N
0.0	18.471612710238038	31.365403956161913	30.028041996521214	20.12814626153901	0.006795075539820743
1.0	20.01690151941336	25.8451806049833	25.007576755425287	29.129516355574488	8.247646035651989E-4
2.0	23.952579728270837	27.62003710209724	24.633379823795813	23.792920072923962	0.001083272912145336
3.0	26.566948112458498	25.30319947116586	25.341569490110828	22.788270616345358	1.2309919456197E-5
4.0	27.729201467834798	22.928148231126126	25.382266083833017	23.960125708897486	2.58508308580137E-4
5.0	27.77479740950055	23.576647097998038	24.099473997141637	24.543911329188173	0.005170166171602739
6.0	25.919975675599154	22.365658771494658	20.443206340100918	31.271146902885818	1.2309919456197E-5
7.0	24.740710011534397	24.99472519951302	22.336127274719242	27.92838827455552	4.9239677824788E-5
8.0	23.99543055789786	25.492144424899028	22.353521190910847	28.158817656856073	8.616943619337899E-5
9.0	30.173077467554133	22.444036028672265	22.03908891824121	25.34368679625729	1.1078927510577299E-4
10.0	26.988156626491193	25.001532584972296	24.563262522573314	23.446752827896248	2.9543806694872795E-4
11.0	24.89848624920447	25.27143987896887	24.061670234491654	25.767751211603823	6.524257311784408E-4
12.0	25.420869991247645	24.77101703323555	23.633974392905547	26.172242855015	0.0018957275962543376
13.0	25.884436938129113	24.460954781972863	23.238038143516427	26.41234783400812	0.004222302373475571
14.0	25.872557865853885	24.45342111126567	23.64571805606676	26.021766399582447	0.006536567231240606
15.0	25.741789591470702	24.83744135862119	23.517621034205575	25.887834475899023	0.015313539803509066
16.0	26.073184933150984	24.7296926336211	23.25793097335764	25.918104567841816	0.021086892028465455
17.0	26.04967298698965	24.570993151991807	23.421997579869835	25.930045189714324	0.027291091434388747
18.0	26.050867049176894	24.810051787831153	23.2986644968382	25.81848038968281	0.02193627647094305
19.0	26.182780146069508	24.53867961341929	23.508585553324725	25.7555890111811	0.014365676005381897
20.0	25.965583927184365	24.806666559980698	23.46282958270604	25.7581740942669	0.006745835861995955
21.0	26.093250101864584	24.66656736664972	23.508880991391674	25.72943043233668	0.0018711077573419436
22.0	26.280262398243124	24.424935957644028	23.327555877801892	25.96666720009651	5.785662144412589E-4
23.0	26.2408706559833	24.346127853285456	23.533193082317663	25.879008263648927	8.00144764652805E-4
24.0	26.046417439346865	24.95551036286014	23.319808352332323	25.677894534693053	3.6931076762474087E-4
25.0	26.432921379465206	24.661180787786062	23.229084235267237	25.67650582623284	3.077712486501153E-4
26.0	26.728595624049788	24.197747180590092	23.28859728855518	25.784899858209254	1.6004859567822008E-4
27.0	26.914858606166064	24.498525689350576	23.561699121939014	25.024510283730773	4.062988135705281E-4
28.0	25.674303299751454	25.660365231562782	24.508763129426292	24.15614970470257	4.186345569036409E-4
29.0	23.37203834158827	26.62630545823242	24.265524475498644	25.735947018340973	1.8470633970032506E-4
30.0	24.177661961493275	24.369481314361575	21.479223264623517	29.97310391200152	5.295475201166482E-4
31.0	26.704869535593247	24.645284440624103	24.45757916106825	24.19186041427442	4.064484399831459E-4
32.0	26.594180395447527	24.376749421011937	24.579544602067273	24.448589395252032	9.361862212358323E-4
33.0	31.2588084707195	23.177999518756724	22.732818684756946	22.829412317684138	9.610080826940062E-4
34.0	23.896743367691904	24.11365663763233	21.398161314947963	30.590575956495087	8.6272323271762E-4
35.0	23.539910363268934	26.587495041642796	20.54524774013691	29.32626076799677	0.001086086954589964
36.0	23.144824457721928	26.486067370058365	21.122980718477965	29.245271313366484	8.561403752574935E-4
37.0	25.740812105202316	25.861739267587446	21.814790597424594	26.582137776516202	5.202532694428481E-4
38.0	27.919880995563616	26.354968574290567	20.47494600131595	25.24749955056917	0.002704878260702036
39.0	20.60262676652326	30.80693333779525	26.672198910044475	21.9156382019067	0.00260278373031761
