# Position (bp)	A	C	G	T	N
0.0	22.635622402203374	24.750167800740545	26.703627545876046	25.908052150047073	0.0025301011329578846
1.0	25.067706958641867	18.70076478612887	22.77591689221639	33.45362397239484	0.001987390618033384
2.0	26.88595534746047	20.44258271806395	21.394886795555063	31.276338180808366	2.369581121501342E-4
3.0	30.67628380274353	19.43040467629955	23.09999150772701	26.792349249351098	9.707638788086143E-4
4.0	30.35905804105506	19.295575510486124	23.41777526755055	26.926857375141612	7.338057666584801E-4
5.0	31.47251656623847	20.13424670748614	21.02503340153905	27.367683545651623	5.197790847164235E-4
6.0	22.000803975943096	21.540707760248228	20.166518873598978	36.29116679015242	8.026000572827125E-4
7.0	24.933428147153432	23.23398749824288	21.375991297063607	30.455790457482795	8.026000572827125E-4
8.0	24.666231122368913	22.84165365881288	22.15834290147259	30.333550646853606	2.2167049201141589E-4
9.0	31.622526338849642	19.1917037754536	21.85225417105517	27.33313352413812	3.821905034679584E-4
10.0	26.778926718869307	22.56885372124752	23.964475851331258	26.68760611997067	1.3758858124846503E-4
11.0	24.847374133392588	22.527584790683054	23.131185896620067	29.493580002141794	2.7517716249693007E-4
12.0	25.73044822308551	21.98393408712002	21.55806685291574	30.7274820425881	6.879429062423252E-5
13.0	26.617688189266243	21.12473926008377	21.5226530808644	30.734865963115098	5.350667048551418E-5
14.0	26.42628718512949	21.17804719150748	22.114597376445644	30.280938302146204	1.2994477117910587E-4
15.0	26.62328345823701	21.21135891578975	22.32900624889117	29.836206144690752	1.452323913178242E-4
16.0	26.724433996884844	21.31287635732091	22.156462524195526	29.805791424424772	4.356971739534726E-4
17.0	26.923111908207627	21.197103210010397	22.20075840354746	29.678843026792855	1.8345144166462003E-4
18.0	26.592050850293607	21.353006360185045	22.289961667056886	29.76358230522177	0.0013988172426927278
19.0	26.748229177630755	21.332589743489784	22.43363472112056	29.480700182174925	0.004846175583973713
20.0	26.736778750146854	21.433541543075812	22.31242682485073	29.506887875472547	0.010365006454051032
21.0	26.96339478727315	21.337344193352926	22.293302012057193	29.39202434156029	0.013934665756441764
22.0	26.80495389215547	21.31296043923167	22.191547612413885	29.67316367591132	0.01737438028765339
23.0	27.010289562048666	21.2454732401293	22.251673822419463	29.48240475182039	0.010158623582178335
24.0	27.000801640799025	21.380601729761516	22.24100302103996	29.371661756963945	0.005931851435557735
25.0	27.274209610464645	21.36095310994631	22.19496788660885	29.168608050742346	0.001261342237848936
26.0	27.554289458973823	20.97863221204126	22.07015506293889	29.39602881330432	8.944527417040656E-4
27.0	27.52184004219001	21.135211241331533	22.554705037678495	28.788052545460303	1.9113333966366955E-4
28.0	26.760075981785658	21.96884850772128	23.064657306671403	28.20638762026601	3.0583555650296616E-5
29.0	24.37239763906812	22.46275066243305	22.73511058800931	30.429718170409316	2.294008020463775E-5
30.0	26.13715285014096	20.176267859722667	20.09357084017281	33.59299315411236	1.5295851206854133E-5
31.0	29.300228154460882	20.483072150645125	23.34517260209677	26.871481197240666	4.5895556552849E-5
32.0	28.7072913455673	20.419911324357432	23.221301740560357	27.65148028768361	1.5301831300217263E-5
33.0	32.02124107792217	18.65852607511545	20.782059817243884	28.53805821970076	1.1481001774044394E-4
34.0	25.268955512616987	21.565784951729352	21.431680664942757	31.731809199745598	0.0017696709653072479
35.0	24.81752799777077	22.870269510928516	20.61068878085627	31.70130644748993	2.072629545103873E-4
36.0	23.665637049688257	22.544117518513495	22.726055797035475	31.064120015523542	6.961923923034849E-5
37.0	25.74589520778491	21.296862564004947	24.78638866014374	28.170259196103203	5.94371963205047E-4
38.0	30.373218563029276	23.182549943164485	23.410792136545435	23.032770235554736	6.691217060691729E-4
39.0	23.09313832818067	26.64448713092099	28.96972233544785	21.288829288902768	0.003822916547717694
