#Position (bp)	Coverage
3406923.0	0.008718131979814627
1.0220768E7	0.04867325276697665
1.7034613E7	0.04022369161611396
2.3848458E7	0.02038349859734115
3.0662303E7	0.021072243351587833
3.7476148E7	0.023313562313202016
4.4289993E7	0.02185212607565919
5.1103838E7	0.022377526932297404
5.7917683E7	0.03107379166975474
6.4731528E7	0.040414332876665085
7.1545373E7	0.024739335866900407
7.8359218E7	0.15136343723697854
8.5173063E7	0.020185519335998985
9.1986908E7	0.03257705451180647
9.8800753E7	0.012900205390642142
1.05614598E8	0.012704134009505647
1.12428443E8	0.01592918535716618
1.19242288E8	0.05403160770460731
1.26056133E8	0.07010902067775243
1.300790245E8	0.012623200193516232
1.33485947E8	0.05866955504633094
1.39683823E8	0.042077710895977234
1.46497668E8	0.013414305726062158
1.53311513E8	0.0525009007395971
1.60125358E8	0.02051250065124757
1.66939203E8	0.049661974993560905
1.73753048E8	0.041633761848119524
1.80566893E8	0.06649270712791383
1.87380738E8	0.04802809573742872
1.94194583E8	0.052198575107006394
2.01008428E8	0.10924257889635
2.07822273E8	0.10230053662799785
2.14636118E8	0.06732028685712692
2.21449963E8	0.07415622163404069
2.28263808E8	0.09992317113171785
2.35077653E8	0.10214409045113296
2.41891498E8	0.047277418256505686
2.48705343E8	0.1571396179396508
2.52444901E8	0.017283182342233465
2.558518235E8	0.023230264448309477
2.62333033E8	0.012210433316284712
2.69146878E8	0.014252452176414345
2.75960723E8	0.020002949876317996
2.82774568E8	0.021277707373736854
2.89588413E8	0.021055072429736806
2.96402258E8	0.015878406391692208
3.03216103E8	0.020664690787653667
3.10029948E8	0.03636375644001295
3.16843793E8	0.011337798262214652
3.23657638E8	0.02559700139935675
3.30471483E8	0.044529336960262525
3.37285328E8	0.048725059052561366
3.44099173E8	0.013841670892132122
3.50913018E8	0.07315223636581109
3.57726863E8	0.07418777503744214
3.64540708E8	0.043830025484876745
3.704270945E8	0.014780815531098657
3.73834017E8	0.0
3.78168398E8	0.02592706467493757
3.84982243E8	0.026162467740314024
3.91796088E8	0.02204100621602047
3.98609933E8	0.014946186771198935
4.05423778E8	0.038314637330317904
4.12237623E8	0.037455944477750816
4.19051468E8	0.10335559438173307
4.25865313E8	0.060293417299630385
4.32679158E8	0.02957860062857315
4.39493003E8	0.03301660075918956
4.46306848E8	0.023157703176400403
4.53120693E8	0.013310986674924363
4.59934538E8	0.016711709761522312
4.66748383E8	0.024221713291100695
4.73562228E8	0.040253777419357206
4.80376073E8	0.03968860459843158
4.87189918E8	0.027133872285031432
4.91962519E8	0.02420664892945155
4.953694415E8	0.0037288535814434727
5.00817608E8	0.01638105944587821
5.07631453E8	0.019699303403584906
5.14445298E8	0.04160558392508195
5.21259143E8	0.031529775038909746
5.28072988E8	0.0295966521105191
5.34886833E8	0.016627909792488675
5.41700678E8	0.02659218106663712
5.48514523E8	0.07667403646546113
5.55328368E8	0.03619762410210388
5.62142213E8	0.062392966085961746
5.68956058E8	0.05027411101954917
5.75769903E8	0.014037155233205334
5.82583748E8	0.013719419798953454
5.89397593E8	0.012713526650518173
5.96211438E8	0.0314069369056678
6.03025283E8	0.010159902375237477
6.09839128E8	0.015816033384968398
6.15738246E8	0.03138297135999162
6.191451685E8	0.0
6.23466818E8	0.023465458929576473
6.30280663E8	0.018774862063930132
6.37094508E8	0.010776000921652899
6.43908353E8	0.02318338617916903
6.50722198E8	0.020157488172977224
6.57536043E8	0.04896075563796946
6.64349888E8	0.013691388635931695
6.71163733E8	0.038636628805028585
6.77977578E8	0.0362529526280683
6.84791423E8	0.0524768320970025
6.91605268E8	0.10234368407264914
6.98419113E8	0.13087676634851542
7.05232958E8	0.038475926587704885
7.12046803E8	0.03806411798331192
7.18860648E8	0.15270276914135852
7.222708485E8	0.0
7.25677771E8	0.03587492759599306
7.32488338E8	0.033755684198862754
7.39302183E8	0.06324314685761123
7.46116028E8	0.021597937728257688
7.52929873E8	0.04287226962163067
7.59743718E8	0.022082979580545198
7.66557563E8	0.03315015237358643
7.73371408E8	0.0175979934970637
7.80185253E8	0.04556296775168792
7.86999098E8	0.014867670162734844
7.93812943E8	0.010274815467625107
8.00626788E8	0.031171533840291348
8.07440633E8	0.01605950825121499
8.14254478E8	0.05177869470174329
8.190716475E8	0.06676950917108847
8.2247857E8	0.01012282666862993
8.27882168E8	0.03429634809714632
8.34696013E8	0.02559685463934093
8.41509858E8	0.03085996232670394
8.48323703E8	0.15132483935281768
8.55137548E8	0.1560054565373882
8.61951393E8	0.013271214710636945
8.68765238E8	0.09929224982370453
8.75579083E8	0.1070018469747991
8.82392928E8	0.018872457474450915
8.89206773E8	0.03440069446839487
8.96020618E8	0.022116587624168144
9.02834463E8	0.055776290772684145
9.09648308E8	0.03585200426484606
9.14262198E8	0.01722995855315077
9.176691205E8	0.008729269462329912
9.23275998E8	0.03651403869621337
9.30089843E8	0.01778966207772557
9.36903688E8	0.016127458138539986
9.43717533E8	0.012179466952946538
9.50531378E8	0.050426888196018545
9.57345223E8	0.02165238569412718
9.64159068E8	0.015713007853862246
9.70972913E8	0.014189638889643072
9.77786758E8	0.04505224289663178
9.84600603E8	0.02242889293783466
9.91414448E8	0.02335832411802734
9.98228293E8	0.1005571744000634
1.00390351E9	0.014174746709477099
1.0073104325E9	0.0
1.011855983E9	0.1946117060191419
1.018669828E9	0.05468791849535761
1.025483673E9	0.02005769136221913
1.032297518E9	0.021153695160368337
1.039111363E9	0.018721734938203026
1.045925208E9	0.04058677589525444
1.052739053E9	0.041179099319106904
1.059552898E9	0.016853479936805138
1.0652815955E9	0.0536535624683701
1.068688518E9	0.0
1.073180588E9	0.014787685954112546
1.079994433E9	0.031322109616523416
1.086808278E9	0.08677861031473419
1.093622123E9	0.01602149740711742
1.100435968E9	0.024895635283749485
1.107249813E9	0.04552994674812826
1.114063658E9	0.018519646396417882
1.120877503E9	0.043201305577100745
1.127691348E9	0.02775085139154178
1.134505193E9	0.0232051066615105
1.141319038E9	0.02184420103480487
1.148132883E9	0.05628510774753462
1.154946728E9	0.04491282088160209
1.161760573E9	0.0486431669637334
1.168574418E9	0.01877662318411998
1.175388263E9	0.020712974832858687
1.182202108E9	0.011224059249953587
1.189015953E9	0.01835248673839807
1.195829798E9	0.037452128717339474
1.202643643E9	0.07181642670181079
1.209457488E9	0.016958266588101137
1.216271333E9	0.015458966266476564
1.223085178E9	0.03035129211186929
1.229899023E9	0.049434790489070415
1.236712868E9	0.04869585380941304
1.243526713E9	0.05546486601911256
1.250340558E9	0.046478603490393455
1.257154403E9	0.04068407778574359
1.2618183335E9	0.03017005460585772
1.265225256E9	0.00738494484315539
1.270782093E9	0.03710474775989181
1.277595938E9	0.024964612491185225
1.284409783E9	0.04078945147710287
1.291223628E9	0.12691307184122916
1.298037473E9	0.06776790490538015
1.304851318E9	0.03919549094527392
1.311665163E9	0.0145452384079767
1.318479008E9	0.021915379642477924
1.325292853E9	0.01883488691040081
1.332106698E9	0.017850127204243713
1.338920543E9	0.026653233233218544
1.345734388E9	0.015282707487475867
1.352548233E9	0.02847511206961708
1.359362078E9	0.0722398293474536
1.366175923E9	0.0494396335695925
1.372989768E9	0.012950690836084472
1.379803613E9	0.0362070167431164
1.386617458E9	0.0465072216934785
1.393431303E9	0.0345977931696421
1.400245148E9	0.015821463505553766
1.407058993E9	0.03878559022108662
1.413872838E9	0.08287640825407681
1.420686683E9	0.057473276835619244
1.427500528E9	0.0666886317490345
1.434314373E9	0.041952964882529614
1.441128218E9	0.04208842437713215
1.444861853E9	0.08392700003825994
1.4482687755E9	0.006654091766470468
1.454755908E9	0.02533796997143316
1.461569753E9	0.018904010877852373
1.468383598E9	0.013384953722898012
1.475197443E9	0.016973382869730675
1.482011288E9	0.01958145511088086
1.488825133E9	0.013332707157265831
1.495638978E9	0.023637461668118368
1.502452823E9	0.017391795674835574
1.509266668E9	0.01845081594899796
1.516080513E9	0.017750183633469797
1.522894358E9	0.01765229470291737
1.529708203E9	0.027365899870044005
1.536522048E9	0.038392566898718714
1.543335893E9	0.05871765500976321
1.550149738E9	0.06083907103845186
1.556963583E9	0.02712110416365503
1.563777428E9	0.023207308061747808
1.570591273E9	0.016485552577142567
1.577405118E9	0.057761807026722796
1.584218963E9	0.06404636442419809
1.591032808E9	0.022640080600600687
1.597846653E9	0.03127661401161899
1.6032409105E9	0.01989196587389645
1.606647833E9	0.0
1.611474343E9	0.025020674817228746
1.618288188E9	0.018900635397488496
1.625102033E9	0.012472106424493073
1.631915878E9	0.01206704878082786
1.638729723E9	0.024292745138757926
1.645543568E9	0.040433851958769244
1.652357413E9	0.02887899563315573
1.659171258E9	0.018208661922893755
1.665985103E9	0.04334410307249431
1.672798948E9	0.013552113380917823
1.679612793E9	0.012035935657473865
1.686426638E9	0.024278362657207495
1.693240483E9	0.019427503854284916
1.700054328E9	0.017390474834693186
1.706868173E9	0.02191860836282598
1.713682018E9	0.02156682460490369
1.720495863E9	0.04956702126332489
1.727309708E9	0.052282668596071676
1.734123553E9	0.0630991752820911
1.740937398E9	0.10553087133622793
1.747751243E9	0.06411328699141233
1.754565088E9	0.07426218236546325
1.759854186E9	0.07672371678411498
1.7632611085E9	5.246772087434834E-5
1.768192778E9	0.02977555256980457
1.775006623E9	0.01163865629464715
1.781820468E9	0.023529152776442668
1.788634313E9	0.04361311418149371
1.795448158E9	0.07809511369865325
1.802262003E9	0.02075568199746252
1.809075848E9	0.01907249137601457
1.815889693E9	0.01770116578818567
1.822703538E9	0.013411810805793204
1.829517383E9	0.026528340459755103
1.836331228E9	0.03188434723713263
1.843145073E9	0.011867161639280024
1.849958918E9	0.027005457271188294
1.856772763E9	0.02926526799479589
1.863586608E9	0.03460645201057553
1.870400453E9	0.06478838306418769
1.877214298E9	0.055007855329846804
1.884028143E9	0.18286136535245517
1.890841988E9	0.01734497922978876
1.897655833E9	0.07209717861207586
1.904469678E9	0.09065747753287608
1.910723823E9	0.07084816869773963
1.9141307455E9	0.0
1.918097368E9	0.01277120333673572
1.924911213E9	0.013629455909255347
1.931725058E9	0.012837685623902511
1.938538903E9	0.016140813299979673
1.945352748E9	0.0640394667034545
1.952166593E9	0.04040479347563674
1.958980438E9	0.02708720260000044
1.965794283E9	0.028060221504891878
1.972608128E9	0.015036590940944504
1.979421973E9	0.012696208968651326
1.986235818E9	0.03403203330865319
1.993049663E9	0.018677560173440987
1.999863508E9	0.06403682502316974
2.006677353E9	0.04647933729047256
2.013491198E9	0.11404251197378279
2.020305043E9	0.013608322466977163
2.027118888E9	0.04246442353766486
2.033932733E9	0.039437644971378125
2.040746578E9	0.0605944220920787
2.047560423E9	0.022679118764809002
2.054374268E9	0.014373382429450627
2.060544391E9	0.05126392384483138
2.0639513135E9	0.0
2.068001958E9	0.03338129939850407
2.074815803E9	0.01646603349503841
2.081629648E9	0.08622884729546974
2.088443493E9	0.06705421094844394
2.095257338E9	0.08202211820198434
2.102071183E9	0.019664668039851216
2.108885028E9	0.07851528762394801
2.115698873E9	0.01193878052700054
2.122512718E9	0.012867184387082477
2.129326563E9	0.025479593386700167
2.136140408E9	0.028740894458268423
2.142954253E9	0.05542289265458783
2.149768098E9	0.020199755057533596
2.156581943E9	0.017468404403093996
2.163395788E9	0.054445470949221766
2.170209633E9	0.0568287068461346
2.177023478E9	0.03289611078620074
2.183837323E9	0.04608044356747182
2.190651168E9	0.09402987593642062
2.197465013E9	0.031504825836220225
2.204278858E9	0.08281594312755867
2.2082174155E9	0.068111580313561
2.211624338E9	0.017970029084048118
2.217906548E9	0.021279468493926704
2.224720393E9	0.021306325576821897
2.231534238E9	0.0444760630745196
2.238348083E9	0.017724060350653707
2.245161928E9	0.02093663709696948
2.251975773E9	0.016190858465374543
2.258789618E9	0.012950690836084472
2.265603463E9	0.013345475278642235
2.272417308E9	0.01784146836331029
2.279231153E9	0.10763761136333451
2.286044998E9	0.020297056948022738
2.292858843E9	0.06639349735721901
2.299672688E9	0.016756765086379275
2.306486533E9	0.030684143827750705
2.313300378E9	0.042360810966495424
2.320114223E9	0.03809449730658681
2.326928068E9	0.0332540584647875
2.333741913E9	0.15145472196681903
2.3376495495E9	0.013999009414556014
2.341056472E9	0.1786683577589151
2.347369603E9	0.02028942542720006
2.354183448E9	0.01922512179246813
2.360997293E9	0.05466957349338002
2.367811138E9	0.017476182683932494
2.374624983E9	0.02328435707005369
2.381438828E9	0.19467584014605557
2.388252673E9	0.028589731641973072
2.395066518E9	0.047848461478064146
2.401880363E9	0.06821405535347516
2.408694208E9	0.026929729103024796
2.415508053E9	0.0341064406366743
2.422321898E9	0.01823346436556746
2.429135743E9	0.02385114425115335
2.435949588E9	0.03145037787035074
2.442763433E9	0.05539530177161353
2.449577278E9	0.04971128635887667
2.456391123E9	0.030056598000101263
2.4612717095E9	0.05018715256666377
2.462753523E9	0.0
2.4646867815E9	0.003329681592055307
2.470018813E9	0.022705242047625092
2.476832658E9	0.030420269319305034
2.483646503E9	0.014313064062948307
2.490460348E9	0.013259033629323826
2.497274193E9	0.020530111853146057
2.504088038E9	0.016577571107062164
2.510901883E9	0.019257702515980333
2.517715728E9	0.013474477332548656
2.524529573E9	0.030648334383890447
2.531343418E9	0.012968008517951319
2.538157263E9	0.03361024502318442
2.544971108E9	0.012426610819588646
2.551784953E9	0.011417195430773668
2.558598798E9	0.02285332290358821
2.565412643E9	0.07128427488444483
2.572226488E9	0.01395995946488363
2.579040333E9	0.01175943978766761
2.585854178E9	0.010565987339013434
2.592668023E9	0.010445057085977153
2.599481868E9	0.014217670052664833
2.606295713E9	0.017335586588776233
2.613109558E9	0.020425325201850055
2.619923403E9	0.017916756251426323
2.626737248E9	0.017937155893625406
2.631968571E9	0.01886564929136996
2.6353754935E9	0.002930448992178308
2.640364938E9	0.0013430009047754976
2.647178783E9	0.0015654890887597237
2.653992628E9	7.354144392776765E-4
2.660806473E9	5.336194175241732E-4
2.667620318E9	7.470084805275142E-4
2.674434163E9	0.0018463877590406005
2.681248008E9	7.222060378538109E-4
2.688061853E9	4.4482960795263175E-4
2.694875698E9	6.573381108610484E-4
2.701689543E9	8.184806082322096E-4
2.708503388E9	3.972793628267153E-4
2.715317233E9	6.298939879025719E-4
2.7221309125E9	0.010346936984351981
