#Coverage	Number of genomic locations
0.0	2.563559501E9
1.0	7.1527028E7
2.0	3.3983743E7
3.0	1.9618856E7
4.0	1.1959353E7
5.0	7476966.0
6.0	4831496.0
7.0	3203266.0
8.0	2197657.0
9.0	1543554.0
10.0	1123386.0
11.0	836039.0
12.0	635560.0
13.0	494521.0
14.0	386384.0
15.0	310121.0
16.0	253238.0
17.0	206558.0
18.0	171339.0
19.0	142128.0
20.0	120061.0
21.0	102139.0
22.0	88484.0
23.0	75027.0
24.0	64559.0
25.0	55358.0
26.0	48034.0
27.0	42246.0
28.0	37046.0
29.0	32500.0
30.0	28973.0
31.0	26127.0
32.0	23063.0
33.0	20924.0
34.0	18729.0
35.0	16796.0
36.0	15326.0
37.0	13640.0
38.0	11975.0
39.0	11195.0
40.0	10361.0
41.0	9123.0
42.0	8690.0
43.0	7730.0
44.0	7060.0
45.0	6411.0
46.0	5890.0
47.0	5473.0
48.0	5124.0
49.0	4795.0
50.0	4585.0
51.0	4154.0
52.0	3852.0
53.0	3561.0
54.0	3460.0
55.0	3305.0
56.0	3068.0
57.0	2785.0
58.0	2794.0
59.0	2483.0
60.0	2420.0
61.0	2229.0
62.0	2160.0
63.0	2028.0
64.0	1863.0
65.0	1798.0
66.0	1723.0
67.0	1692.0
68.0	1626.0
69.0	1549.0
70.0	1457.0
71.0	1455.0
72.0	1375.0
73.0	1404.0
74.0	1304.0
75.0	1224.0
76.0	1178.0
77.0	1121.0
78.0	1100.0
79.0	994.0
80.0	951.0
81.0	903.0
82.0	952.0
83.0	869.0
84.0	812.0
85.0	826.0
86.0	742.0
87.0	729.0
88.0	704.0
89.0	668.0
90.0	693.0
91.0	672.0
92.0	623.0
93.0	610.0
94.0	641.0
95.0	634.0
96.0	600.0
97.0	614.0
98.0	671.0
99.0	516.0
100.0	511.0
101.0	530.0
102.0	488.0
103.0	466.0
104.0	491.0
105.0	442.0
106.0	498.0
107.0	470.0
108.0	420.0
109.0	443.0
110.0	444.0
111.0	418.0
112.0	417.0
113.0	410.0
114.0	376.0
115.0	372.0
116.0	385.0
117.0	353.0
118.0	376.0
119.0	368.0
120.0	357.0
121.0	399.0
122.0	385.0
123.0	394.0
124.0	391.0
125.0	400.0
126.0	363.0
127.0	386.0
128.0	397.0
129.0	407.0
130.0	367.0
131.0	360.0
132.0	381.0
133.0	332.0
134.0	336.0
135.0	358.0
136.0	337.0
137.0	345.0
138.0	307.0
139.0	335.0
140.0	298.0
141.0	307.0
142.0	315.0
143.0	318.0
144.0	302.0
145.0	307.0
146.0	262.0
147.0	277.0
148.0	324.0
149.0	314.0
150.0	299.0
151.0	303.0
152.0	270.0
153.0	267.0
154.0	296.0
155.0	245.0
156.0	242.0
157.0	312.0
158.0	280.0
159.0	291.0
160.0	299.0
161.0	248.0
162.0	253.0
163.0	262.0
164.0	240.0
165.0	270.0
166.0	254.0
167.0	231.0
168.0	251.0
169.0	247.0
170.0	246.0
171.0	276.0
172.0	226.0
173.0	264.0
174.0	282.0
175.0	241.0
176.0	225.0
177.0	210.0
178.0	245.0
179.0	237.0
180.0	211.0
181.0	227.0
182.0	220.0
183.0	225.0
184.0	227.0
185.0	223.0
186.0	222.0
187.0	221.0
188.0	217.0
189.0	232.0
190.0	218.0
191.0	206.0
192.0	193.0
193.0	211.0
194.0	198.0
195.0	183.0
196.0	194.0
197.0	181.0
198.0	205.0
199.0	200.0
200.0	186.0
201.0	192.0
202.0	207.0
203.0	185.0
204.0	180.0
205.0	187.0
206.0	187.0
207.0	195.0
208.0	171.0
209.0	186.0
210.0	175.0
211.0	182.0
212.0	183.0
213.0	170.0
214.0	212.0
215.0	198.0
216.0	163.0
217.0	185.0
218.0	170.0
219.0	163.0
220.0	172.0
221.0	198.0
222.0	185.0
223.0	186.0
224.0	191.0
225.0	195.0
226.0	209.0
227.0	190.0
228.0	202.0
229.0	247.0
230.0	194.0
231.0	225.0
232.0	235.0
233.0	186.0
234.0	195.0
235.0	195.0
236.0	193.0
237.0	165.0
238.0	210.0
239.0	195.0
240.0	203.0
241.0	151.0
242.0	170.0
243.0	177.0
244.0	154.0
245.0	166.0
246.0	190.0
247.0	182.0
248.0	177.0
249.0	161.0
250.0	153.0
251.0	182.0
252.0	175.0
253.0	212.0
254.0	175.0
255.0	135.0
256.0	169.0
257.0	190.0
258.0	187.0
259.0	172.0
260.0	201.0
261.0	176.0
262.0	160.0
263.0	159.0
264.0	179.0
265.0	176.0
266.0	184.0
267.0	154.0
268.0	152.0
269.0	144.0
270.0	168.0
271.0	129.0
272.0	160.0
273.0	165.0
274.0	164.0
275.0	163.0
276.0	150.0
277.0	124.0
278.0	153.0
279.0	139.0
280.0	136.0
281.0	140.0
282.0	156.0
283.0	150.0
284.0	144.0
285.0	154.0
286.0	143.0
287.0	139.0
288.0	125.0
289.0	167.0
290.0	136.0
291.0	148.0
292.0	126.0
293.0	134.0
294.0	139.0
295.0	155.0
296.0	155.0
297.0	159.0
298.0	147.0
299.0	140.0
300.0	152.0
301.0	121.0
302.0	133.0
303.0	143.0
304.0	140.0
305.0	132.0
306.0	158.0
307.0	136.0
308.0	126.0
309.0	165.0
310.0	129.0
311.0	130.0
312.0	137.0
313.0	137.0
314.0	122.0
315.0	157.0
316.0	142.0
317.0	110.0
318.0	127.0
319.0	104.0
320.0	119.0
321.0	115.0
322.0	120.0
323.0	108.0
324.0	120.0
325.0	128.0
326.0	109.0
327.0	112.0
328.0	118.0
329.0	123.0
330.0	117.0
331.0	132.0
332.0	129.0
333.0	115.0
334.0	124.0
335.0	98.0
336.0	91.0
337.0	119.0
338.0	112.0
339.0	107.0
340.0	109.0
341.0	91.0
342.0	87.0
343.0	89.0
344.0	83.0
345.0	107.0
346.0	97.0
347.0	95.0
348.0	100.0
349.0	99.0
350.0	89.0
351.0	108.0
352.0	101.0
353.0	103.0
354.0	97.0
355.0	94.0
356.0	103.0
357.0	103.0
358.0	105.0
359.0	103.0
360.0	106.0
361.0	85.0
362.0	105.0
363.0	116.0
364.0	90.0
365.0	97.0
366.0	93.0
367.0	119.0
368.0	87.0
369.0	78.0
370.0	89.0
371.0	101.0
372.0	96.0
373.0	91.0
374.0	99.0
375.0	89.0
376.0	62.0
377.0	94.0
378.0	72.0
379.0	92.0
380.0	82.0
381.0	82.0
382.0	78.0
383.0	81.0
384.0	76.0
385.0	67.0
386.0	60.0
387.0	85.0
388.0	77.0
389.0	66.0
390.0	68.0
391.0	89.0
392.0	57.0
393.0	75.0
394.0	64.0
395.0	61.0
396.0	65.0
397.0	69.0
398.0	63.0
399.0	77.0
400.0	64.0
401.0	76.0
402.0	74.0
403.0	79.0
404.0	63.0
405.0	91.0
406.0	73.0
407.0	70.0
408.0	69.0
409.0	59.0
410.0	69.0
411.0	56.0
412.0	73.0
413.0	73.0
414.0	60.0
415.0	57.0
416.0	67.0
417.0	59.0
418.0	65.0
419.0	73.0
420.0	72.0
421.0	69.0
422.0	79.0
423.0	66.0
424.0	71.0
425.0	75.0
426.0	51.0
427.0	46.0
428.0	63.0
429.0	67.0
430.0	53.0
431.0	63.0
432.0	49.0
433.0	48.0
434.0	76.0
435.0	46.0
436.0	62.0
437.0	60.0
438.0	39.0
439.0	58.0
440.0	62.0
441.0	56.0
442.0	66.0
443.0	65.0
444.0	48.0
445.0	36.0
446.0	38.0
447.0	33.0
448.0	40.0
449.0	39.0
450.0	40.0
451.0	36.0
452.0	35.0
453.0	36.0
454.0	35.0
455.0	28.0
456.0	19.0
457.0	35.0
458.0	27.0
459.0	27.0
460.0	24.0
461.0	24.0
462.0	22.0
463.0	25.0
464.0	27.0
465.0	23.0
466.0	40.0
467.0	38.0
468.0	20.0
469.0	21.0
470.0	25.0
471.0	33.0
472.0	35.0
473.0	23.0
474.0	35.0
475.0	26.0
476.0	21.0
477.0	25.0
478.0	17.0
479.0	24.0
480.0	14.0
481.0	11.0
482.0	18.0
483.0	20.0
484.0	19.0
485.0	24.0
486.0	23.0
487.0	23.0
488.0	17.0
489.0	17.0
490.0	17.0
491.0	17.0
492.0	20.0
493.0	24.0
494.0	18.0
495.0	19.0
496.0	19.0
497.0	15.0
498.0	24.0
499.0	15.0
500.0	12.0
501.0	14.0
502.0	12.0
503.0	13.0
504.0	11.0
505.0	14.0
506.0	14.0
507.0	13.0
508.0	17.0
509.0	18.0
510.0	13.0
511.0	14.0
512.0	15.0
513.0	12.0
514.0	21.0
515.0	12.0
516.0	15.0
517.0	16.0
518.0	15.0
519.0	17.0
520.0	13.0
521.0	18.0
522.0	18.0
523.0	22.0
524.0	18.0
525.0	14.0
526.0	17.0
527.0	6.0
528.0	11.0
529.0	8.0
530.0	8.0
531.0	13.0
532.0	13.0
533.0	13.0
534.0	15.0
535.0	3.0
536.0	6.0
537.0	12.0
538.0	11.0
539.0	8.0
540.0	8.0
541.0	8.0
542.0	9.0
543.0	7.0
544.0	12.0
545.0	10.0
546.0	10.0
547.0	12.0
548.0	12.0
549.0	10.0
550.0	15.0
551.0	6.0
552.0	9.0
553.0	4.0
554.0	10.0
555.0	9.0
556.0	8.0
557.0	10.0
558.0	12.0
559.0	15.0
560.0	15.0
561.0	10.0
562.0	7.0
563.0	3.0
564.0	4.0
565.0	7.0
566.0	5.0
567.0	5.0
568.0	7.0
569.0	13.0
570.0	10.0
571.0	10.0
572.0	5.0
573.0	7.0
574.0	5.0
575.0	7.0
576.0	5.0
577.0	6.0
578.0	7.0
579.0	6.0
580.0	7.0
581.0	6.0
582.0	6.0
583.0	6.0
584.0	8.0
585.0	9.0
586.0	4.0
587.0	7.0
588.0	9.0
589.0	8.0
590.0	7.0
591.0	9.0
592.0	7.0
593.0	5.0
594.0	6.0
595.0	6.0
596.0	8.0
597.0	3.0
598.0	7.0
599.0	7.0
600.0	8.0
601.0	10.0
602.0	8.0
603.0	6.0
604.0	7.0
605.0	6.0
606.0	5.0
607.0	10.0
608.0	5.0
609.0	7.0
610.0	11.0
611.0	7.0
612.0	4.0
613.0	4.0
614.0	9.0
615.0	6.0
616.0	5.0
617.0	8.0
618.0	12.0
619.0	6.0
620.0	4.0
621.0	7.0
622.0	6.0
623.0	5.0
624.0	9.0
625.0	11.0
626.0	4.0
627.0	12.0
628.0	8.0
629.0	4.0
630.0	7.0
631.0	7.0
632.0	4.0
633.0	11.0
634.0	7.0
635.0	8.0
636.0	5.0
637.0	6.0
638.0	1.0
639.0	5.0
640.0	8.0
641.0	8.0
642.0	3.0
643.0	4.0
645.0	4.0
646.0	2.0
647.0	4.0
648.0	7.0
649.0	6.0
650.0	4.0
651.0	4.0
652.0	5.0
653.0	5.0
654.0	2.0
655.0	8.0
656.0	3.0
657.0	3.0
658.0	4.0
659.0	3.0
660.0	2.0
661.0	2.0
662.0	6.0
663.0	3.0
664.0	1.0
665.0	3.0
666.0	2.0
667.0	3.0
668.0	8.0
669.0	4.0
670.0	6.0
671.0	4.0
672.0	4.0
673.0	5.0
674.0	2.0
675.0	5.0
676.0	4.0
677.0	2.0
678.0	4.0
679.0	5.0
680.0	3.0
681.0	4.0
682.0	5.0
683.0	3.0
684.0	3.0
685.0	2.0
686.0	3.0
687.0	3.0
688.0	6.0
689.0	3.0
690.0	3.0
691.0	4.0
692.0	2.0
693.0	3.0
694.0	1.0
695.0	5.0
696.0	8.0
697.0	7.0
698.0	4.0
699.0	5.0
700.0	6.0
701.0	5.0
702.0	5.0
703.0	4.0
704.0	2.0
705.0	5.0
706.0	21.0
707.0	1.0
708.0	2.0
710.0	10.0
711.0	4.0
712.0	2.0
713.0	1.0
714.0	3.0
715.0	2.0
716.0	4.0
717.0	1.0
718.0	4.0
719.0	3.0
720.0	4.0
721.0	2.0
722.0	4.0
723.0	5.0
724.0	4.0
725.0	2.0
726.0	6.0
727.0	5.0
728.0	1.0
729.0	6.0
730.0	2.0
731.0	4.0
732.0	4.0
733.0	1.0
734.0	6.0
735.0	4.0
736.0	3.0
737.0	3.0
738.0	6.0
739.0	6.0
740.0	4.0
741.0	6.0
742.0	4.0
743.0	18.0
744.0	4.0
745.0	5.0
746.0	7.0
747.0	9.0
748.0	2.0
749.0	3.0
750.0	4.0
751.0	1.0
752.0	6.0
753.0	1.0
754.0	1.0
755.0	1.0
756.0	3.0
757.0	4.0
758.0	7.0
759.0	8.0
760.0	5.0
761.0	3.0
762.0	9.0
763.0	5.0
764.0	2.0
765.0	4.0
766.0	4.0
767.0	2.0
768.0	7.0
769.0	9.0
770.0	5.0
771.0	5.0
772.0	3.0
773.0	3.0
774.0	6.0
775.0	6.0
776.0	4.0
777.0	8.0
778.0	6.0
779.0	1.0
780.0	1.0
781.0	6.0
782.0	2.0
783.0	4.0
784.0	4.0
785.0	3.0
786.0	6.0
787.0	2.0
788.0	4.0
789.0	5.0
790.0	3.0
791.0	6.0
793.0	2.0
794.0	3.0
795.0	5.0
796.0	2.0
797.0	4.0
798.0	5.0
799.0	5.0
800.0	3.0
801.0	2.0
802.0	1.0
803.0	5.0
804.0	2.0
805.0	1.0
806.0	4.0
807.0	6.0
808.0	3.0
809.0	5.0
810.0	6.0
811.0	1.0
812.0	3.0
813.0	3.0
814.0	2.0
815.0	5.0
816.0	5.0
817.0	3.0
818.0	1.0
819.0	6.0
820.0	1.0
821.0	4.0
822.0	1.0
823.0	2.0
825.0	1.0
826.0	3.0
827.0	3.0
828.0	2.0
829.0	2.0
830.0	1.0
831.0	5.0
832.0	3.0
833.0	3.0
834.0	4.0
835.0	2.0
836.0	4.0
837.0	2.0
838.0	6.0
839.0	1.0
840.0	1.0
841.0	1.0
842.0	4.0
843.0	2.0
844.0	1.0
845.0	2.0
846.0	2.0
847.0	3.0
848.0	3.0
850.0	2.0
851.0	1.0
852.0	2.0
854.0	3.0
855.0	3.0
856.0	2.0
857.0	2.0
858.0	3.0
859.0	3.0
860.0	1.0
861.0	1.0
862.0	1.0
863.0	2.0
864.0	5.0
865.0	2.0
866.0	3.0
867.0	1.0
868.0	1.0
869.0	2.0
870.0	2.0
871.0	4.0
872.0	1.0
873.0	1.0
874.0	3.0
875.0	2.0
876.0	2.0
877.0	2.0
878.0	8.0
879.0	3.0
880.0	2.0
881.0	5.0
882.0	3.0
883.0	4.0
884.0	4.0
885.0	2.0
886.0	4.0
887.0	4.0
888.0	2.0
889.0	3.0
890.0	4.0
892.0	4.0
893.0	2.0
895.0	1.0
896.0	2.0
897.0	2.0
898.0	1.0
900.0	3.0
901.0	1.0
902.0	4.0
903.0	2.0
904.0	3.0
905.0	1.0
906.0	1.0
907.0	1.0
908.0	1.0
909.0	4.0
910.0	1.0
911.0	3.0
912.0	3.0
913.0	1.0
914.0	1.0
915.0	3.0
916.0	2.0
917.0	3.0
918.0	3.0
919.0	1.0
920.0	3.0
921.0	3.0
922.0	2.0
923.0	4.0
924.0	6.0
926.0	1.0
927.0	4.0
928.0	3.0
929.0	3.0
930.0	5.0
931.0	3.0
932.0	1.0
933.0	3.0
934.0	2.0
935.0	3.0
937.0	3.0
938.0	4.0
939.0	2.0
940.0	1.0
941.0	2.0
942.0	3.0
943.0	1.0
944.0	5.0
945.0	5.0
946.0	3.0
948.0	3.0
949.0	2.0
950.0	6.0
951.0	1.0
952.0	2.0
953.0	2.0
954.0	3.0
955.0	3.0
956.0	5.0
957.0	4.0
958.0	2.0
959.0	6.0
960.0	6.0
961.0	3.0
962.0	2.0
963.0	4.0
964.0	1.0
965.0	2.0
966.0	7.0
969.0	4.0
970.0	7.0
971.0	4.0
972.0	5.0
973.0	5.0
974.0	2.0
975.0	3.0
976.0	4.0
977.0	3.0
978.0	5.0
979.0	1.0
980.0	4.0
981.0	6.0
982.0	1.0
983.0	2.0
984.0	2.0
985.0	4.0
986.0	1.0
987.0	4.0
988.0	2.0
989.0	1.0
990.0	2.0
991.0	2.0
992.0	1.0
994.0	4.0
995.0	3.0
996.0	3.0
997.0	2.0
998.0	4.0
999.0	4.0
1000.0	2.0
1001.0	4.0
1002.0	6.0
1003.0	6.0
1004.0	5.0
1006.0	5.0
1007.0	2.0
1008.0	4.0
1009.0	3.0
1010.0	3.0
1011.0	2.0
1012.0	4.0
1013.0	6.0
1014.0	1.0
1015.0	1.0
1016.0	2.0
1017.0	5.0
1018.0	5.0
1019.0	7.0
1020.0	4.0
1021.0	2.0
1022.0	4.0
1023.0	1.0
1025.0	6.0
1026.0	1.0
1028.0	3.0
1029.0	3.0
1031.0	3.0
1032.0	4.0
1033.0	2.0
1034.0	1.0
1035.0	4.0
1036.0	4.0
1037.0	3.0
1038.0	4.0
1039.0	2.0
1040.0	4.0
1041.0	4.0
1042.0	5.0
1043.0	3.0
1044.0	5.0
1045.0	4.0
1046.0	7.0
1047.0	8.0
1048.0	4.0
1049.0	4.0
1050.0	3.0
1052.0	2.0
1053.0	4.0
1054.0	7.0
1055.0	2.0
1056.0	2.0
1058.0	3.0
1059.0	2.0
1060.0	9.0
1061.0	2.0
1062.0	4.0
1063.0	2.0
1064.0	6.0
1065.0	2.0
1066.0	2.0
1068.0	1.0
1069.0	2.0
1070.0	3.0
1071.0	3.0
1072.0	2.0
1073.0	4.0
1074.0	2.0
1076.0	1.0
1077.0	2.0
1078.0	3.0
1079.0	2.0
1080.0	3.0
1081.0	6.0
1082.0	5.0
1083.0	2.0
1084.0	3.0
1085.0	1.0
1086.0	4.0
1087.0	2.0
1088.0	3.0
1089.0	5.0
1090.0	4.0
1091.0	4.0
1092.0	1.0
1093.0	2.0
1094.0	2.0
1095.0	3.0
1096.0	6.0
1097.0	2.0
1098.0	2.0
1099.0	3.0
1100.0	4.0
1101.0	3.0
1102.0	2.0
1104.0	1.0
1105.0	3.0
1107.0	3.0
1109.0	3.0
1110.0	6.0
1111.0	5.0
1112.0	1.0
1113.0	5.0
1116.0	2.0
1117.0	2.0
1118.0	1.0
1119.0	4.0
1120.0	3.0
1122.0	4.0
1123.0	1.0
1124.0	4.0
1125.0	2.0
1126.0	3.0
1127.0	1.0
1128.0	1.0
1129.0	2.0
1130.0	3.0
1131.0	2.0
1132.0	2.0
1133.0	3.0
1135.0	2.0
1136.0	2.0
1137.0	3.0
1139.0	2.0
1140.0	4.0
1141.0	4.0
1142.0	4.0
1143.0	5.0
1144.0	1.0
1146.0	2.0
1147.0	3.0
1148.0	7.0
1149.0	5.0
1150.0	4.0
1151.0	3.0
1152.0	1.0
1153.0	4.0
1154.0	3.0
1155.0	2.0
1156.0	5.0
1157.0	4.0
1159.0	3.0
1160.0	1.0
1161.0	4.0
1162.0	1.0
1163.0	4.0
1164.0	3.0
1165.0	3.0
1167.0	3.0
1168.0	2.0
1169.0	1.0
1170.0	4.0
1171.0	1.0
1173.0	3.0
1174.0	2.0
1175.0	1.0
1176.0	3.0
1177.0	2.0
1178.0	1.0
1181.0	3.0
1182.0	1.0
1183.0	5.0
1184.0	3.0
1185.0	3.0
1186.0	2.0
1187.0	1.0
1188.0	6.0
1189.0	1.0
1190.0	2.0
1191.0	3.0
1192.0	3.0
1193.0	2.0
1194.0	2.0
1195.0	3.0
1196.0	1.0
1198.0	5.0
1199.0	1.0
1200.0	1.0
1201.0	3.0
1202.0	1.0
1204.0	1.0
1206.0	1.0
1207.0	4.0
1209.0	2.0
1210.0	1.0
1212.0	3.0
1213.0	2.0
1214.0	1.0
1215.0	1.0
1216.0	1.0
1217.0	1.0
1218.0	2.0
1219.0	2.0
1220.0	2.0
1221.0	2.0
1225.0	1.0
1226.0	1.0
1227.0	4.0
1228.0	1.0
1229.0	1.0
1230.0	1.0
1232.0	3.0
1233.0	3.0
1234.0	1.0
1236.0	2.0
1237.0	1.0
1238.0	2.0
1239.0	2.0
1240.0	1.0
1241.0	1.0
1242.0	1.0
1243.0	2.0
1244.0	1.0
1245.0	1.0
1246.0	1.0
1247.0	1.0
1249.0	1.0
1251.0	3.0
1252.0	1.0
1253.0	2.0
1254.0	1.0
1255.0	2.0
1256.0	3.0
1259.0	2.0
1260.0	4.0
1261.0	1.0
1262.0	1.0
1263.0	2.0
1265.0	1.0
1266.0	2.0
1267.0	3.0
1269.0	1.0
1270.0	2.0
1271.0	2.0
1273.0	2.0
1274.0	1.0
1275.0	1.0
1277.0	2.0
1278.0	2.0
1279.0	1.0
1280.0	1.0
1281.0	4.0
1282.0	1.0
1284.0	1.0
1285.0	2.0
1286.0	2.0
1287.0	2.0
1288.0	2.0
1289.0	2.0
1292.0	1.0
1294.0	1.0
1295.0	1.0
1297.0	1.0
1298.0	2.0
1299.0	1.0
1300.0	1.0
1302.0	2.0
1304.0	1.0
1305.0	1.0
1306.0	2.0
1307.0	1.0
1311.0	1.0
1313.0	1.0
1314.0	1.0
1315.0	1.0
1316.0	2.0
1317.0	1.0
1318.0	3.0
1322.0	1.0
1323.0	2.0
1324.0	3.0
1325.0	1.0
1326.0	1.0
1327.0	4.0
1328.0	3.0
1330.0	2.0
1331.0	3.0
1332.0	2.0
1333.0	1.0
1334.0	4.0
1335.0	1.0
1336.0	1.0
1338.0	2.0
1339.0	4.0
1341.0	1.0
1342.0	2.0
1347.0	1.0
1348.0	3.0
1349.0	1.0
1352.0	1.0
1353.0	1.0
1354.0	1.0
1355.0	3.0
1356.0	1.0
1357.0	1.0
1358.0	1.0
1359.0	3.0
1360.0	1.0
1361.0	1.0
1362.0	1.0
1363.0	1.0
1365.0	2.0
1366.0	1.0
1369.0	1.0
1370.0	1.0
1371.0	2.0
1372.0	4.0
1373.0	2.0
1374.0	3.0
1376.0	1.0
1380.0	1.0
1381.0	2.0
1383.0	4.0
1384.0	1.0
1385.0	2.0
1386.0	2.0
1387.0	3.0
1388.0	3.0
1389.0	3.0
1390.0	3.0
1393.0	2.0
1395.0	1.0
1396.0	4.0
1397.0	1.0
1398.0	1.0
1399.0	2.0
1401.0	4.0
1402.0	3.0
1403.0	1.0
1406.0	2.0
1408.0	3.0
1409.0	2.0
1410.0	2.0
1411.0	2.0
1412.0	1.0
1414.0	1.0
1415.0	1.0
1417.0	1.0
1418.0	3.0
1419.0	1.0
1420.0	2.0
1421.0	4.0
1423.0	1.0
1424.0	2.0
1427.0	3.0
1428.0	2.0
1430.0	2.0
1431.0	2.0
1434.0	2.0
1435.0	2.0
1437.0	2.0
1438.0	1.0
1439.0	2.0
1440.0	3.0
1441.0	3.0
1442.0	2.0
1443.0	2.0
1444.0	3.0
1445.0	2.0
1446.0	6.0
1447.0	1.0
1448.0	2.0
1453.0	1.0
1454.0	2.0
1455.0	2.0
1456.0	2.0
1457.0	2.0
1458.0	4.0
1459.0	5.0
1460.0	4.0
1461.0	3.0
1462.0	10.0
1463.0	8.0
1464.0	5.0
1465.0	4.0
1466.0	9.0
1467.0	4.0
1468.0	5.0
1469.0	5.0
1470.0	2.0
1471.0	1.0
1472.0	4.0
1474.0	3.0
1475.0	2.0
1476.0	1.0
1477.0	1.0
1478.0	2.0
1479.0	1.0
1482.0	1.0
1483.0	1.0
1485.0	1.0
1488.0	3.0
1490.0	6.0
1492.0	1.0
1493.0	2.0
1494.0	1.0
1496.0	1.0
1498.0	2.0
1500.0	4.0
1502.0	3.0
1505.0	2.0
1506.0	2.0
1507.0	1.0
1509.0	1.0
1511.0	2.0
1512.0	3.0
1513.0	1.0
1515.0	1.0
1516.0	1.0
1517.0	1.0
1518.0	1.0
1519.0	2.0
1520.0	3.0
1521.0	3.0
1522.0	1.0
1523.0	1.0
1524.0	3.0
1528.0	3.0
1529.0	1.0
1530.0	2.0
1531.0	1.0
1533.0	2.0
1536.0	1.0
1538.0	2.0
1539.0	2.0
1540.0	1.0
1541.0	1.0
1542.0	1.0
1543.0	2.0
1544.0	2.0
1546.0	1.0
1547.0	1.0
1549.0	1.0
1552.0	2.0
1555.0	1.0
1556.0	1.0
1558.0	3.0
1559.0	1.0
1560.0	2.0
1562.0	1.0
1563.0	4.0
1564.0	2.0
1566.0	1.0
1567.0	3.0
1568.0	3.0
1569.0	1.0
1571.0	1.0
1573.0	2.0
1576.0	2.0
1577.0	1.0
1578.0	2.0
1579.0	1.0
1581.0	1.0
1582.0	3.0
1583.0	1.0
1584.0	2.0
1587.0	1.0
1589.0	1.0
1590.0	2.0
1591.0	1.0
1592.0	1.0
1593.0	2.0
1594.0	2.0
1595.0	1.0
1596.0	3.0
1599.0	1.0
1600.0	2.0
1602.0	1.0
1603.0	1.0
1604.0	1.0
1605.0	1.0
1607.0	2.0
1608.0	1.0
1613.0	3.0
1614.0	1.0
1615.0	1.0
1616.0	5.0
1617.0	1.0
1618.0	2.0
1620.0	1.0
1625.0	1.0
1626.0	1.0
1628.0	1.0
1630.0	1.0
1631.0	1.0
1632.0	1.0
1633.0	2.0
1634.0	1.0
1635.0	1.0
1636.0	1.0
1638.0	1.0
1639.0	1.0
1640.0	2.0
1642.0	2.0
1643.0	3.0
1644.0	4.0
1645.0	1.0
1646.0	1.0
1647.0	2.0
1650.0	1.0
1651.0	1.0
1652.0	1.0
1653.0	1.0
1654.0	1.0
1655.0	1.0
1656.0	2.0
1659.0	1.0
1662.0	2.0
1663.0	3.0
1664.0	2.0
1665.0	1.0
1666.0	1.0
1667.0	3.0
1668.0	1.0
1669.0	1.0
1670.0	2.0
1672.0	1.0
1673.0	2.0
1674.0	2.0
1675.0	1.0
1677.0	1.0
1679.0	1.0
1680.0	1.0
1682.0	1.0
1684.0	1.0
1686.0	1.0
1688.0	1.0
1690.0	1.0
1691.0	1.0
1693.0	1.0
1694.0	1.0
1695.0	2.0
1697.0	2.0
1698.0	1.0
1700.0	1.0
1701.0	1.0
1702.0	3.0
1705.0	1.0
1707.0	1.0
1709.0	1.0
1710.0	1.0
1712.0	1.0
1713.0	1.0
1715.0	3.0
1716.0	1.0
1717.0	2.0
1720.0	1.0
1721.0	3.0
1722.0	3.0
1724.0	2.0
1725.0	1.0
1726.0	2.0
1727.0	1.0
1730.0	1.0
1731.0	3.0
1732.0	1.0
1735.0	1.0
1736.0	1.0
1739.0	1.0
1740.0	2.0
1741.0	1.0
1742.0	2.0
1743.0	3.0
1744.0	1.0
1746.0	3.0
1748.0	1.0
1749.0	2.0
1750.0	1.0
1752.0	2.0
1754.0	2.0
1757.0	1.0
1758.0	2.0
1760.0	1.0
1761.0	1.0
1765.0	1.0
1767.0	1.0
1768.0	1.0
1771.0	2.0
1773.0	2.0
1775.0	1.0
1778.0	3.0
1783.0	2.0
1784.0	2.0
1787.0	2.0
1788.0	1.0
1789.0	1.0
1795.0	2.0
1797.0	1.0
1798.0	1.0
1800.0	3.0
1801.0	2.0
1803.0	2.0
1806.0	2.0
1808.0	4.0
1809.0	3.0
1810.0	2.0
1815.0	1.0
1817.0	1.0
1818.0	1.0
1820.0	2.0
1823.0	1.0
1826.0	2.0
1827.0	4.0
1830.0	2.0
1831.0	3.0
1832.0	1.0
1833.0	2.0
1838.0	1.0
1839.0	2.0
1841.0	1.0
1842.0	1.0
1843.0	2.0
1845.0	2.0
1846.0	1.0
1847.0	1.0
1848.0	1.0
1850.0	1.0
1853.0	2.0
1854.0	1.0
1855.0	3.0
1856.0	1.0
1858.0	2.0
1861.0	1.0
1862.0	2.0
1866.0	1.0
1867.0	1.0
1871.0	1.0
1874.0	1.0
1877.0	2.0
1879.0	2.0
1880.0	2.0
1882.0	1.0
1883.0	3.0
1884.0	1.0
1885.0	1.0
1886.0	1.0
1887.0	1.0
1888.0	1.0
1889.0	1.0
1890.0	1.0
1894.0	3.0
1895.0	1.0
1897.0	1.0
1898.0	1.0
1899.0	2.0
1900.0	4.0
1901.0	1.0
1902.0	3.0
1903.0	1.0
1904.0	1.0
1905.0	1.0
1906.0	2.0
1908.0	2.0
1909.0	1.0
1911.0	1.0
1912.0	2.0
1914.0	2.0
1915.0	3.0
1921.0	3.0
1922.0	1.0
1923.0	2.0
1926.0	4.0
1928.0	2.0
1930.0	1.0
1931.0	1.0
1932.0	3.0
1933.0	1.0
1934.0	1.0
1935.0	1.0
1936.0	1.0
1937.0	1.0
1938.0	2.0
1941.0	1.0
1944.0	2.0
1946.0	1.0
1947.0	2.0
1948.0	1.0
1949.0	2.0
1950.0	1.0
1953.0	1.0
1954.0	1.0
1957.0	1.0
1958.0	1.0
1961.0	2.0
1962.0	1.0
1963.0	1.0
1964.0	2.0
1965.0	2.0
1969.0	1.0
1972.0	2.0
1973.0	2.0
1974.0	1.0
1975.0	1.0
1978.0	1.0
1979.0	2.0
1980.0	1.0
1981.0	4.0
1982.0	1.0
1983.0	1.0
1984.0	1.0
1985.0	3.0
1986.0	2.0
1988.0	1.0
1989.0	1.0
1990.0	1.0
1991.0	2.0
1992.0	1.0
1994.0	3.0
1995.0	1.0
1996.0	1.0
1997.0	2.0
1998.0	3.0
2000.0	3.0
2002.0	4.0
2004.0	1.0
2005.0	1.0
2006.0	1.0
2007.0	2.0
2008.0	1.0
2011.0	2.0
2012.0	2.0
2013.0	7.0
2014.0	1.0
2015.0	1.0
2017.0	3.0
2019.0	1.0
2023.0	1.0
2024.0	3.0
2025.0	2.0
2026.0	3.0
2028.0	3.0
2032.0	3.0
2033.0	3.0
2034.0	1.0
2035.0	1.0
2036.0	2.0
2038.0	1.0
2039.0	1.0
2042.0	1.0
2044.0	2.0
2045.0	1.0
2046.0	4.0
2047.0	1.0
2048.0	3.0
2050.0	1.0
2052.0	2.0
2053.0	2.0
2054.0	1.0
2055.0	1.0
2057.0	1.0
2058.0	1.0
2059.0	1.0
2060.0	1.0
2062.0	2.0
2064.0	1.0
2065.0	2.0
2066.0	1.0
2068.0	2.0
2069.0	2.0
2070.0	1.0
2071.0	1.0
2072.0	1.0
2074.0	4.0
2077.0	1.0
2078.0	2.0
2081.0	1.0
2084.0	4.0
2088.0	1.0
2090.0	1.0
2091.0	2.0
2095.0	1.0
2096.0	1.0
2097.0	4.0
2098.0	1.0
2101.0	2.0
2102.0	2.0
2103.0	2.0
2104.0	2.0
2108.0	2.0
2114.0	3.0
2115.0	2.0
2116.0	2.0
2117.0	1.0
2118.0	4.0
2119.0	1.0
2120.0	1.0
2121.0	1.0
2122.0	1.0
2124.0	1.0
2125.0	3.0
2126.0	3.0
2127.0	3.0
2128.0	1.0
2129.0	1.0
2131.0	3.0
2133.0	1.0
2134.0	1.0
2135.0	1.0
2136.0	4.0
2139.0	2.0
2140.0	1.0
2141.0	2.0
2144.0	3.0
2145.0	1.0
2146.0	3.0
2147.0	1.0
2148.0	1.0
2149.0	1.0
2150.0	1.0
2152.0	3.0
2154.0	1.0
2156.0	1.0
2157.0	4.0
2158.0	2.0
2159.0	2.0
2161.0	1.0
2162.0	1.0
2163.0	3.0
2164.0	1.0
2165.0	2.0
2166.0	1.0
2167.0	3.0
2168.0	2.0
2169.0	1.0
2170.0	1.0
2171.0	2.0
2172.0	3.0
2173.0	3.0
2174.0	2.0
2175.0	1.0
2177.0	1.0
2178.0	1.0
2179.0	2.0
2180.0	2.0
2181.0	1.0
2182.0	1.0
2184.0	1.0
2185.0	1.0
2186.0	1.0
2187.0	1.0
2188.0	3.0
2189.0	1.0
2191.0	1.0
2193.0	1.0
2196.0	3.0
2197.0	2.0
2198.0	1.0
2199.0	3.0
2200.0	1.0
2201.0	4.0
2202.0	2.0
2204.0	3.0
2205.0	4.0
2206.0	1.0
2207.0	1.0
2208.0	1.0
2209.0	2.0
2210.0	1.0
2212.0	1.0
2213.0	3.0
2214.0	3.0
2216.0	1.0
2217.0	1.0
2219.0	1.0
2222.0	2.0
2224.0	1.0
2225.0	1.0
2226.0	3.0
2227.0	1.0
2228.0	2.0
2229.0	2.0
2230.0	1.0
2232.0	1.0
2233.0	1.0
2234.0	1.0
2235.0	1.0
2236.0	1.0
2237.0	1.0
2238.0	4.0
2239.0	1.0
2241.0	1.0
2242.0	1.0
2243.0	1.0
2246.0	1.0
2249.0	2.0
2250.0	4.0
2251.0	1.0
2252.0	3.0
2253.0	2.0
2255.0	3.0
2256.0	3.0
2258.0	1.0
2259.0	2.0
2260.0	1.0
2261.0	2.0
2262.0	4.0
2263.0	2.0
2264.0	1.0
2265.0	2.0
2266.0	1.0
2267.0	3.0
2268.0	2.0
2269.0	1.0
2271.0	1.0
2273.0	1.0
2276.0	3.0
2278.0	2.0
2279.0	1.0
2280.0	2.0
2281.0	1.0
2286.0	1.0
2288.0	1.0
2291.0	1.0
2292.0	1.0
2297.0	2.0
2298.0	2.0
2299.0	1.0
2300.0	1.0
2302.0	1.0
2303.0	1.0
2304.0	4.0
2305.0	2.0
2306.0	1.0
2309.0	2.0
2310.0	2.0
2312.0	1.0
2313.0	1.0
2314.0	1.0
2315.0	1.0
2316.0	1.0
2319.0	1.0
2320.0	1.0
2321.0	2.0
2322.0	1.0
2324.0	1.0
2325.0	2.0
2327.0	1.0
2328.0	1.0
2330.0	1.0
2331.0	1.0
2332.0	1.0
2333.0	2.0
2334.0	4.0
2335.0	2.0
2337.0	1.0
2339.0	1.0
2341.0	1.0
2342.0	1.0
2343.0	2.0
2344.0	2.0
2345.0	2.0
2346.0	2.0
2347.0	4.0
2348.0	1.0
2349.0	1.0
2352.0	1.0
2353.0	2.0
2354.0	1.0
2356.0	5.0
2357.0	1.0
2360.0	1.0
2362.0	2.0
2364.0	1.0
2365.0	1.0
2366.0	3.0
2367.0	2.0
2369.0	3.0
2372.0	1.0
2373.0	2.0
2376.0	3.0
2377.0	2.0
2378.0	2.0
2379.0	2.0
2380.0	1.0
2386.0	2.0
2387.0	1.0
2389.0	1.0
2390.0	2.0
2391.0	1.0
2392.0	1.0
2396.0	2.0
2398.0	2.0
2400.0	2.0
2402.0	1.0
2404.0	4.0
2405.0	1.0
2416.0	2.0
2417.0	1.0
2418.0	2.0
2419.0	1.0
2421.0	1.0
2422.0	1.0
2423.0	1.0
2424.0	1.0
2426.0	2.0
2428.0	3.0
2430.0	1.0
2433.0	1.0
2435.0	1.0
2441.0	2.0
2443.0	1.0
2444.0	1.0
2445.0	1.0
2446.0	1.0
2447.0	1.0
2454.0	1.0
2456.0	1.0
2458.0	1.0
2460.0	2.0
2462.0	1.0
2463.0	3.0
2465.0	1.0
2466.0	1.0
2467.0	1.0
2468.0	2.0
2469.0	1.0
2472.0	3.0
2473.0	1.0
2478.0	2.0
2482.0	3.0
2486.0	1.0
2489.0	1.0
2490.0	2.0
2492.0	1.0
2493.0	2.0
2495.0	1.0
2499.0	1.0
2505.0	1.0
2506.0	1.0
2508.0	2.0
2511.0	1.0
2512.0	1.0
2513.0	1.0
2514.0	1.0
2516.0	1.0
2517.0	1.0
2520.0	1.0
2523.0	1.0
2528.0	2.0
2529.0	1.0
2531.0	1.0
2533.0	1.0
2535.0	1.0
2536.0	1.0
2537.0	1.0
2538.0	1.0
2539.0	2.0
2540.0	1.0
2541.0	1.0
2542.0	2.0
2544.0	1.0
2548.0	1.0
2551.0	1.0
2554.0	1.0
2555.0	1.0
2556.0	3.0
2557.0	1.0
2558.0	2.0
2559.0	2.0
2560.0	1.0
2563.0	2.0
2564.0	3.0
2565.0	2.0
2567.0	1.0
2568.0	2.0
2569.0	1.0
2570.0	2.0
2576.0	2.0
2578.0	1.0
2579.0	1.0
2580.0	1.0
2581.0	1.0
2582.0	1.0
2583.0	1.0
2584.0	1.0
2585.0	1.0
2586.0	1.0
2587.0	2.0
2589.0	2.0
2591.0	2.0
2593.0	3.0
2595.0	2.0
2598.0	1.0
2599.0	1.0
2600.0	2.0
2601.0	3.0
2604.0	1.0
2605.0	1.0
2607.0	1.0
2608.0	1.0
2610.0	1.0
2611.0	3.0
2612.0	4.0
2613.0	1.0
2616.0	2.0
2617.0	1.0
2620.0	2.0
2622.0	1.0
2623.0	1.0
2625.0	1.0
2627.0	2.0
2629.0	3.0
2631.0	2.0
2634.0	1.0
2635.0	1.0
2636.0	1.0
2638.0	3.0
2639.0	2.0
2641.0	3.0
2642.0	2.0
2643.0	2.0
2644.0	1.0
2646.0	1.0
2647.0	1.0
2648.0	1.0
2649.0	1.0
2651.0	1.0
2652.0	1.0
2659.0	1.0
2660.0	1.0
2662.0	2.0
2665.0	3.0
2666.0	3.0
2667.0	1.0
2668.0	3.0
2669.0	1.0
2676.0	1.0
2677.0	1.0
2678.0	3.0
2683.0	1.0
2684.0	1.0
2685.0	4.0
2686.0	1.0
2687.0	2.0
2688.0	1.0
2689.0	1.0
2690.0	1.0
2692.0	1.0
2693.0	3.0
2695.0	1.0
2696.0	1.0
2697.0	1.0
2698.0	1.0
2699.0	1.0
2701.0	2.0
2702.0	2.0
2708.0	1.0
2711.0	1.0
2715.0	1.0
2717.0	2.0
2718.0	1.0
2720.0	2.0
2722.0	1.0
2723.0	3.0
2726.0	3.0
2728.0	1.0
2729.0	1.0
2731.0	2.0
2734.0	1.0
2736.0	1.0
2737.0	2.0
2739.0	1.0
2742.0	1.0
2748.0	3.0
2749.0	1.0
2752.0	1.0
2753.0	2.0
2755.0	1.0
2756.0	1.0
2761.0	1.0
2763.0	1.0
2764.0	2.0
2765.0	1.0
2769.0	1.0
2772.0	1.0
2775.0	2.0
2780.0	1.0
2781.0	2.0
2786.0	1.0
2788.0	1.0
2792.0	2.0
2797.0	1.0
2800.0	1.0
2801.0	1.0
2802.0	1.0
2803.0	1.0
2804.0	1.0
2813.0	1.0
2815.0	1.0
2818.0	1.0
2820.0	1.0
2821.0	1.0
2825.0	1.0
2826.0	3.0
2828.0	2.0
2829.0	2.0
2830.0	1.0
2833.0	1.0
2834.0	1.0
2835.0	2.0
2836.0	1.0
2839.0	1.0
2840.0	1.0
2844.0	2.0
2845.0	2.0
2846.0	1.0
2852.0	1.0
2863.0	1.0
2866.0	1.0
2870.0	1.0
2877.0	1.0
2881.0	1.0
2882.0	2.0
2885.0	1.0
2889.0	1.0
2890.0	1.0
2892.0	1.0
2893.0	1.0
2895.0	1.0
2897.0	1.0
2899.0	1.0
2903.0	1.0
2917.0	1.0
2921.0	1.0
2924.0	1.0
2927.0	1.0
2929.0	1.0
2931.0	1.0
2938.0	1.0
2944.0	1.0
2946.0	1.0
2947.0	1.0
2953.0	1.0
2964.0	1.0
2972.0	1.0
2977.0	1.0
2978.0	1.0
2979.0	1.0
2982.0	2.0
2995.0	2.0
2998.0	1.0
3000.0	1.0
3004.0	1.0
3006.0	1.0
3008.0	1.0
3009.0	1.0
3011.0	1.0
3015.0	1.0
3025.0	2.0
3026.0	1.0
3027.0	1.0
3031.0	3.0
3039.0	1.0
3040.0	1.0
3048.0	1.0
3053.0	1.0
3068.0	1.0
3069.0	1.0
3073.0	1.0
3074.0	1.0
3083.0	1.0
3084.0	1.0
3087.0	1.0
3090.0	1.0
3091.0	1.0
3093.0	1.0
3095.0	2.0
3099.0	1.0
3103.0	1.0
3107.0	1.0
3112.0	1.0
3113.0	1.0
3120.0	1.0
3123.0	1.0
3131.0	1.0
3132.0	1.0
3133.0	1.0
3135.0	2.0
3137.0	1.0
3138.0	1.0
3141.0	1.0
3147.0	1.0
3148.0	1.0
3155.0	2.0
3156.0	1.0
3159.0	1.0
3166.0	1.0
3173.0	1.0
3175.0	2.0
3178.0	2.0
3181.0	2.0
3186.0	2.0
3187.0	1.0
3189.0	1.0
3192.0	1.0
3193.0	1.0
3199.0	1.0
3200.0	1.0
3203.0	1.0
3204.0	1.0
3206.0	1.0
3207.0	1.0
3208.0	1.0
3209.0	2.0
3211.0	1.0
3212.0	2.0
3213.0	1.0
3214.0	1.0
3216.0	1.0
3217.0	2.0
3218.0	1.0
3223.0	2.0
3225.0	1.0
3226.0	2.0
3228.0	1.0
3241.0	1.0
3242.0	1.0
3243.0	2.0
3244.0	2.0
3258.0	1.0
3259.0	1.0
3261.0	1.0
3270.0	1.0
3271.0	1.0
3274.0	2.0
3275.0	1.0
3277.0	1.0
3278.0	1.0
3279.0	3.0
3281.0	1.0
3284.0	2.0
3289.0	1.0
3290.0	1.0
3291.0	1.0
3295.0	1.0
3297.0	1.0
3299.0	2.0
3300.0	1.0
3301.0	1.0
3303.0	2.0
3304.0	1.0
3308.0	1.0
3310.0	2.0
3313.0	1.0
3316.0	2.0
3317.0	1.0
3321.0	1.0
3323.0	1.0
3324.0	1.0
3327.0	1.0
3329.0	1.0
3330.0	1.0
3331.0	1.0
3332.0	1.0
3333.0	1.0
3334.0	1.0
3343.0	2.0
3347.0	1.0
3349.0	1.0
3356.0	1.0
3358.0	1.0
3364.0	1.0
3366.0	1.0
3367.0	1.0
3370.0	1.0
3371.0	1.0
3372.0	1.0
3374.0	1.0
3377.0	1.0
3379.0	3.0
3380.0	1.0
3384.0	1.0
3385.0	1.0
3391.0	1.0
3393.0	2.0
3394.0	1.0
3396.0	2.0
3397.0	1.0
3399.0	2.0
3406.0	1.0
3412.0	1.0
3417.0	1.0
3420.0	1.0
3424.0	1.0
3425.0	1.0
3429.0	1.0
3430.0	1.0
3433.0	1.0
3434.0	1.0
3438.0	2.0
3439.0	1.0
3440.0	1.0
3445.0	2.0
3446.0	1.0
3449.0	1.0
3454.0	1.0
3455.0	1.0
3457.0	1.0
3458.0	1.0
3462.0	1.0
3463.0	1.0
3466.0	2.0
3469.0	1.0
3476.0	1.0
3478.0	1.0
3479.0	2.0
3480.0	1.0
3483.0	2.0
3484.0	1.0
3489.0	2.0
3490.0	1.0
3497.0	2.0
3499.0	4.0
3500.0	1.0
3501.0	2.0
3502.0	1.0
3503.0	1.0
3504.0	1.0
3505.0	1.0
3509.0	1.0
3511.0	1.0
3515.0	1.0
3516.0	1.0
3519.0	1.0
3528.0	3.0
3531.0	1.0
3535.0	1.0
3536.0	1.0
3538.0	1.0
3541.0	1.0
3543.0	1.0
3545.0	1.0
3550.0	2.0
3553.0	1.0
3558.0	1.0
3559.0	1.0
3562.0	1.0
3563.0	1.0
3564.0	2.0
3567.0	1.0
3569.0	1.0
3571.0	2.0
3572.0	1.0
3573.0	1.0
3574.0	2.0
3577.0	2.0
3579.0	2.0
3586.0	1.0
3593.0	1.0
3599.0	1.0
3603.0	1.0
3604.0	1.0
3607.0	1.0
3612.0	1.0
3613.0	2.0
3618.0	1.0
3620.0	1.0
3626.0	1.0
3627.0	1.0
3629.0	1.0
3631.0	1.0
3632.0	1.0
3633.0	2.0
3634.0	1.0
3636.0	2.0
3637.0	2.0
3639.0	1.0
3640.0	1.0
3641.0	1.0
3644.0	1.0
3647.0	1.0
3648.0	2.0
3649.0	1.0
3656.0	2.0
3657.0	1.0
3659.0	1.0
3663.0	1.0
3668.0	1.0
3673.0	1.0
3677.0	1.0
3678.0	2.0
3680.0	1.0
3683.0	3.0
3694.0	1.0
3701.0	1.0
3702.0	1.0
3703.0	1.0
3706.0	1.0
3709.0	1.0
3710.0	1.0
3714.0	1.0
3716.0	1.0
3721.0	1.0
3725.0	1.0
3726.0	1.0
3728.0	1.0
3730.0	1.0
3739.0	1.0
3740.0	1.0
3742.0	1.0
3751.0	1.0
3752.0	2.0
3753.0	1.0
3755.0	1.0
3758.0	1.0
3759.0	2.0
3761.0	1.0
3764.0	1.0
3766.0	1.0
3770.0	1.0
3771.0	1.0
3775.0	2.0
3777.0	1.0
3778.0	1.0
3781.0	1.0
3782.0	1.0
3783.0	1.0
3785.0	1.0
3786.0	2.0
3790.0	1.0
3793.0	1.0
3794.0	1.0
3795.0	1.0
3808.0	1.0
3812.0	1.0
3817.0	1.0
3826.0	2.0
3827.0	1.0
3840.0	1.0
3841.0	1.0
3845.0	1.0
3850.0	1.0
3851.0	1.0
3855.0	2.0
3859.0	1.0
3861.0	2.0
3865.0	1.0
3867.0	1.0
3871.0	2.0
3874.0	1.0
3878.0	1.0
3881.0	1.0
3882.0	1.0
3884.0	1.0
3891.0	1.0
3892.0	2.0
3893.0	1.0
3899.0	1.0
3901.0	1.0
3904.0	1.0
3910.0	1.0
3913.0	1.0
3921.0	1.0
3923.0	1.0
3924.0	1.0
3926.0	1.0
3932.0	1.0
3936.0	1.0
3937.0	1.0
3942.0	1.0
3947.0	1.0
3949.0	2.0
3951.0	3.0
3958.0	1.0
3964.0	2.0
3972.0	1.0
3975.0	1.0
3976.0	1.0
3977.0	2.0
3982.0	1.0
3984.0	1.0
3989.0	1.0
3994.0	1.0
3996.0	1.0
4001.0	1.0
4004.0	1.0
4005.0	1.0
4013.0	1.0
4014.0	1.0
4022.0	1.0
4025.0	1.0
4027.0	1.0
4031.0	1.0
4033.0	1.0
4034.0	1.0
4035.0	1.0
4038.0	2.0
4039.0	1.0
4040.0	1.0
4045.0	2.0
4046.0	1.0
4047.0	1.0
4052.0	1.0
4053.0	2.0
4061.0	1.0
4062.0	1.0
4063.0	1.0
4066.0	1.0
4067.0	1.0
4068.0	1.0
4073.0	1.0
4075.0	1.0
4079.0	1.0
4081.0	2.0
4085.0	2.0
4092.0	1.0
4100.0	1.0
4110.0	1.0
4116.0	1.0
4126.0	1.0
4131.0	2.0
4139.0	1.0
4141.0	1.0
4149.0	2.0
4152.0	1.0
4164.0	1.0
4174.0	1.0
4176.0	1.0
4178.0	1.0
4184.0	1.0
4190.0	1.0
4193.0	1.0
4197.0	1.0
4198.0	1.0
4200.0	1.0
4203.0	1.0
4211.0	1.0
4218.0	1.0
4219.0	1.0
4220.0	1.0
4232.0	1.0
4238.0	2.0
4240.0	1.0
4249.0	1.0
4253.0	1.0
4256.0	1.0
4262.0	2.0
4263.0	1.0
4269.0	1.0
4271.0	2.0
4272.0	1.0
4275.0	1.0
4277.0	1.0
4279.0	1.0
4282.0	1.0
4283.0	1.0
4285.0	1.0
4287.0	1.0
4290.0	1.0
4293.0	1.0
4295.0	1.0
4296.0	1.0
4299.0	2.0
4301.0	1.0
4302.0	1.0
4303.0	1.0
4309.0	1.0
4310.0	1.0
4316.0	2.0
4317.0	1.0
4318.0	1.0
4323.0	1.0
4324.0	1.0
4328.0	1.0
4329.0	1.0
4331.0	1.0
4334.0	1.0
4336.0	1.0
4340.0	1.0
4348.0	1.0
4351.0	1.0
4359.0	1.0
4362.0	2.0
4368.0	1.0
4379.0	1.0
4380.0	1.0
4388.0	1.0
4390.0	1.0
4395.0	2.0
4396.0	2.0
4397.0	1.0
4398.0	1.0
4402.0	1.0
4403.0	3.0
4406.0	1.0
4408.0	1.0
4409.0	1.0
4414.0	2.0
4422.0	1.0
4423.0	1.0
4424.0	2.0
4428.0	1.0
4431.0	1.0
4432.0	1.0
4437.0	2.0
4442.0	1.0
4444.0	1.0
4445.0	1.0
4447.0	2.0
4448.0	1.0
4452.0	1.0
4454.0	1.0
4456.0	1.0
4457.0	1.0
4458.0	1.0
4460.0	1.0
4472.0	1.0
4484.0	1.0
4488.0	2.0
4494.0	1.0
4497.0	1.0
4498.0	1.0
4505.0	2.0
4506.0	1.0
4514.0	1.0
4517.0	1.0
4518.0	1.0
4520.0	1.0
4524.0	1.0
4529.0	1.0
4532.0	1.0
4533.0	1.0
4536.0	1.0
4537.0	1.0
4539.0	2.0
4542.0	1.0
4547.0	2.0
4548.0	1.0
4551.0	1.0
4552.0	1.0
4557.0	1.0
4561.0	1.0
4585.0	2.0
4590.0	1.0
4592.0	1.0
4596.0	1.0
4605.0	1.0
4610.0	1.0
4617.0	1.0
4623.0	2.0
4634.0	1.0
4636.0	1.0
4639.0	1.0
4641.0	2.0
4647.0	1.0
4653.0	1.0
4659.0	1.0
4665.0	1.0
4670.0	1.0
4684.0	1.0
4685.0	1.0
4691.0	1.0
4697.0	1.0
4701.0	1.0
4713.0	1.0
4729.0	1.0
4732.0	1.0
4734.0	1.0
4736.0	1.0
4738.0	1.0
4739.0	1.0
4741.0	1.0
4744.0	1.0
4763.0	1.0
4764.0	1.0
4775.0	1.0
4777.0	1.0
4788.0	1.0
4790.0	1.0
4797.0	1.0
4799.0	1.0
4801.0	1.0
4805.0	1.0
4807.0	1.0
4814.0	1.0
4815.0	1.0
4822.0	1.0
4825.0	1.0
4833.0	2.0
4836.0	2.0
4845.0	1.0
4848.0	1.0
4854.0	3.0
4866.0	2.0
4875.0	1.0
4879.0	1.0
4881.0	1.0
4886.0	1.0
4889.0	2.0
4899.0	1.0
4906.0	1.0
4911.0	1.0
4914.0	1.0
4915.0	1.0
4916.0	1.0
4917.0	1.0
4920.0	1.0
4923.0	1.0
4925.0	1.0
4929.0	1.0
4931.0	1.0
4936.0	2.0
4941.0	1.0
4945.0	1.0
4950.0	1.0
4951.0	1.0
4959.0	1.0
4961.0	1.0
4962.0	1.0
4963.0	2.0
4970.0	1.0
4971.0	1.0
4979.0	1.0
4985.0	1.0
4990.0	1.0
4992.0	1.0
4993.0	1.0
4994.0	1.0
4995.0	2.0
5001.0	1.0
5007.0	1.0
5015.0	1.0
5017.0	1.0
5021.0	1.0
5026.0	1.0
5027.0	1.0
5037.0	1.0
5041.0	1.0
5046.0	1.0
5049.0	1.0
5053.0	1.0
5055.0	1.0
5058.0	2.0
5059.0	1.0
5060.0	2.0
5067.0	1.0
5068.0	1.0
5069.0	1.0
5072.0	2.0
5075.0	1.0
5079.0	1.0
5085.0	1.0
5098.0	1.0
5099.0	1.0
5101.0	1.0
5102.0	1.0
5106.0	1.0
5107.0	2.0
5111.0	1.0
5121.0	1.0
5122.0	1.0
5123.0	1.0
5128.0	1.0
5131.0	1.0
5132.0	1.0
5134.0	1.0
5137.0	1.0
5140.0	1.0
5141.0	2.0
5144.0	1.0
5145.0	1.0
5148.0	1.0
5153.0	1.0
5154.0	1.0
5155.0	1.0
5156.0	1.0
5160.0	1.0
5163.0	1.0
5168.0	1.0
5170.0	1.0
5171.0	1.0
5173.0	1.0
5174.0	1.0
5176.0	1.0
5177.0	1.0
5178.0	1.0
5179.0	1.0
5181.0	1.0
5183.0	2.0
5188.0	1.0
5189.0	1.0
5190.0	2.0
5193.0	3.0
5196.0	1.0
5197.0	1.0
5203.0	1.0
5204.0	1.0
5207.0	1.0
5210.0	3.0
5213.0	2.0
5214.0	1.0
5215.0	1.0
5217.0	2.0
5218.0	2.0
5220.0	3.0
5221.0	1.0
5222.0	3.0
5223.0	5.0
5224.0	4.0
5225.0	13.0
5226.0	1.0
5227.0	2.0
5231.0	1.0
5232.0	1.0
5237.0	1.0
5238.0	1.0
5240.0	1.0
5247.0	1.0
5248.0	1.0
5261.0	1.0
5263.0	1.0
5264.0	2.0
5279.0	1.0
5282.0	1.0
5290.0	1.0
5292.0	1.0
5294.0	2.0
5296.0	1.0
5299.0	2.0
5302.0	1.0
5303.0	2.0
5304.0	1.0
5305.0	1.0
5308.0	2.0
5310.0	2.0
5311.0	1.0
5313.0	1.0
5314.0	1.0
5316.0	2.0
5317.0	1.0
5318.0	1.0
5322.0	1.0
5323.0	1.0
5324.0	1.0
5336.0	2.0
5338.0	1.0
5339.0	1.0
5348.0	1.0
5349.0	2.0
5350.0	1.0
5352.0	1.0
5356.0	1.0
5364.0	1.0
5375.0	1.0
5378.0	2.0
5381.0	1.0
5391.0	1.0
5392.0	1.0
5394.0	1.0
5398.0	1.0
5399.0	1.0
5400.0	1.0
5402.0	1.0
5406.0	2.0
5409.0	1.0
5413.0	1.0
5420.0	1.0
5424.0	2.0
5428.0	1.0
5431.0	2.0
5433.0	1.0
5437.0	1.0
5440.0	1.0
5443.0	1.0
5444.0	1.0
5461.0	1.0
5464.0	1.0
5466.0	1.0
5469.0	1.0
5473.0	1.0
5476.0	1.0
5478.0	1.0
5482.0	1.0
5485.0	1.0
5491.0	1.0
5492.0	1.0
5493.0	1.0
5501.0	1.0
5502.0	1.0
5510.0	2.0
5512.0	3.0
5513.0	1.0
5514.0	1.0
5515.0	1.0
5522.0	1.0
5523.0	1.0
5525.0	1.0
5526.0	1.0
5527.0	1.0
5528.0	1.0
5529.0	1.0
5530.0	3.0
5531.0	1.0
5533.0	1.0
5534.0	1.0
5535.0	1.0
5540.0	1.0
5541.0	1.0
5543.0	2.0
5553.0	1.0
5556.0	2.0
5557.0	1.0
5559.0	1.0
5561.0	2.0
5563.0	3.0
5575.0	1.0
5576.0	1.0
5587.0	1.0
5590.0	1.0
5596.0	1.0
5605.0	1.0
5606.0	2.0
5611.0	1.0
5617.0	3.0
5624.0	1.0
5631.0	1.0
5632.0	1.0
5633.0	2.0
5635.0	3.0
5636.0	1.0
5640.0	1.0
5643.0	1.0
5644.0	1.0
5646.0	1.0
5652.0	1.0
5657.0	1.0
5660.0	1.0
5661.0	1.0
5663.0	1.0
5677.0	1.0
5678.0	1.0
5687.0	1.0
5700.0	1.0
5702.0	1.0
5704.0	1.0
5714.0	1.0
5717.0	1.0
5718.0	1.0
5723.0	1.0
5725.0	1.0
5733.0	1.0
5752.0	1.0
5753.0	1.0
5785.0	1.0
5789.0	1.0
5791.0	1.0
5820.0	1.0
5823.0	1.0
5833.0	1.0
5867.0	1.0
5871.0	1.0
5873.0	1.0
5875.0	1.0
5879.0	1.0
5880.0	1.0
5905.0	1.0
5927.0	1.0
5931.0	1.0
5932.0	1.0
5934.0	1.0
5946.0	1.0
5949.0	1.0
5955.0	1.0
5959.0	1.0
5961.0	2.0
5962.0	1.0
5963.0	1.0
5964.0	1.0
5965.0	1.0
5966.0	3.0
5968.0	1.0
5971.0	2.0
5972.0	1.0
5975.0	1.0
5976.0	1.0
5978.0	1.0
5980.0	1.0
5981.0	2.0
5986.0	1.0
5987.0	1.0
5992.0	3.0
5993.0	4.0
5994.0	1.0
5996.0	1.0
5997.0	1.0
5999.0	1.0
6001.0	1.0
6004.0	1.0
6005.0	1.0
6009.0	1.0
6011.0	1.0
6014.0	2.0
6017.0	1.0
6029.0	1.0
6037.0	1.0
6039.0	1.0
6049.0	1.0
6052.0	1.0
6058.0	1.0
6063.0	1.0
6064.0	1.0
6067.0	2.0
6072.0	1.0
6075.0	1.0
6077.0	1.0
6078.0	1.0
6079.0	4.0
6086.0	1.0
6096.0	1.0
6110.0	1.0
6162.0	1.0
6165.0	2.0
6177.0	2.0
6187.0	1.0
6190.0	1.0
6191.0	1.0
6198.0	1.0
6200.0	1.0
6201.0	1.0
6219.0	1.0
6294.0	1.0
6307.0	1.0
6329.0	1.0
6337.0	1.0
6339.0	2.0
6341.0	1.0
6348.0	1.0
6354.0	1.0
6360.0	1.0
6365.0	1.0
6368.0	1.0
6370.0	1.0
6372.0	1.0
6378.0	1.0
6381.0	1.0
6389.0	1.0
6400.0	1.0
6408.0	1.0
6421.0	1.0
6430.0	1.0
6433.0	1.0
6448.0	1.0
6459.0	1.0
6460.0	1.0
6462.0	1.0
6479.0	1.0
6495.0	1.0
6499.0	1.0
6503.0	1.0
6508.0	1.0
6513.0	1.0
6517.0	1.0
6527.0	1.0
6531.0	1.0
6539.0	1.0
6542.0	1.0
6543.0	1.0
6544.0	1.0
6555.0	1.0
6565.0	1.0
6568.0	1.0
6587.0	1.0
6605.0	1.0
6615.0	1.0
6634.0	1.0
6656.0	1.0
6667.0	1.0
6705.0	1.0
6719.0	1.0
6724.0	1.0
6770.0	1.0
6796.0	1.0
6803.0	1.0
6807.0	1.0
6816.0	1.0
6817.0	1.0
6820.0	1.0
6823.0	1.0
6831.0	1.0
6861.0	1.0
6863.0	1.0
6876.0	1.0
6894.0	1.0
6927.0	1.0
6928.0	2.0
6972.0	1.0
6975.0	1.0
6976.0	1.0
6996.0	1.0
6999.0	1.0
7018.0	1.0
7019.0	1.0
7038.0	1.0
7063.0	1.0
7071.0	1.0
7102.0	1.0
7132.0	1.0
7134.0	1.0
7136.0	1.0
7141.0	1.0
7146.0	1.0
7148.0	1.0
7152.0	1.0
7220.0	1.0
7229.0	1.0
7257.0	1.0
7292.0	1.0
7306.0	1.0
7326.0	1.0
7340.0	1.0
7349.0	1.0
7355.0	1.0
7383.0	1.0
7395.0	1.0
7404.0	1.0
7498.0	1.0
7516.0	1.0
7521.0	1.0
7532.0	1.0
7540.0	1.0
7546.0	1.0
7575.0	1.0
7579.0	1.0
7580.0	1.0
7590.0	1.0
7607.0	1.0
7619.0	1.0
7633.0	1.0
7636.0	3.0
7647.0	1.0
7651.0	1.0
7654.0	1.0
7661.0	1.0
7664.0	1.0
7679.0	1.0
7687.0	1.0
7692.0	1.0
7695.0	1.0
7705.0	1.0
7711.0	1.0
7723.0	1.0
7729.0	1.0
7749.0	1.0
7753.0	1.0
7756.0	1.0
7757.0	1.0
7759.0	1.0
7761.0	1.0
7767.0	1.0
7774.0	1.0
7784.0	1.0
7800.0	1.0
7801.0	1.0
7807.0	2.0
7814.0	1.0
7827.0	1.0
7837.0	1.0
7844.0	1.0
7847.0	1.0
7886.0	1.0
7897.0	1.0
7905.0	1.0
7916.0	2.0
7919.0	1.0
7921.0	1.0
7922.0	1.0
7938.0	2.0
7944.0	1.0
7951.0	1.0
7960.0	1.0
7966.0	1.0
7973.0	1.0
8026.0	1.0
8030.0	2.0
8064.0	1.0
8066.0	1.0
8079.0	1.0
8090.0	1.0
8117.0	1.0
8132.0	1.0
8141.0	1.0
8161.0	1.0
8179.0	1.0
8209.0	1.0
8216.0	1.0
8218.0	1.0
8219.0	1.0
8220.0	1.0
8221.0	1.0
8244.0	1.0
8247.0	1.0
8256.0	1.0
8267.0	1.0
8268.0	1.0
8273.0	1.0
8286.0	1.0
8292.0	1.0
8303.0	1.0
8312.0	1.0
8319.0	1.0
8321.0	1.0
8325.0	1.0
8329.0	1.0
8368.0	1.0
8370.0	1.0
8373.0	1.0
8385.0	1.0
8386.0	1.0
8398.0	1.0
8404.0	1.0
8405.0	1.0
8415.0	1.0
8432.0	1.0
8434.0	1.0
8551.0	2.0
8565.0	1.0
8570.0	1.0
8592.0	1.0
8624.0	1.0
8629.0	1.0
8640.0	1.0
8651.0	1.0
8653.0	1.0
8661.0	1.0
8668.0	1.0
8674.0	2.0
8693.0	1.0
8706.0	1.0
8720.0	1.0
8721.0	1.0
8732.0	1.0
8735.0	1.0
8750.0	1.0
8764.0	1.0
8775.0	1.0
8795.0	1.0
8797.0	1.0
8810.0	1.0
8815.0	1.0
8821.0	1.0
8842.0	1.0
8850.0	1.0
8877.0	1.0
8878.0	1.0
8888.0	1.0
8893.0	1.0
8918.0	1.0
8966.0	1.0
8970.0	1.0
9015.0	2.0
9021.0	1.0
9030.0	1.0
9047.0	1.0
9055.0	2.0
9089.0	1.0
9097.0	1.0
9104.0	1.0
9113.0	1.0
9114.0	1.0
9128.0	1.0
9144.0	1.0
9152.0	1.0
9155.0	1.0
9156.0	1.0
9171.0	1.0
9180.0	1.0
9188.0	1.0
9200.0	1.0
9220.0	1.0
9223.0	1.0
9230.0	1.0
9247.0	1.0
9257.0	1.0
9270.0	1.0
9274.0	1.0
9283.0	1.0
9284.0	1.0
9286.0	1.0
9287.0	1.0
9289.0	1.0
9290.0	1.0
9293.0	1.0
9295.0	1.0
9319.0	1.0
9334.0	2.0
9349.0	1.0
9366.0	1.0
9374.0	1.0
9381.0	1.0
9409.0	1.0
9412.0	1.0
9434.0	1.0
9441.0	1.0
9459.0	1.0
9476.0	1.0
9478.0	1.0
9504.0	1.0
9508.0	1.0
9512.0	1.0
9538.0	1.0
9547.0	1.0
9563.0	1.0
9572.0	1.0
9595.0	1.0
9609.0	1.0
9611.0	1.0
9627.0	1.0
9628.0	1.0
9636.0	1.0
9643.0	1.0
9644.0	1.0
9665.0	1.0
9667.0	1.0
9670.0	1.0
9671.0	1.0
9682.0	1.0
9688.0	1.0
9691.0	1.0
9694.0	2.0
9698.0	1.0
9705.0	1.0
9708.0	1.0
9718.0	1.0
9729.0	1.0
9736.0	1.0
9757.0	1.0
9762.0	1.0
9763.0	1.0
9766.0	1.0
9770.0	1.0
9774.0	1.0
9791.0	1.0
9795.0	1.0
9804.0	1.0
9808.0	1.0
9819.0	1.0
9828.0	1.0
9829.0	1.0
9831.0	1.0
9832.0	1.0
9839.0	1.0
9842.0	1.0
9843.0	1.0
9868.0	1.0
9871.0	1.0
9898.0	1.0
9899.0	1.0
9913.0	1.0
9932.0	1.0
9936.0	1.0
9943.0	1.0
9955.0	1.0
9969.0	1.0
9983.0	1.0
9996.0	1.0
10000.0	1.0
10015.0	1.0
10033.0	1.0
10048.0	1.0
10052.0	1.0
10071.0	1.0
10084.0	1.0
10095.0	1.0
10109.0	1.0
10114.0	1.0
10129.0	1.0
10138.0	1.0
10145.0	1.0
10152.0	1.0
10154.0	1.0
10171.0	1.0
10175.0	1.0
10181.0	1.0
10203.0	1.0
10232.0	1.0
10244.0	1.0
10260.0	1.0
10274.0	1.0
10292.0	1.0
10309.0	1.0
10311.0	2.0
10316.0	1.0
10319.0	1.0
10324.0	1.0
10325.0	1.0
10327.0	1.0
10329.0	1.0
10333.0	1.0
10338.0	1.0
10339.0	1.0
10347.0	1.0
10352.0	1.0
10358.0	1.0
10359.0	1.0
10361.0	1.0
10367.0	1.0
10374.0	1.0
10381.0	1.0
10391.0	1.0
10393.0	1.0
10415.0	1.0
10416.0	2.0
10419.0	1.0
10421.0	1.0
10423.0	1.0
10427.0	1.0
10428.0	1.0
10442.0	1.0
10449.0	1.0
10452.0	1.0
10453.0	1.0
10463.0	1.0
10464.0	1.0
10475.0	1.0
10485.0	1.0
10496.0	1.0
10500.0	1.0
10504.0	1.0
10510.0	1.0
10513.0	1.0
10523.0	1.0
10529.0	1.0
10545.0	1.0
10546.0	1.0
10547.0	1.0
10549.0	1.0
10553.0	1.0
10554.0	1.0
10559.0	1.0
10562.0	1.0
10566.0	1.0
10570.0	1.0
10575.0	1.0
10587.0	1.0
10592.0	1.0
10594.0	2.0
10595.0	1.0
10596.0	1.0
10597.0	1.0
10602.0	2.0
10603.0	3.0
10604.0	5.0
10605.0	2.0
10606.0	10.0
10614.0	1.0
10622.0	1.0
10625.0	1.0
10635.0	1.0
10662.0	1.0
10666.0	1.0
10682.0	1.0
10705.0	1.0
10707.0	1.0
10709.0	1.0
10724.0	1.0
10728.0	1.0
10742.0	1.0
10743.0	1.0
10761.0	1.0
10763.0	1.0
10799.0	1.0
10800.0	1.0
10802.0	1.0
10803.0	1.0
10806.0	1.0
10809.0	1.0
10812.0	1.0
10827.0	1.0
10834.0	1.0
10837.0	1.0
10838.0	1.0
10841.0	1.0
10842.0	1.0
10844.0	1.0
10847.0	1.0
10850.0	1.0
10860.0	1.0
10866.0	1.0
10867.0	1.0
10872.0	1.0
10874.0	1.0
10877.0	1.0
10880.0	1.0
10887.0	1.0
10891.0	1.0
10893.0	1.0
10911.0	1.0
10918.0	1.0
10926.0	2.0
10934.0	1.0
10939.0	1.0
10940.0	1.0
10943.0	1.0
10953.0	1.0
10957.0	1.0
10972.0	1.0
10975.0	2.0
10991.0	1.0
11032.0	1.0
11034.0	1.0
11039.0	1.0
11044.0	1.0
11048.0	1.0
11049.0	1.0
11058.0	1.0
11061.0	1.0
11066.0	1.0
11074.0	1.0
11090.0	1.0
11108.0	1.0
11113.0	1.0
11117.0	1.0
11151.0	1.0
11155.0	1.0
11171.0	1.0
11180.0	1.0
11248.0	1.0
11269.0	1.0
11274.0	1.0
11279.0	1.0
11296.0	1.0
11300.0	1.0
11336.0	1.0
11338.0	1.0
11362.0	1.0
11387.0	1.0
11401.0	1.0
11416.0	1.0
11469.0	1.0
11489.0	1.0
11513.0	1.0
11526.0	1.0
11547.0	1.0
11569.0	1.0
11575.0	1.0
11582.0	1.0
11630.0	1.0
11633.0	1.0
11651.0	1.0
11704.0	1.0
11721.0	1.0
11813.0	1.0
11839.0	1.0
11840.0	1.0
11849.0	1.0
11885.0	1.0
11888.0	1.0
11893.0	1.0
11915.0	1.0
11956.0	1.0
11962.0	1.0
11965.0	1.0
12007.0	1.0
12028.0	1.0
12036.0	1.0
12128.0	1.0
12150.0	1.0
12152.0	1.0
12237.0	1.0
12262.0	1.0
12307.0	1.0
12312.0	1.0
12314.0	1.0
12328.0	1.0
12329.0	1.0
12345.0	1.0
12347.0	1.0
12371.0	2.0
12391.0	1.0
12433.0	1.0
12511.0	1.0
12522.0	1.0
12537.0	1.0
12542.0	1.0
12544.0	1.0
12562.0	1.0
12570.0	1.0
12572.0	1.0
12573.0	1.0
12582.0	1.0
12594.0	1.0
12601.0	1.0
12639.0	1.0
12650.0	1.0
12677.0	1.0
12682.0	1.0
12740.0	1.0
12750.0	1.0
12784.0	1.0
12787.0	1.0
12796.0	1.0
12813.0	1.0
12819.0	1.0
12825.0	1.0
12865.0	1.0
12879.0	1.0
12897.0	1.0
13011.0	1.0
13020.0	1.0
13022.0	1.0
13065.0	1.0
13074.0	1.0
13095.0	1.0
13101.0	1.0
13107.0	1.0
13124.0	1.0
13125.0	1.0
13151.0	1.0
13211.0	2.0
13279.0	1.0
13328.0	1.0
13379.0	1.0
13396.0	1.0
13401.0	1.0
13429.0	1.0
13476.0	1.0
13508.0	1.0
13538.0	1.0
13557.0	1.0
13565.0	1.0
13599.0	1.0
13640.0	1.0
13650.0	1.0
13655.0	1.0
13656.0	1.0
13751.0	1.0
13797.0	1.0
13828.0	1.0
13829.0	1.0
13836.0	1.0
13883.0	1.0
14019.0	1.0
14056.0	1.0
14085.0	1.0
14108.0	1.0
14120.0	1.0
14177.0	1.0
14227.0	1.0
14243.0	1.0
14276.0	1.0
14286.0	1.0
14400.0	1.0
14434.0	1.0
14437.0	1.0
14471.0	1.0
14478.0	2.0
14481.0	1.0
14534.0	1.0
14664.0	1.0
14671.0	1.0
14741.0	1.0
14748.0	1.0
14799.0	1.0
14800.0	1.0
14805.0	1.0
14812.0	1.0
14822.0	1.0
14850.0	1.0
14882.0	1.0
14889.0	1.0
14932.0	1.0
14947.0	1.0
14948.0	1.0
14981.0	1.0
14995.0	1.0
15040.0	1.0
15063.0	1.0
15065.0	1.0
15086.0	1.0
15102.0	1.0
15109.0	1.0
15142.0	1.0
15155.0	1.0
15162.0	1.0
15166.0	1.0
15289.0	1.0
15339.0	1.0
15352.0	1.0
15367.0	1.0
15370.0	1.0
15389.0	1.0
15436.0	1.0
15447.0	1.0
15501.0	1.0
15503.0	1.0
15506.0	1.0
15507.0	1.0
15533.0	1.0
15538.0	1.0
15552.0	1.0
15564.0	1.0
15572.0	1.0
15579.0	1.0
15650.0	1.0
15665.0	1.0
15719.0	1.0
15818.0	1.0
15824.0	1.0
15842.0	1.0
15850.0	1.0
15876.0	1.0
15893.0	1.0
15896.0	1.0
15906.0	1.0
15928.0	1.0
15932.0	1.0
15985.0	1.0
15988.0	1.0
16099.0	1.0
16109.0	1.0
16138.0	1.0
16143.0	1.0
16158.0	1.0
16167.0	1.0
16194.0	1.0
16203.0	1.0
16217.0	1.0
16219.0	1.0
16224.0	1.0
16254.0	1.0
16272.0	1.0
16277.0	1.0
16287.0	1.0
16291.0	1.0
16299.0	1.0
16339.0	1.0
16382.0	1.0
16398.0	1.0
16399.0	1.0
16417.0	1.0
16515.0	1.0
16534.0	1.0
16638.0	1.0
16679.0	1.0
16707.0	1.0
16718.0	1.0
16731.0	1.0
16785.0	1.0
16793.0	1.0
16796.0	1.0
16808.0	1.0
16902.0	1.0
16941.0	1.0
17089.0	1.0
17099.0	1.0
17139.0	1.0
17159.0	1.0
17205.0	1.0
17221.0	1.0
17258.0	1.0
17266.0	1.0
17313.0	1.0
17353.0	1.0
17378.0	1.0
17385.0	1.0
17396.0	1.0
17436.0	1.0
17482.0	1.0
17487.0	1.0
17525.0	1.0
17575.0	1.0
17582.0	1.0
17591.0	1.0
17593.0	1.0
17619.0	1.0
17635.0	1.0
17691.0	1.0
17711.0	1.0
17747.0	1.0
17752.0	1.0
17791.0	1.0
17856.0	1.0
17944.0	1.0
18047.0	1.0
18055.0	1.0
18089.0	1.0
18139.0	1.0
18186.0	1.0
18275.0	1.0
18342.0	1.0
18403.0	1.0
18558.0	1.0
18565.0	1.0
18617.0	1.0
18676.0	1.0
18733.0	1.0
18754.0	1.0
18777.0	1.0
18824.0	1.0
18855.0	1.0
18858.0	1.0
18880.0	1.0
18906.0	1.0
18971.0	1.0
19027.0	1.0
19042.0	1.0
19045.0	1.0
19076.0	1.0
19127.0	1.0
19159.0	1.0
19250.0	1.0
19327.0	1.0
19353.0	1.0
19360.0	1.0
19389.0	1.0
19452.0	1.0
19464.0	1.0
19471.0	1.0
19488.0	1.0
19511.0	1.0
19512.0	1.0
19519.0	1.0
19521.0	1.0
19523.0	1.0
19524.0	1.0
19525.0	1.0
19526.0	1.0
19527.0	4.0
19615.0	1.0
19649.0	1.0
19666.0	1.0
19703.0	1.0
19803.0	1.0
19812.0	1.0
19874.0	1.0
19881.0	1.0
19905.0	1.0
19909.0	1.0
19919.0	1.0
19944.0	1.0
20040.0	1.0
20255.0	1.0
20301.0	1.0
20340.0	1.0
20364.0	1.0
20433.0	1.0
20435.0	1.0
20443.0	1.0
20444.0	1.0
20452.0	1.0
20520.0	1.0
20723.0	1.0
20745.0	1.0
20750.0	1.0
20766.0	1.0
20784.0	1.0
20859.0	1.0
20866.0	1.0
20900.0	1.0
20941.0	1.0
21020.0	1.0
21174.0	1.0
21225.0	1.0
21230.0	1.0
21245.0	1.0
21272.0	1.0
21327.0	1.0
21343.0	1.0
21370.0	1.0
21435.0	1.0
21535.0	1.0
21594.0	1.0
21614.0	1.0
21655.0	1.0
21672.0	1.0
21678.0	1.0
21686.0	1.0
21702.0	1.0
21736.0	1.0
21738.0	1.0
21746.0	1.0
21846.0	1.0
21857.0	1.0
21948.0	1.0
22032.0	1.0
22059.0	1.0
22175.0	1.0
22206.0	1.0
22264.0	1.0
22266.0	1.0
22331.0	1.0
22344.0	1.0
22405.0	1.0
22415.0	1.0
22447.0	1.0
22451.0	1.0
22507.0	1.0
22519.0	1.0
22525.0	1.0
22529.0	1.0
22563.0	1.0
22588.0	2.0
22603.0	1.0
22607.0	1.0
22706.0	1.0
22798.0	1.0
22833.0	1.0
22888.0	1.0
22915.0	1.0
22928.0	1.0
22934.0	1.0
22970.0	1.0
23052.0	1.0
23068.0	1.0
23071.0	1.0
23133.0	1.0
23149.0	1.0
23211.0	1.0
23218.0	1.0
23223.0	1.0
23246.0	1.0
23314.0	1.0
23341.0	1.0
23370.0	1.0
23392.0	1.0
23415.0	1.0
23437.0	1.0
23465.0	1.0
23581.0	1.0
23619.0	1.0
23649.0	1.0
23682.0	1.0
23805.0	1.0
23815.0	1.0
23828.0	1.0
23862.0	1.0
23863.0	1.0
23867.0	1.0
23888.0	1.0
23895.0	1.0
23900.0	1.0
23914.0	1.0
23971.0	1.0
23998.0	1.0
24017.0	1.0
24045.0	1.0
24049.0	1.0
24087.0	1.0
24096.0	1.0
24119.0	1.0
24131.0	1.0
24154.0	1.0
24157.0	2.0
24185.0	1.0
24197.0	1.0
24220.0	1.0
24233.0	1.0
24250.0	1.0
24255.0	1.0
24288.0	1.0
24311.0	1.0
24331.0	1.0
24332.0	1.0
24349.0	1.0
24356.0	1.0
24369.0	1.0
24398.0	1.0
24416.0	1.0
24457.0	1.0
24483.0	1.0
24492.0	1.0
24496.0	1.0
24535.0	1.0
24619.0	1.0
24631.0	1.0
24647.0	1.0
24662.0	1.0
24693.0	1.0
24697.0	1.0
24830.0	1.0
24861.0	1.0
24904.0	1.0
24981.0	1.0
24990.0	1.0
25019.0	1.0
25093.0	1.0
25106.0	1.0
25157.0	1.0
25166.0	1.0
25259.0	1.0
25398.0	1.0
25406.0	1.0
25408.0	1.0
25457.0	1.0
25491.0	1.0
25579.0	1.0
25589.0	1.0
25619.0	1.0
25646.0	1.0
25675.0	1.0
25819.0	1.0
25871.0	1.0
25876.0	1.0
25929.0	1.0
25953.0	1.0
25989.0	1.0
26038.0	1.0
26043.0	1.0
26064.0	1.0
26097.0	1.0
26158.0	1.0
26178.0	1.0
26184.0	1.0
26241.0	1.0
26306.0	1.0
26393.0	1.0
26489.0	1.0
26609.0	1.0
26771.0	1.0
26781.0	1.0
26820.0	1.0
26830.0	1.0
26849.0	1.0
26870.0	1.0
26893.0	1.0
27000.0	1.0
27011.0	1.0
27036.0	1.0
27044.0	1.0
27109.0	2.0
27292.0	1.0
27337.0	1.0
27422.0	1.0
27593.0	1.0
27728.0	1.0
27733.0	1.0
27756.0	1.0
27766.0	1.0
27776.0	1.0
27803.0	1.0
27883.0	1.0
27899.0	1.0
27925.0	1.0
27932.0	1.0
27936.0	1.0
27965.0	1.0
27988.0	1.0
28002.0	1.0
28009.0	1.0
28016.0	1.0
28080.0	1.0
28114.0	1.0
28145.0	1.0
28173.0	1.0
28269.0	1.0
28300.0	1.0
28305.0	1.0
28330.0	1.0
28390.0	1.0
28422.0	1.0
28474.0	2.0
28478.0	1.0
28493.0	1.0
28527.0	1.0
28537.0	1.0
28548.0	1.0
28606.0	1.0
28632.0	1.0
28681.0	1.0
28896.0	1.0
28916.0	1.0
29043.0	1.0
29120.0	1.0
29298.0	1.0
29336.0	1.0
29351.0	1.0
29354.0	1.0
29397.0	1.0
29403.0	1.0
29450.0	1.0
29455.0	1.0
29564.0	1.0
29601.0	1.0
29704.0	1.0
29737.0	1.0
29742.0	1.0
29755.0	1.0
29790.0	1.0
29791.0	1.0
29809.0	1.0
30013.0	1.0
30033.0	1.0
30059.0	1.0
30063.0	1.0
30202.0	1.0
30253.0	1.0
30277.0	1.0
30299.0	1.0
30380.0	1.0
30427.0	1.0
30436.0	1.0
30592.0	1.0
30596.0	1.0
30661.0	1.0
30669.0	1.0
30700.0	1.0
30715.0	1.0
30720.0	1.0
30727.0	1.0
30775.0	1.0
30810.0	1.0
30894.0	1.0
30899.0	1.0
30917.0	1.0
30919.0	1.0
30932.0	1.0
30958.0	1.0
30977.0	1.0
30980.0	1.0
31073.0	1.0
31161.0	1.0
31162.0	1.0
31352.0	1.0
31404.0	1.0
31446.0	1.0
31467.0	1.0
31496.0	1.0
31555.0	1.0
31586.0	1.0
31607.0	1.0
31631.0	1.0
31689.0	1.0
31740.0	1.0
31771.0	1.0
31784.0	1.0
31817.0	1.0
31824.0	1.0
31859.0	1.0
31993.0	1.0
32018.0	1.0
32032.0	1.0
32066.0	1.0
32091.0	1.0
32220.0	1.0
32231.0	1.0
32334.0	1.0
32384.0	1.0
32392.0	1.0
32484.0	1.0
32502.0	1.0
32561.0	1.0
32604.0	1.0
32607.0	1.0
32614.0	1.0
32617.0	1.0
32635.0	1.0
32642.0	1.0
32673.0	1.0
32703.0	1.0
32824.0	1.0
32849.0	1.0
32903.0	1.0
32956.0	1.0
32987.0	1.0
33011.0	1.0
33113.0	1.0
33117.0	1.0
33118.0	1.0
33166.0	1.0
33175.0	1.0
33183.0	1.0
33195.0	1.0
33206.0	1.0
33231.0	1.0
33260.0	1.0
33297.0	1.0
33359.0	1.0
33460.0	1.0
33518.0	1.0
33646.0	1.0
33650.0	1.0
33751.0	1.0
33821.0	1.0
33866.0	1.0
34030.0	1.0
34131.0	1.0
34309.0	1.0
34333.0	1.0
34518.0	1.0
34663.0	1.0
34673.0	1.0
34696.0	1.0
34731.0	1.0
34862.0	1.0
34870.0	1.0
34873.0	1.0
34885.0	1.0
34899.0	1.0
34934.0	1.0
34949.0	1.0
34982.0	1.0
35073.0	1.0
35083.0	1.0
35201.0	1.0
35217.0	1.0
35294.0	1.0
35366.0	1.0
35537.0	1.0
35558.0	1.0
35562.0	1.0
35619.0	1.0
35668.0	1.0
35734.0	1.0
35784.0	1.0
35858.0	1.0
35881.0	1.0
35894.0	1.0
35972.0	1.0
36110.0	1.0
36139.0	1.0
36161.0	1.0
36260.0	1.0
36293.0	1.0
36305.0	1.0
36454.0	1.0
36509.0	1.0
36532.0	1.0
36570.0	1.0
36574.0	1.0
36592.0	1.0
36621.0	1.0
36625.0	2.0
36672.0	1.0
36677.0	1.0
36682.0	1.0
36688.0	1.0
36694.0	1.0
36716.0	1.0
36725.0	1.0
36780.0	1.0
36831.0	1.0
36848.0	1.0
36850.0	1.0
36862.0	1.0
36879.0	1.0
36897.0	1.0
36898.0	1.0
36901.0	1.0
36939.0	1.0
36948.0	1.0
37034.0	1.0
37050.0	1.0
37091.0	1.0
37097.0	1.0
37194.0	1.0
37228.0	1.0
37242.0	1.0
37247.0	1.0
37275.0	1.0
37281.0	1.0
37297.0	1.0
37305.0	1.0
37324.0	1.0
37339.0	1.0
37349.0	1.0
37360.0	1.0
37393.0	1.0
37400.0	1.0
37408.0	1.0
37419.0	1.0
37425.0	1.0
37540.0	1.0
37566.0	1.0
37579.0	1.0
37583.0	1.0
37603.0	1.0
37642.0	1.0
37648.0	1.0
37655.0	1.0
37783.0	1.0
37784.0	1.0
37825.0	1.0
37850.0	1.0
37851.0	1.0
37885.0	1.0
37889.0	1.0
37947.0	1.0
37993.0	1.0
38008.0	1.0
38009.0	1.0
38015.0	1.0
38068.0	1.0
38076.0	1.0
38182.0	1.0
38226.0	1.0
38310.0	1.0
38350.0	1.0
38353.0	1.0
38388.0	1.0
38444.0	1.0
38463.0	1.0
38491.0	1.0
38495.0	1.0
38555.0	1.0
38571.0	1.0
38614.0	1.0
38667.0	1.0
38670.0	1.0
38688.0	1.0
38711.0	1.0
38774.0	1.0
38800.0	1.0
38805.0	1.0
38930.0	1.0
38954.0	1.0
38962.0	1.0
39042.0	1.0
39048.0	1.0
39070.0	1.0
39116.0	1.0
39206.0	1.0
39207.0	1.0
39217.0	1.0
39333.0	1.0
39345.0	1.0
39348.0	1.0
39355.0	1.0
39366.0	1.0
39369.0	1.0
39383.0	1.0
39480.0	1.0
39507.0	1.0
39518.0	1.0
39561.0	1.0
39563.0	1.0
39592.0	1.0
39624.0	1.0
39668.0	1.0
39679.0	1.0
39695.0	1.0
39709.0	1.0
39740.0	1.0
39802.0	1.0
39860.0	1.0
40070.0	1.0
40080.0	1.0
40149.0	1.0
40177.0	1.0
40192.0	1.0
40270.0	1.0
40397.0	1.0
40409.0	1.0
40457.0	1.0
40494.0	1.0
40560.0	1.0
40571.0	1.0
40575.0	1.0
40583.0	1.0
40654.0	1.0
40663.0	1.0
40709.0	1.0
40786.0	1.0
40865.0	1.0
40893.0	1.0
40895.0	1.0
40899.0	1.0
40978.0	1.0
40980.0	1.0
41001.0	1.0
41179.0	1.0
41205.0	1.0
41208.0	1.0
41245.0	1.0
41275.0	1.0
41284.0	1.0
41288.0	2.0
41342.0	1.0
41354.0	1.0
41359.0	1.0
41364.0	1.0
41366.0	1.0
41423.0	1.0
41462.0	1.0
41468.0	1.0
41507.0	1.0
41587.0	1.0
41624.0	1.0
41654.0	1.0
41702.0	1.0
41740.0	1.0
41776.0	1.0
41823.0	1.0
41864.0	1.0
41882.0	1.0
41912.0	1.0
41996.0	1.0
42031.0	1.0
42045.0	2.0
42073.0	1.0
42089.0	1.0
42103.0	1.0
42151.0	1.0
42161.0	1.0
42190.0	1.0
42192.0	1.0
42262.0	1.0
42281.0	1.0
42298.0	1.0
42337.0	1.0
42351.0	1.0
42379.0	1.0
42392.0	1.0
42415.0	1.0
42428.0	1.0
42443.0	1.0
42461.0	1.0
42529.0	1.0
42531.0	1.0
42561.0	1.0
42617.0	1.0
42648.0	1.0
42660.0	1.0
42668.0	1.0
42680.0	1.0
42727.0	1.0
42733.0	1.0
42769.0	1.0
42797.0	1.0
42827.0	1.0
42846.0	1.0
42871.0	1.0
42873.0	1.0
42926.0	1.0
42992.0	1.0
42999.0	1.0
43008.0	1.0
43013.0	1.0
43030.0	1.0
43040.0	1.0
43075.0	1.0
43086.0	1.0
43111.0	1.0
43117.0	1.0
43123.0	1.0
43125.0	1.0
43152.0	1.0
43188.0	1.0
43206.0	1.0
43234.0	1.0
43256.0	1.0
43274.0	1.0
43281.0	1.0
43303.0	1.0
43304.0	1.0
43339.0	1.0
43349.0	1.0
43366.0	1.0
43417.0	1.0
43453.0	1.0
43476.0	1.0
43477.0	1.0
43690.0	1.0
43704.0	1.0
43790.0	1.0
43824.0	1.0
43829.0	1.0
43885.0	1.0
43897.0	1.0
43970.0	1.0
43993.0	1.0
44015.0	1.0
44034.0	1.0
44039.0	1.0
44054.0	1.0
44060.0	1.0
44097.0	1.0
44167.0	1.0
44215.0	1.0
44265.0	1.0
44350.0	1.0
44367.0	1.0
44380.0	1.0
44397.0	1.0
44420.0	1.0
44427.0	1.0
44435.0	1.0
44456.0	1.0
44474.0	1.0
44511.0	1.0
44518.0	1.0
44554.0	1.0
44592.0	1.0
44623.0	1.0
44631.0	1.0
44661.0	1.0
44671.0	1.0
44675.0	1.0
44677.0	1.0
44765.0	1.0
44807.0	1.0
44811.0	1.0
44826.0	1.0
44836.0	1.0
44937.0	1.0
44940.0	1.0
45019.0	1.0
45045.0	1.0
45201.0	1.0
45220.0	1.0
45302.0	1.0
45333.0	1.0
45409.0	1.0
45415.0	1.0
45426.0	1.0
45473.0	1.0
45539.0	1.0
45582.0	1.0
45587.0	1.0
45602.0	1.0
45630.0	1.0
45702.0	1.0
45731.0	1.0
45776.0	1.0
45786.0	1.0
45794.0	1.0
45848.0	1.0
45962.0	1.0
45974.0	1.0
46036.0	1.0
46146.0	1.0
46148.0	1.0
46162.0	1.0
46169.0	1.0
46211.0	1.0
46266.0	1.0
46302.0	1.0
46310.0	1.0
46333.0	1.0
46345.0	1.0
46462.0	1.0
46463.0	1.0
46466.0	1.0
46486.0	1.0
46496.0	1.0
46532.0	1.0
46537.0	1.0
46538.0	1.0
46542.0	1.0
46630.0	1.0
46660.0	1.0
46799.0	1.0
46819.0	1.0
46847.0	1.0
46866.0	1.0
46876.0	1.0
46928.0	1.0
46952.0	1.0
46994.0	1.0
47029.0	1.0
47032.0	1.0
47088.0	1.0
47128.0	1.0
47134.0	1.0
47151.0	1.0
47198.0	1.0
47247.0	1.0
47277.0	1.0
47291.0	1.0
47301.0	1.0
47308.0	1.0
47313.0	1.0
47324.0	1.0
47328.0	1.0
47335.0	1.0
47376.0	1.0
47454.0	1.0
47474.0	1.0
47494.0	2.0
47534.0	1.0
47538.0	1.0
47551.0	1.0
47567.0	1.0
47615.0	1.0
47649.0	1.0
47663.0	1.0
47678.0	1.0
47851.0	1.0
47871.0	1.0
47905.0	1.0
47909.0	1.0
47939.0	1.0
47949.0	1.0
47954.0	1.0
47998.0	1.0
48011.0	1.0
48017.0	1.0
48036.0	1.0
48059.0	1.0
48061.0	1.0
48101.0	1.0
48143.0	1.0
48169.0	1.0
48209.0	1.0
48248.0	1.0
48274.0	1.0
48315.0	1.0
48351.0	1.0
48363.0	1.0
48413.0	1.0
48475.0	1.0
48495.0	1.0
48532.0	1.0
48543.0	1.0
48592.0	1.0
48611.0	1.0
48673.0	1.0
48695.0	1.0
48780.0	1.0
48795.0	1.0
48842.0	1.0
48886.0	1.0
48908.0	1.0
48931.0	1.0
48935.0	1.0
48997.0	1.0
49018.0	1.0
49027.0	1.0
49056.0	1.0
49078.0	1.0
49127.0	1.0
49130.0	1.0
49136.0	1.0
49148.0	1.0
49167.0	1.0
49275.0	1.0
49291.0	1.0
49381.0	1.0
49425.0	1.0
49438.0	1.0
49448.0	1.0
49501.0	1.0
49535.0	1.0
49594.0	1.0
49660.0	1.0
49671.0	1.0
49704.0	1.0
49711.0	1.0
49799.0	1.0
49847.0	1.0
49863.0	1.0
49865.0	1.0
49889.0	1.0
49917.0	1.0
49960.0	1.0
49980.0	1.0
50015.0	1.0
50032.0	1.0
50093.0	1.0
50094.0	1.0
50175.0	1.0
50309.0	1.0
50330.0	1.0
50395.0	1.0
50412.0	1.0
50451.0	1.0
50514.0	1.0
50529.0	1.0
50552.0	1.0
50559.0	1.0
50568.0	1.0
50594.0	1.0
50596.0	1.0
50631.0	1.0
50635.0	1.0
50700.0	1.0
50739.0	1.0
50752.0	1.0
50764.0	1.0
50810.0	1.0
50876.0	1.0
50904.0	1.0
50907.0	1.0
50921.0	1.0
50945.0	1.0
50966.0	1.0
51026.0	1.0
51061.0	1.0
51076.0	1.0
51090.0	1.0
51098.0	1.0
51119.0	1.0
51144.0	1.0
51277.0	1.0
51304.0	1.0
51353.0	1.0
51464.0	1.0
51683.0	1.0
51714.0	1.0
51728.0	1.0
51800.0	1.0
51919.0	1.0
51978.0	1.0
51993.0	1.0
52000.0	1.0
52018.0	1.0
52021.0	1.0
52055.0	2.0
52057.0	1.0
52078.0	1.0
52146.0	1.0
52153.0	1.0
52177.0	1.0
52215.0	1.0
52245.0	1.0
52302.0	1.0
52351.0	1.0
52374.0	1.0
52381.0	1.0
52411.0	1.0
52421.0	1.0
52517.0	1.0
52518.0	1.0
52519.0	1.0
52529.0	1.0
52543.0	1.0
52552.0	1.0
52596.0	1.0
52600.0	1.0
52621.0	1.0
52630.0	1.0
52637.0	1.0
52638.0	1.0
52797.0	1.0
52818.0	1.0
52835.0	1.0
52845.0	1.0
52872.0	1.0
52896.0	1.0
52922.0	1.0
53000.0	1.0
53016.0	1.0
53034.0	1.0
53094.0	1.0
53117.0	1.0
53120.0	1.0
53150.0	1.0
53194.0	1.0
53209.0	1.0
53224.0	1.0
53274.0	1.0
53311.0	1.0
53340.0	1.0
53375.0	1.0
53534.0	1.0
53557.0	1.0
53559.0	1.0
53577.0	1.0
53608.0	1.0
53619.0	1.0
53656.0	1.0
53799.0	1.0
53833.0	1.0
53927.0	1.0
54000.0	1.0
54014.0	1.0
54025.0	1.0
54029.0	1.0
54059.0	1.0
54121.0	1.0
54144.0	1.0
54149.0	1.0
54176.0	1.0
54193.0	1.0
54212.0	1.0
54216.0	1.0
54259.0	1.0
54329.0	1.0
54335.0	1.0
54356.0	1.0
54403.0	1.0
54435.0	1.0
54457.0	1.0
54460.0	1.0
54519.0	1.0
54548.0	1.0
54551.0	1.0
54568.0	1.0
54649.0	1.0
54663.0	1.0
54687.0	1.0
54688.0	1.0
54710.0	2.0
54714.0	1.0
54722.0	1.0
54724.0	1.0
54776.0	1.0
54783.0	1.0
54806.0	1.0
54807.0	1.0
54879.0	1.0
54936.0	1.0
54940.0	1.0
54947.0	1.0
54974.0	1.0
55014.0	1.0
55052.0	1.0
55118.0	1.0
55135.0	1.0
55167.0	1.0
55239.0	1.0
55267.0	1.0
55286.0	1.0
55291.0	2.0
55361.0	1.0
55444.0	1.0
55521.0	1.0
55575.0	1.0
55590.0	1.0
55592.0	1.0
55600.0	1.0
55664.0	1.0
55691.0	1.0
55731.0	1.0
55799.0	1.0
55803.0	1.0
55817.0	1.0
55839.0	1.0
55863.0	1.0
55901.0	1.0
55929.0	1.0
55930.0	1.0
55951.0	1.0
56048.0	1.0
56073.0	1.0
56098.0	1.0
56138.0	1.0
56145.0	1.0
56217.0	1.0
56226.0	1.0
56279.0	1.0
56285.0	1.0
56305.0	1.0
56336.0	1.0
56421.0	1.0
56461.0	1.0
56469.0	1.0
56478.0	1.0
56513.0	1.0
56528.0	1.0
56559.0	1.0
56628.0	1.0
56664.0	1.0
56667.0	1.0
56669.0	1.0
56706.0	1.0
56720.0	1.0
56731.0	1.0
56753.0	1.0
56791.0	1.0
56813.0	2.0
56877.0	2.0
56941.0	1.0
56982.0	1.0
57007.0	1.0
57046.0	1.0
57070.0	1.0
57072.0	1.0
57092.0	1.0
57112.0	1.0
57114.0	1.0
57116.0	1.0
57139.0	1.0
57186.0	1.0
57209.0	1.0
57270.0	1.0
57277.0	1.0
57285.0	1.0
57342.0	1.0
57375.0	1.0
57413.0	1.0
57416.0	1.0
57502.0	2.0
57576.0	1.0
57581.0	1.0
57597.0	1.0
57601.0	1.0
57617.0	1.0
57659.0	1.0
57697.0	1.0
57732.0	1.0
57744.0	1.0
57765.0	1.0
57784.0	1.0
57899.0	1.0
57991.0	1.0
58007.0	1.0
58050.0	1.0
58051.0	1.0
58083.0	1.0
58144.0	1.0
58145.0	1.0
58166.0	1.0
58222.0	1.0
58254.0	1.0
58267.0	1.0
58292.0	1.0
58297.0	1.0
58317.0	1.0
58413.0	1.0
58422.0	1.0
58430.0	1.0
58443.0	1.0
58450.0	1.0
58468.0	1.0
58471.0	1.0
58489.0	1.0
58536.0	1.0
58550.0	1.0
58553.0	1.0
58556.0	1.0
58582.0	1.0
58644.0	1.0
58659.0	1.0
58678.0	1.0
58686.0	1.0
58714.0	1.0
58736.0	1.0
58746.0	1.0
58776.0	1.0
58800.0	1.0
58839.0	1.0
58870.0	1.0
58902.0	1.0
58911.0	1.0
58934.0	1.0
58942.0	1.0
58960.0	1.0
58964.0	1.0
58967.0	1.0
58969.0	1.0
58972.0	1.0
58981.0	1.0
58987.0	1.0
58995.0	1.0
59005.0	1.0
59096.0	1.0
59104.0	1.0
59137.0	1.0
59155.0	1.0
59211.0	1.0
59225.0	1.0
59293.0	1.0
59317.0	1.0
59320.0	1.0
59355.0	1.0
59360.0	1.0
59397.0	1.0
59414.0	1.0
59443.0	1.0
59496.0	1.0
59542.0	1.0
59556.0	1.0
59588.0	1.0
59639.0	1.0
59709.0	1.0
59860.0	1.0
59861.0	1.0
59881.0	1.0
59882.0	1.0
59890.0	1.0
59927.0	1.0
59950.0	1.0
59967.0	1.0
59970.0	1.0
59973.0	1.0
59975.0	1.0
59981.0	1.0
59992.0	1.0
60021.0	1.0
60026.0	1.0
60028.0	1.0
60040.0	1.0
60066.0	1.0
60086.0	1.0
60112.0	1.0
60120.0	1.0
60142.0	1.0
60273.0	1.0
60276.0	1.0
60299.0	1.0
60307.0	1.0
60309.0	1.0
60331.0	1.0
60367.0	1.0
60396.0	1.0
60420.0	1.0
60426.0	1.0
60428.0	1.0
60434.0	1.0
60455.0	1.0
60485.0	1.0
60486.0	1.0
60496.0	1.0
60524.0	1.0
60538.0	1.0
60547.0	1.0
60553.0	1.0
60574.0	1.0
60578.0	1.0
60579.0	1.0
60684.0	1.0
60694.0	1.0
60705.0	1.0
60723.0	1.0
60726.0	1.0
60745.0	1.0
60801.0	1.0
60838.0	1.0
60857.0	1.0
60909.0	1.0
60920.0	1.0
60936.0	1.0
60945.0	1.0
60967.0	1.0
60993.0	1.0
61036.0	1.0
61052.0	1.0
61054.0	1.0
61072.0	1.0
61074.0	1.0
61086.0	1.0
61110.0	1.0
61122.0	1.0
61152.0	1.0
61172.0	1.0
61189.0	1.0
61229.0	1.0
61244.0	1.0
61260.0	1.0
61271.0	1.0
61293.0	1.0
61326.0	1.0
61369.0	1.0
61378.0	1.0
61391.0	1.0
61397.0	1.0
61402.0	1.0
61423.0	1.0
61430.0	1.0
61442.0	1.0
61445.0	1.0
61455.0	1.0
61457.0	1.0
61458.0	1.0
61469.0	1.0
61492.0	1.0
61507.0	1.0
61516.0	1.0
61568.0	1.0
61598.0	1.0
61617.0	1.0
61629.0	1.0
61633.0	1.0
61708.0	1.0
61729.0	1.0
61731.0	1.0
61743.0	2.0
61751.0	1.0
61839.0	1.0
61863.0	1.0
61896.0	1.0
61926.0	1.0
61949.0	1.0
61955.0	1.0
61958.0	1.0
61960.0	1.0
61961.0	1.0
61966.0	2.0
61967.0	1.0
61991.0	1.0
61998.0	1.0
62003.0	1.0
62005.0	1.0
62007.0	1.0
62009.0	1.0
62039.0	1.0
62072.0	1.0
62086.0	1.0
62107.0	1.0
62110.0	1.0
62134.0	1.0
62152.0	1.0
62170.0	1.0
62193.0	1.0
62198.0	1.0
62218.0	1.0
62224.0	1.0
62236.0	1.0
62257.0	1.0
62278.0	1.0
62279.0	1.0
62282.0	1.0
62304.0	1.0
62318.0	1.0
62332.0	1.0
62338.0	1.0
62366.0	1.0
62372.0	1.0
62374.0	1.0
62382.0	1.0
62452.0	1.0
62458.0	1.0
62463.0	1.0
62464.0	1.0
62523.0	1.0
62550.0	1.0
62558.0	1.0
62564.0	1.0
62568.0	1.0
62591.0	1.0
62605.0	1.0
62653.0	1.0
62654.0	1.0
62662.0	1.0
62714.0	1.0
62747.0	1.0
62750.0	1.0
62779.0	1.0
62783.0	1.0
62812.0	1.0
62819.0	1.0
62863.0	1.0
62904.0	1.0
62908.0	1.0
62930.0	1.0
62932.0	1.0
63020.0	1.0
63024.0	1.0
63031.0	1.0
63066.0	1.0
63099.0	1.0
63130.0	1.0
63202.0	1.0
63203.0	1.0
63214.0	1.0
63216.0	1.0
63236.0	1.0
63297.0	1.0
63304.0	1.0
63321.0	1.0
63322.0	1.0
63356.0	1.0
63367.0	1.0
63371.0	1.0
63406.0	1.0
63428.0	1.0
63443.0	1.0
63452.0	1.0
63463.0	1.0
63464.0	1.0
63486.0	1.0
63503.0	1.0
63509.0	1.0
63516.0	1.0
63518.0	1.0
63520.0	1.0
63524.0	1.0
63540.0	1.0
63578.0	1.0
63591.0	1.0
63604.0	1.0
63607.0	1.0
63657.0	1.0
63679.0	1.0
63684.0	1.0
63688.0	1.0
63689.0	1.0
63703.0	1.0
63707.0	1.0
63727.0	1.0
63740.0	1.0
63779.0	1.0
63812.0	1.0
63820.0	1.0
63851.0	1.0
63868.0	1.0
63875.0	1.0
63891.0	1.0
63920.0	1.0
63983.0	1.0
64011.0	1.0
64023.0	1.0
64075.0	1.0
64094.0	1.0
64106.0	1.0
64127.0	1.0
64144.0	1.0
64147.0	1.0
64206.0	1.0
64235.0	1.0
64243.0	1.0
64273.0	1.0
64330.0	1.0
64338.0	1.0
64342.0	1.0
64348.0	1.0
64367.0	1.0
64405.0	1.0
64484.0	1.0
64486.0	1.0
64506.0	1.0
64516.0	1.0
64522.0	1.0
64523.0	1.0
64526.0	1.0
64544.0	1.0
64556.0	1.0
64559.0	1.0
64584.0	1.0
64602.0	1.0
64604.0	1.0
64609.0	1.0
64620.0	1.0
64621.0	1.0
64630.0	1.0
64661.0	1.0
64698.0	1.0
64701.0	1.0
64706.0	1.0
64735.0	1.0
64745.0	1.0
64756.0	1.0
64768.0	1.0
64779.0	1.0
64820.0	1.0
64831.0	1.0
64928.0	1.0
64943.0	1.0
64957.0	1.0
64988.0	1.0
65007.0	1.0
65012.0	1.0
65024.0	1.0
65059.0	2.0
65060.0	1.0
65067.0	1.0
65069.0	1.0
65070.0	1.0
65141.0	1.0
65171.0	1.0
65172.0	1.0
65184.0	1.0
65192.0	1.0
65255.0	1.0
65261.0	1.0
65272.0	1.0
65280.0	1.0
65291.0	1.0
65297.0	1.0
65304.0	1.0
65311.0	1.0
65379.0	1.0
65384.0	1.0
65401.0	1.0
65402.0	1.0
65403.0	1.0
65420.0	1.0
65467.0	1.0
65471.0	1.0
65487.0	1.0
65492.0	1.0
65570.0	1.0
65575.0	1.0
65587.0	1.0
65642.0	1.0
65664.0	1.0
65693.0	1.0
65699.0	1.0
65747.0	1.0
65777.0	2.0
65785.0	1.0
65797.0	1.0
65847.0	1.0
65851.0	1.0
65870.0	1.0
65888.0	1.0
65927.0	1.0
65940.0	1.0
65949.0	1.0
65965.0	1.0
65976.0	1.0
65997.0	1.0
66002.0	1.0
66005.0	1.0
66019.0	1.0
66021.0	1.0
66024.0	1.0
66027.0	1.0
66041.0	1.0
66042.0	1.0
66109.0	1.0
66111.0	1.0
66136.0	1.0
66142.0	1.0
66151.0	1.0
66179.0	1.0
66181.0	1.0
66198.0	1.0
66217.0	1.0
66225.0	1.0
66237.0	1.0
66275.0	1.0
66325.0	1.0
66329.0	1.0
66343.0	1.0
66348.0	1.0
66356.0	1.0
66359.0	1.0
66373.0	1.0
66392.0	1.0
66418.0	1.0
66421.0	1.0
66443.0	1.0
66460.0	1.0
66478.0	1.0
66489.0	1.0
66506.0	1.0
66525.0	1.0
66530.0	1.0
66542.0	1.0
66552.0	1.0
66608.0	1.0
66612.0	1.0
66643.0	1.0
66660.0	1.0
66674.0	1.0
66678.0	1.0
66704.0	1.0
66717.0	1.0
66720.0	1.0
66721.0	1.0
66750.0	1.0
66760.0	1.0
66817.0	1.0
66831.0	1.0
66835.0	1.0
66856.0	1.0
66858.0	1.0
66870.0	2.0
66873.0	1.0
66915.0	2.0
66931.0	1.0
66962.0	3.0
67047.0	1.0
67073.0	1.0
67078.0	1.0
67080.0	1.0
67096.0	1.0
67101.0	1.0
67134.0	1.0
67187.0	1.0
67217.0	1.0
67264.0	1.0
67270.0	1.0
67271.0	1.0
67275.0	1.0
67334.0	1.0
67380.0	1.0
67457.0	1.0
67465.0	1.0
67490.0	1.0
67494.0	1.0
67501.0	1.0
67502.0	2.0
67507.0	2.0
67562.0	1.0
67602.0	1.0
67643.0	1.0
67667.0	1.0
67683.0	1.0
67707.0	1.0
67734.0	1.0
67742.0	1.0
67759.0	1.0
67890.0	1.0
67901.0	1.0
67906.0	1.0
67925.0	1.0
67978.0	1.0
67983.0	1.0
68015.0	1.0
68029.0	1.0
68047.0	1.0
68049.0	1.0
68053.0	1.0
68066.0	1.0
68089.0	1.0
68094.0	1.0
68125.0	1.0
68126.0	1.0
68154.0	1.0
68165.0	1.0
68169.0	1.0
68188.0	1.0
68199.0	1.0
68200.0	2.0
68215.0	1.0
68220.0	1.0
68225.0	1.0
68234.0	1.0
68256.0	1.0
68270.0	1.0
68290.0	1.0
68319.0	1.0
68327.0	1.0
68372.0	1.0
68397.0	1.0
68403.0	1.0
68421.0	1.0
68465.0	1.0
68485.0	1.0
68518.0	1.0
68530.0	1.0
68567.0	1.0
68603.0	1.0
68615.0	1.0
68632.0	1.0
68655.0	2.0
68692.0	1.0
68697.0	1.0
68712.0	1.0
68715.0	1.0
68786.0	1.0
68815.0	1.0
68831.0	1.0
68847.0	1.0
68902.0	1.0
68906.0	1.0
68909.0	1.0
68912.0	1.0
68914.0	1.0
68917.0	1.0
68925.0	1.0
68934.0	1.0
68963.0	1.0
68969.0	1.0
68983.0	1.0
68991.0	1.0
68998.0	1.0
69047.0	1.0
69052.0	1.0
69084.0	1.0
69113.0	1.0
69118.0	1.0
69135.0	1.0
69141.0	1.0
69182.0	1.0
69190.0	1.0
69199.0	1.0
69227.0	1.0
69229.0	1.0
69271.0	1.0
69273.0	1.0
69288.0	1.0
69292.0	1.0
69296.0	1.0
69330.0	1.0
69337.0	1.0
69344.0	1.0
69357.0	1.0
69402.0	1.0
69540.0	1.0
69553.0	1.0
69556.0	1.0
69612.0	1.0
69642.0	1.0
69660.0	1.0
69669.0	1.0
69677.0	1.0
69679.0	1.0
69696.0	1.0
69701.0	1.0
69707.0	1.0
69760.0	1.0
69811.0	1.0
69816.0	1.0
69818.0	1.0
69865.0	1.0
69866.0	1.0
69937.0	1.0
69972.0	1.0
70023.0	1.0
70058.0	1.0
70072.0	1.0
70087.0	1.0
70088.0	1.0
70208.0	1.0
70227.0	1.0
70261.0	1.0
70271.0	1.0
70280.0	1.0
70283.0	1.0
70297.0	1.0
70298.0	1.0
70302.0	1.0
70352.0	1.0
70365.0	1.0
70397.0	1.0
70411.0	1.0
70463.0	1.0
70498.0	1.0
70515.0	1.0
70518.0	1.0
70520.0	1.0
70530.0	1.0
70533.0	1.0
70543.0	1.0
70625.0	1.0
70650.0	1.0
70671.0	1.0
70673.0	1.0
70676.0	1.0
70679.0	1.0
70689.0	1.0
70695.0	2.0
70706.0	1.0
70736.0	1.0
70740.0	1.0
70750.0	1.0
70787.0	1.0
70854.0	1.0
70857.0	1.0
70880.0	1.0
70932.0	1.0
70936.0	1.0
70952.0	1.0
70956.0	1.0
71002.0	1.0
71034.0	1.0
71090.0	1.0
71105.0	1.0
71110.0	1.0
71126.0	1.0
71143.0	1.0
71155.0	1.0
71158.0	1.0
71200.0	1.0
71210.0	1.0
71233.0	1.0
71296.0	1.0
71297.0	1.0
71303.0	1.0
71332.0	1.0
71368.0	1.0
71427.0	1.0
71467.0	1.0
71479.0	1.0
71487.0	1.0
71494.0	1.0
71499.0	1.0
71613.0	1.0
71617.0	1.0
71725.0	1.0
71728.0	1.0
71765.0	1.0
71839.0	1.0
71842.0	1.0
71914.0	1.0
71926.0	1.0
71949.0	1.0
71958.0	1.0
72015.0	1.0
72017.0	1.0
72018.0	1.0
72020.0	1.0
72044.0	1.0
72082.0	1.0
72131.0	1.0
72134.0	1.0
72178.0	1.0
72243.0	1.0
72258.0	1.0
72278.0	1.0
72291.0	1.0
72298.0	1.0
72359.0	1.0
72379.0	1.0
72409.0	1.0
72423.0	1.0
72441.0	1.0
72446.0	1.0
72452.0	1.0
72461.0	1.0
72465.0	1.0
72470.0	1.0
72491.0	1.0
72508.0	1.0
72603.0	1.0
72642.0	1.0
72651.0	1.0
72704.0	1.0
72730.0	1.0
72766.0	1.0
72833.0	1.0
72857.0	1.0
72867.0	1.0
72870.0	1.0
72891.0	1.0
72972.0	1.0
72987.0	1.0
72991.0	1.0
73026.0	2.0
73066.0	1.0
73073.0	1.0
73131.0	1.0
73194.0	1.0
73216.0	1.0
73236.0	1.0
73241.0	1.0
73277.0	1.0
73327.0	1.0
73368.0	1.0
73373.0	1.0
73428.0	1.0
73450.0	1.0
73504.0	1.0
73510.0	1.0
73577.0	1.0
73600.0	1.0
73627.0	1.0
73632.0	1.0
73654.0	1.0
73680.0	1.0
73683.0	1.0
73693.0	1.0
73710.0	1.0
73711.0	1.0
73713.0	1.0
73781.0	1.0
73790.0	1.0
73800.0	2.0
73811.0	1.0
73828.0	1.0
73842.0	1.0
73850.0	1.0
73890.0	1.0
73912.0	1.0
73918.0	1.0
73936.0	1.0
73940.0	1.0
73943.0	1.0
73945.0	1.0
73960.0	1.0
73973.0	1.0
73994.0	1.0
74113.0	1.0
74116.0	1.0
74127.0	1.0
74132.0	1.0
74143.0	1.0
74198.0	1.0
74206.0	1.0
74260.0	1.0
74263.0	1.0
74268.0	1.0
74280.0	1.0
74281.0	1.0
74288.0	1.0
74310.0	1.0
74361.0	1.0
74399.0	1.0
74451.0	1.0
74534.0	1.0
74615.0	1.0
74675.0	1.0
74728.0	1.0
74754.0	1.0
74759.0	1.0
74795.0	1.0
74831.0	1.0
74833.0	1.0
74910.0	1.0
74914.0	1.0
74931.0	1.0
74956.0	1.0
75020.0	1.0
75035.0	1.0
75112.0	1.0
75143.0	1.0
75164.0	1.0
75188.0	1.0
75212.0	1.0
75222.0	1.0
75243.0	1.0
75255.0	1.0
75302.0	1.0
75334.0	1.0
75383.0	1.0
75389.0	1.0
75404.0	1.0
75413.0	1.0
75443.0	1.0
75463.0	1.0
75486.0	1.0
75540.0	1.0
75563.0	1.0
75569.0	1.0
75577.0	1.0
75595.0	1.0
75620.0	1.0
75624.0	1.0
75626.0	1.0
75716.0	1.0
75784.0	1.0
75790.0	1.0
75848.0	1.0
75878.0	1.0
75971.0	1.0
75998.0	1.0
76010.0	1.0
76023.0	1.0
76025.0	1.0
76078.0	1.0
76086.0	1.0
76112.0	1.0
76114.0	1.0
76124.0	1.0
76128.0	1.0
76148.0	1.0
76179.0	1.0
76198.0	1.0
76200.0	1.0
76299.0	1.0
76310.0	1.0
76312.0	1.0
76321.0	1.0
76322.0	1.0
76333.0	1.0
76359.0	1.0
76375.0	1.0
76379.0	1.0
76415.0	1.0
76429.0	1.0
76486.0	1.0
76490.0	1.0
76496.0	1.0
76523.0	1.0
76531.0	1.0
76562.0	1.0
76592.0	1.0
76594.0	1.0
76611.0	1.0
76677.0	2.0
76678.0	1.0
76688.0	1.0
76690.0	1.0
76698.0	1.0
76708.0	1.0
76724.0	1.0
76727.0	1.0
76743.0	1.0
76744.0	1.0
76754.0	1.0
76762.0	1.0
76816.0	1.0
76828.0	1.0
76845.0	1.0
76848.0	1.0
76864.0	1.0
76869.0	2.0
76886.0	1.0
76887.0	1.0
76889.0	1.0
76895.0	1.0
76953.0	1.0
76975.0	1.0
77020.0	1.0
77050.0	1.0
77061.0	1.0
77075.0	1.0
77125.0	1.0
77164.0	1.0
77217.0	1.0
77238.0	1.0
77284.0	1.0
77308.0	1.0
77311.0	1.0
77317.0	1.0
77342.0	1.0
77382.0	1.0
77391.0	1.0
77474.0	1.0
77492.0	1.0
77496.0	1.0
77533.0	1.0
77542.0	1.0
77638.0	1.0
77649.0	1.0
77666.0	1.0
77669.0	1.0
77761.0	1.0
77807.0	1.0
77842.0	1.0
77846.0	1.0
77937.0	1.0
77942.0	1.0
77945.0	1.0
77951.0	1.0
77969.0	1.0
77974.0	1.0
77984.0	1.0
78021.0	1.0
78039.0	1.0
78063.0	1.0
78082.0	1.0
78084.0	1.0
78102.0	1.0
78121.0	1.0
78131.0	1.0
78154.0	1.0
78179.0	1.0
78185.0	1.0
78218.0	1.0
78225.0	1.0
78287.0	1.0
78297.0	1.0
78303.0	1.0
78319.0	1.0
78364.0	2.0
78381.0	1.0
78399.0	1.0
78401.0	1.0
78421.0	1.0
78429.0	1.0
78433.0	1.0
78458.0	1.0
78466.0	1.0
78514.0	1.0
78518.0	1.0
78532.0	1.0
78592.0	1.0
78600.0	1.0
78606.0	1.0
78621.0	1.0
78648.0	1.0
78673.0	1.0
78678.0	1.0
78799.0	1.0
78801.0	1.0
78811.0	2.0
78829.0	1.0
78846.0	1.0
78885.0	1.0
78912.0	1.0
78917.0	1.0
78921.0	1.0
78928.0	1.0
78943.0	1.0
78996.0	1.0
79016.0	1.0
79034.0	1.0
79051.0	1.0
79053.0	2.0
79062.0	1.0
79064.0	1.0
79083.0	1.0
79089.0	1.0
79105.0	1.0
79127.0	1.0
79128.0	1.0
79130.0	1.0
79133.0	1.0
79134.0	1.0
79147.0	1.0
79194.0	1.0
79205.0	1.0
79217.0	1.0
79218.0	1.0
79229.0	1.0
79279.0	1.0
79293.0	1.0
79328.0	1.0
79333.0	1.0
79337.0	1.0
79363.0	1.0
79376.0	1.0
79414.0	1.0
79424.0	1.0
79442.0	1.0
79480.0	1.0
79510.0	1.0
79544.0	1.0
79553.0	1.0
79567.0	1.0
79571.0	1.0
79586.0	1.0
79594.0	1.0
79636.0	1.0
79651.0	1.0
79678.0	1.0
79685.0	1.0
79725.0	1.0
79744.0	1.0
79776.0	1.0
79812.0	1.0
79828.0	1.0
79840.0	1.0
79848.0	1.0
79862.0	1.0
79867.0	1.0
79871.0	1.0
79999.0	1.0
80022.0	1.0
80028.0	1.0
80047.0	1.0
80063.0	1.0
80066.0	1.0
80100.0	1.0
80196.0	1.0
80239.0	1.0
80256.0	1.0
80262.0	1.0
80268.0	1.0
80280.0	1.0
80303.0	1.0
80340.0	1.0
80365.0	1.0
80368.0	1.0
80373.0	1.0
80376.0	1.0
80392.0	1.0
80408.0	1.0
80446.0	1.0
80457.0	1.0
80459.0	1.0
80482.0	1.0
80499.0	1.0
80513.0	1.0
80516.0	1.0
80536.0	1.0
80547.0	1.0
80581.0	1.0
80655.0	2.0
80656.0	1.0
80667.0	1.0
80676.0	1.0
80681.0	1.0
80682.0	1.0
80699.0	1.0
80715.0	1.0
80731.0	1.0
80738.0	1.0
80756.0	1.0
80762.0	1.0
80774.0	2.0
80785.0	1.0
80786.0	1.0
80801.0	1.0
80814.0	1.0
80820.0	1.0
80827.0	1.0
80829.0	1.0
80884.0	1.0
80895.0	1.0
80912.0	1.0
80950.0	1.0
80955.0	1.0
80994.0	1.0
81053.0	1.0
81062.0	1.0
81065.0	1.0
81079.0	1.0
81086.0	1.0
81100.0	1.0
81102.0	1.0
81116.0	1.0
81122.0	1.0
81124.0	1.0
81127.0	1.0
81162.0	1.0
81199.0	1.0
81313.0	1.0
81321.0	1.0
81330.0	1.0
81332.0	1.0
81338.0	1.0
81351.0	1.0
81379.0	1.0
81385.0	1.0
81388.0	1.0
81448.0	1.0
81462.0	1.0
81475.0	1.0
81478.0	1.0
81485.0	1.0
81537.0	1.0
81574.0	1.0
81576.0	1.0
81652.0	1.0
81653.0	1.0
81667.0	1.0
81683.0	1.0
81687.0	1.0
81737.0	1.0
81762.0	1.0
81809.0	1.0
81820.0	1.0
81824.0	1.0
81830.0	1.0
81881.0	1.0
81934.0	1.0
81969.0	1.0
81979.0	1.0
81988.0	1.0
82018.0	1.0
82029.0	1.0
82054.0	1.0
82064.0	1.0
82158.0	1.0
82168.0	1.0
82172.0	1.0
82180.0	1.0
82238.0	1.0
82260.0	1.0
82335.0	1.0
82343.0	1.0
82366.0	1.0
82375.0	1.0
82515.0	1.0
82519.0	1.0
82589.0	1.0
82611.0	1.0
82643.0	1.0
82682.0	1.0
82782.0	1.0
82784.0	1.0
82787.0	1.0
82824.0	1.0
82829.0	1.0
82837.0	2.0
82854.0	1.0
82856.0	1.0
82861.0	1.0
82878.0	1.0
82887.0	1.0
82914.0	1.0
82943.0	1.0
82967.0	1.0
82972.0	1.0
82975.0	1.0
83001.0	2.0
83028.0	1.0
83047.0	1.0
83060.0	1.0
83070.0	1.0
83093.0	1.0
83097.0	1.0
83100.0	1.0
83106.0	1.0
83107.0	1.0
83113.0	1.0
83121.0	1.0
83153.0	1.0
83159.0	1.0
83171.0	1.0
83182.0	1.0
83188.0	1.0
83192.0	1.0
83217.0	1.0
83233.0	2.0
83254.0	1.0
83255.0	1.0
83265.0	1.0
83315.0	1.0
83336.0	1.0
83346.0	1.0
83388.0	1.0
83400.0	2.0
83461.0	1.0
83470.0	1.0
83491.0	2.0
83518.0	1.0
83519.0	1.0
83538.0	1.0
83551.0	1.0
83581.0	1.0
83604.0	2.0
83651.0	1.0
83666.0	1.0
83670.0	1.0
83680.0	1.0
83690.0	1.0
83694.0	1.0
83727.0	1.0
83759.0	1.0
83800.0	1.0
83808.0	1.0
83813.0	1.0
83837.0	1.0
83841.0	1.0
83847.0	1.0
83859.0	1.0
83873.0	1.0
83877.0	1.0
83880.0	1.0
83916.0	1.0
83924.0	1.0
83960.0	1.0
83970.0	1.0
83979.0	1.0
84021.0	1.0
84046.0	1.0
84051.0	1.0
84054.0	1.0
84102.0	1.0
84126.0	1.0
84144.0	1.0
84153.0	1.0
84158.0	1.0
84204.0	1.0
84211.0	1.0
84227.0	1.0
84291.0	1.0
84326.0	1.0
84371.0	1.0
84381.0	1.0
84388.0	1.0
84453.0	1.0
84454.0	1.0
84485.0	1.0
84488.0	1.0
84504.0	1.0
84513.0	1.0
84522.0	1.0
84529.0	1.0
84546.0	1.0
84547.0	1.0
84549.0	1.0
84557.0	1.0
84567.0	1.0
84635.0	1.0
84665.0	1.0
84732.0	1.0
84748.0	1.0
84770.0	1.0
84776.0	1.0
84777.0	1.0
84791.0	1.0
84838.0	2.0
84857.0	1.0
84859.0	1.0
84869.0	1.0
84935.0	1.0
84940.0	1.0
84946.0	1.0
84948.0	1.0
84966.0	1.0
84980.0	1.0
84986.0	1.0
84994.0	1.0
85030.0	2.0
85035.0	1.0
85049.0	1.0
85059.0	1.0
85064.0	1.0
85073.0	2.0
85074.0	1.0
85080.0	1.0
85092.0	1.0
85094.0	1.0
85108.0	1.0
85113.0	1.0
85126.0	1.0
85128.0	1.0
85130.0	1.0
85146.0	1.0
85154.0	1.0
85164.0	1.0
85180.0	1.0
85186.0	1.0
85193.0	1.0
85223.0	1.0
85232.0	1.0
85236.0	1.0
85240.0	2.0
85245.0	1.0
85302.0	1.0
85304.0	1.0
85315.0	1.0
85322.0	1.0
85326.0	1.0
85400.0	1.0
85406.0	2.0
85431.0	1.0
85433.0	1.0
85445.0	1.0
85452.0	2.0
85483.0	1.0
85485.0	1.0
85491.0	1.0
85509.0	1.0
85522.0	1.0
85535.0	1.0
85541.0	1.0
85552.0	1.0
85555.0	1.0
85559.0	1.0
85573.0	1.0
85606.0	1.0
85607.0	1.0
85614.0	1.0
85655.0	1.0
85692.0	1.0
85719.0	1.0
85763.0	1.0
85769.0	2.0
85780.0	1.0
85815.0	1.0
85839.0	1.0
85846.0	1.0
85909.0	1.0
85970.0	1.0
85989.0	1.0
86006.0	1.0
86032.0	1.0
86067.0	1.0
86088.0	1.0
86129.0	1.0
86138.0	1.0
86160.0	1.0
86161.0	2.0
86166.0	1.0
86175.0	1.0
86253.0	1.0
86256.0	1.0
86267.0	1.0
86273.0	1.0
86282.0	1.0
86347.0	1.0
86395.0	1.0
86414.0	1.0
86415.0	1.0
86419.0	1.0
86437.0	1.0
86444.0	1.0
86466.0	1.0
86469.0	2.0
86472.0	1.0
86474.0	1.0
86486.0	1.0
86525.0	1.0
86531.0	1.0
86539.0	1.0
86559.0	1.0
86577.0	1.0
86603.0	1.0
86617.0	1.0
86618.0	1.0
86687.0	1.0
86690.0	1.0
86711.0	1.0
86721.0	1.0
86772.0	1.0
86819.0	1.0
86839.0	1.0
86845.0	1.0
86850.0	1.0
86877.0	1.0
86881.0	1.0
86885.0	1.0
86897.0	1.0
87019.0	1.0
87025.0	1.0
87046.0	1.0
87049.0	1.0
87070.0	1.0
87071.0	1.0
87074.0	1.0
87081.0	1.0
87092.0	1.0
87137.0	1.0
87143.0	1.0
87150.0	1.0
87193.0	1.0
87213.0	1.0
87227.0	1.0
87228.0	1.0
87241.0	1.0
87247.0	1.0
87275.0	1.0
87288.0	1.0
87313.0	1.0
87330.0	1.0
87345.0	1.0
87356.0	1.0
87366.0	1.0
87392.0	1.0
87423.0	1.0
87432.0	1.0
87537.0	1.0
87612.0	1.0
87648.0	1.0
87678.0	1.0
87778.0	1.0
87793.0	1.0
87798.0	1.0
87832.0	1.0
87856.0	1.0
87858.0	1.0
87861.0	1.0
87902.0	1.0
87911.0	1.0
87936.0	1.0
87961.0	1.0
88003.0	1.0
88015.0	1.0
88095.0	1.0
88117.0	1.0
88127.0	1.0
88133.0	1.0
88190.0	1.0
88198.0	1.0
88240.0	1.0
88242.0	1.0
88266.0	1.0
88267.0	1.0
88292.0	1.0
88294.0	1.0
88318.0	1.0
88327.0	1.0
88395.0	1.0
88440.0	1.0
88464.0	1.0
88470.0	1.0
88495.0	1.0
88511.0	1.0
88557.0	1.0
88676.0	1.0
88679.0	1.0
88696.0	1.0
88758.0	1.0
88759.0	1.0
88768.0	1.0
88784.0	1.0
88800.0	1.0
88821.0	1.0
88829.0	1.0
88853.0	1.0
88855.0	1.0
88881.0	1.0
88882.0	1.0
88895.0	1.0
88904.0	1.0
88986.0	1.0
89002.0	1.0
89007.0	1.0
89013.0	1.0
89061.0	1.0
89070.0	1.0
89080.0	1.0
89096.0	1.0
89121.0	1.0
89145.0	1.0
89163.0	1.0
89170.0	1.0
89176.0	1.0
89221.0	1.0
89224.0	1.0
89237.0	1.0
89250.0	1.0
89298.0	2.0
89326.0	1.0
89330.0	1.0
89361.0	1.0
89375.0	1.0
89398.0	2.0
89416.0	1.0
89419.0	1.0
89445.0	1.0
89450.0	1.0
89463.0	1.0
89468.0	1.0
89507.0	1.0
89509.0	1.0
89522.0	1.0
89525.0	2.0
89541.0	1.0
89559.0	1.0
89567.0	1.0
89588.0	1.0
89605.0	1.0
89610.0	1.0
89627.0	1.0
89636.0	1.0
89638.0	1.0
89639.0	1.0
89645.0	1.0
89677.0	1.0
89679.0	1.0
89682.0	1.0
89721.0	1.0
89745.0	1.0
89750.0	1.0
89760.0	1.0
89770.0	1.0
89771.0	1.0
89788.0	1.0
89800.0	1.0
89803.0	1.0
89823.0	1.0
89826.0	2.0
89871.0	1.0
89882.0	1.0
89886.0	1.0
89894.0	1.0
89895.0	1.0
89934.0	1.0
89966.0	1.0
89972.0	1.0
89987.0	1.0
89990.0	1.0
90025.0	1.0
90033.0	2.0
90039.0	1.0
90041.0	1.0
90056.0	1.0
90130.0	1.0
90146.0	1.0
90150.0	1.0
90170.0	1.0
90172.0	1.0
90194.0	1.0
90197.0	1.0
90260.0	1.0
90274.0	1.0
90286.0	1.0
90294.0	1.0
90310.0	1.0
90326.0	1.0
90402.0	1.0
90405.0	1.0
90474.0	1.0
90481.0	1.0
90483.0	1.0
90494.0	1.0
90517.0	1.0
90547.0	1.0
90575.0	1.0
90622.0	1.0
90635.0	1.0
90669.0	1.0
90680.0	1.0
90706.0	1.0
90730.0	1.0
90743.0	1.0
90745.0	1.0
90748.0	1.0
90852.0	1.0
90854.0	1.0
90857.0	1.0
90952.0	1.0
90974.0	1.0
91007.0	1.0
91020.0	1.0
91055.0	1.0
91064.0	1.0
91084.0	1.0
91091.0	1.0
91127.0	1.0
91175.0	1.0
91219.0	1.0
91245.0	1.0
91246.0	1.0
91275.0	1.0
91326.0	1.0
91348.0	1.0
91372.0	1.0
91399.0	1.0
91442.0	1.0
91447.0	1.0
91482.0	1.0
91512.0	1.0
91573.0	1.0
91575.0	1.0
91579.0	1.0
91712.0	1.0
91723.0	1.0
91739.0	1.0
91744.0	1.0
91773.0	1.0
91789.0	1.0
91810.0	1.0
91816.0	1.0
91820.0	1.0
91876.0	1.0
91891.0	1.0
91895.0	1.0
91928.0	1.0
91940.0	1.0
91945.0	1.0
91951.0	1.0
91965.0	1.0
91995.0	1.0
92008.0	1.0
92031.0	1.0
92052.0	1.0
92061.0	1.0
92090.0	1.0
92173.0	1.0
92201.0	1.0
92213.0	1.0
92219.0	1.0
92247.0	1.0
92256.0	1.0
92270.0	1.0
92311.0	1.0
92328.0	1.0
92330.0	1.0
92352.0	1.0
92381.0	1.0
92427.0	1.0
92434.0	1.0
92447.0	1.0
92463.0	1.0
92488.0	1.0
92490.0	1.0
92491.0	1.0
92498.0	1.0
92552.0	1.0
92619.0	1.0
92627.0	1.0
92638.0	1.0
92646.0	1.0
92663.0	1.0
92712.0	1.0
92715.0	1.0
92789.0	1.0
92810.0	1.0
92854.0	1.0
92864.0	1.0
92872.0	1.0
92898.0	1.0
92899.0	2.0
92901.0	1.0
92904.0	1.0
92927.0	1.0
92960.0	1.0
92964.0	1.0
92976.0	1.0
92995.0	1.0
93023.0	1.0
93076.0	1.0
93111.0	1.0
93118.0	1.0
93136.0	1.0
93142.0	1.0
93149.0	1.0
93169.0	1.0
93184.0	1.0
93224.0	1.0
93239.0	1.0
93266.0	1.0
93286.0	1.0
93289.0	1.0
93292.0	1.0
93294.0	1.0
93334.0	1.0
93336.0	1.0
93346.0	1.0
93347.0	1.0
93357.0	1.0
93361.0	1.0
93364.0	1.0
93412.0	1.0
93494.0	1.0
93497.0	1.0
93550.0	1.0
93580.0	1.0
93590.0	2.0
93609.0	1.0
93613.0	1.0
93638.0	1.0
93656.0	1.0
93684.0	1.0
93697.0	1.0
93701.0	1.0
93706.0	1.0
93734.0	1.0
93803.0	1.0
93835.0	1.0
93890.0	1.0
93899.0	1.0
93907.0	1.0
93927.0	1.0
93942.0	1.0
93998.0	1.0
94067.0	1.0
94078.0	1.0
94087.0	1.0
94115.0	1.0
94168.0	1.0
94192.0	1.0
94195.0	1.0
94323.0	1.0
94341.0	1.0
94349.0	1.0
94361.0	1.0
94383.0	1.0
94385.0	1.0
94403.0	1.0
94418.0	1.0
94447.0	1.0
94449.0	1.0
94450.0	1.0
94452.0	1.0
94458.0	1.0
94464.0	1.0
94465.0	1.0
94472.0	1.0
94505.0	1.0
94564.0	1.0
94580.0	1.0
94606.0	1.0
94609.0	1.0
94686.0	1.0
94722.0	1.0
94732.0	1.0
94750.0	1.0
94753.0	1.0
94767.0	1.0
94768.0	1.0
94824.0	1.0
94826.0	1.0
94903.0	1.0
94956.0	1.0
94957.0	1.0
94997.0	1.0
95009.0	1.0
95097.0	1.0
95108.0	1.0
95146.0	1.0
95180.0	1.0
95186.0	1.0
95193.0	1.0
95196.0	1.0
95271.0	1.0
95298.0	1.0
95322.0	1.0
95360.0	1.0
95408.0	1.0
95415.0	1.0
95471.0	1.0
95524.0	1.0
95537.0	1.0
95560.0	1.0
95568.0	1.0
95579.0	1.0
95655.0	1.0
95664.0	1.0
95752.0	1.0
95766.0	1.0
95800.0	1.0
95825.0	1.0
95864.0	1.0
95871.0	1.0
95894.0	1.0
95983.0	1.0
95999.0	1.0
96129.0	1.0
96163.0	1.0
96173.0	1.0
96208.0	1.0
96245.0	1.0
96261.0	1.0
96305.0	1.0
96309.0	1.0
96320.0	1.0
96356.0	1.0
96370.0	1.0
96371.0	1.0
96427.0	1.0
96445.0	1.0
96460.0	1.0
96464.0	1.0
96499.0	1.0
96502.0	1.0
96555.0	1.0
96634.0	1.0
96643.0	1.0
96644.0	1.0
96645.0	1.0
96653.0	1.0
96656.0	1.0
96659.0	1.0
96660.0	1.0
96692.0	1.0
96711.0	1.0
96798.0	1.0
96819.0	1.0
96834.0	1.0
96932.0	1.0
96950.0	1.0
96996.0	1.0
97028.0	1.0
97053.0	1.0
97088.0	1.0
97096.0	1.0
97137.0	1.0
97160.0	1.0
97166.0	2.0
97185.0	1.0
97214.0	1.0
97220.0	1.0
97280.0	1.0
97296.0	1.0
97315.0	1.0
97335.0	1.0
97336.0	1.0
97396.0	1.0
97398.0	1.0
97447.0	1.0
97471.0	1.0
97517.0	1.0
97548.0	1.0
97564.0	1.0
97575.0	1.0
97599.0	1.0
97645.0	1.0
97646.0	1.0
97649.0	1.0
97663.0	1.0
97688.0	1.0
97703.0	1.0
97704.0	1.0
97735.0	1.0
97763.0	1.0
97792.0	1.0
97807.0	1.0
97810.0	1.0
97849.0	1.0
97927.0	1.0
97954.0	1.0
97968.0	1.0
98008.0	1.0
98010.0	1.0
98018.0	1.0
98039.0	1.0
98046.0	1.0
98101.0	1.0
98216.0	1.0
98218.0	1.0
98235.0	1.0
98249.0	1.0
98323.0	1.0
98341.0	1.0
98354.0	1.0
98358.0	1.0
98365.0	1.0
98401.0	1.0
98431.0	1.0
98434.0	1.0
98469.0	1.0
98480.0	1.0
98481.0	1.0
98495.0	1.0
98505.0	1.0
98506.0	1.0
98511.0	1.0
98516.0	1.0
98525.0	1.0
98530.0	1.0
98553.0	1.0
98593.0	2.0
98596.0	1.0
98636.0	1.0
98645.0	1.0
98672.0	1.0
98675.0	1.0
98688.0	1.0
98691.0	1.0
98725.0	1.0
98737.0	1.0
98785.0	1.0
98790.0	1.0
98812.0	1.0
98846.0	1.0
98891.0	1.0
98914.0	1.0
98920.0	1.0
98972.0	1.0
98998.0	1.0
99066.0	1.0
99069.0	1.0
99076.0	1.0
99105.0	1.0
99143.0	1.0
99167.0	1.0
99184.0	1.0
99195.0	1.0
99213.0	1.0
99224.0	1.0
99270.0	1.0
99397.0	1.0
99404.0	1.0
99465.0	1.0
99529.0	1.0
99534.0	1.0
99541.0	1.0
99544.0	1.0
99636.0	1.0
99645.0	1.0
99694.0	1.0
99710.0	1.0
99712.0	1.0
99724.0	1.0
99758.0	1.0
99767.0	1.0
99772.0	2.0
99868.0	1.0
99880.0	1.0
99884.0	1.0
99890.0	1.0
99894.0	1.0
99926.0	1.0
99943.0	1.0
100013.0	1.0
100031.0	1.0
100088.0	1.0
100118.0	1.0
100148.0	1.0
100162.0	1.0
100166.0	1.0
100170.0	1.0
100177.0	1.0
100239.0	1.0
100246.0	1.0
100247.0	2.0
100249.0	1.0
100267.0	1.0
100302.0	1.0
100330.0	1.0
100337.0	1.0
100338.0	1.0
100349.0	1.0
100373.0	1.0
100411.0	1.0
100450.0	1.0
100452.0	1.0
100470.0	1.0
100489.0	1.0
100512.0	1.0
100518.0	1.0
100530.0	1.0
100587.0	1.0
100597.0	1.0
100600.0	1.0
100615.0	1.0
100636.0	1.0
100663.0	1.0
100678.0	1.0
100704.0	1.0
100712.0	1.0
100804.0	1.0
100811.0	1.0
100813.0	2.0
100814.0	1.0
100815.0	1.0
100820.0	1.0
100826.0	1.0
100864.0	1.0
100890.0	2.0
100908.0	1.0
100932.0	1.0
100960.0	1.0
100969.0	1.0
100971.0	1.0
101009.0	1.0
101011.0	1.0
101015.0	1.0
101037.0	1.0
101103.0	1.0
101104.0	1.0
101132.0	1.0
101134.0	1.0
101161.0	1.0
101196.0	1.0
101225.0	1.0
101231.0	1.0
101261.0	1.0
101284.0	1.0
101309.0	1.0
101347.0	1.0
101361.0	1.0
101376.0	1.0
101473.0	1.0
101549.0	1.0
101593.0	1.0
101601.0	1.0
101623.0	1.0
101647.0	1.0
101658.0	1.0
101660.0	1.0
101670.0	1.0
101700.0	1.0
101730.0	1.0
101757.0	1.0
101774.0	1.0
101789.0	1.0
101799.0	1.0
101800.0	1.0
101810.0	1.0
101825.0	1.0
101845.0	1.0
101927.0	1.0
102047.0	1.0
102052.0	1.0
102066.0	1.0
102085.0	1.0
102088.0	1.0
102138.0	1.0
102156.0	1.0
102191.0	1.0
102224.0	1.0
102237.0	1.0
102247.0	1.0
102280.0	1.0
102301.0	1.0
102319.0	1.0
102326.0	1.0
102381.0	1.0
102386.0	1.0
102387.0	1.0
102388.0	1.0
102422.0	1.0
102433.0	1.0
102471.0	1.0
102487.0	1.0
102532.0	1.0
102539.0	1.0
102548.0	1.0
102580.0	1.0
102589.0	1.0
102662.0	1.0
102665.0	1.0
102666.0	1.0
102701.0	1.0
102712.0	1.0
102726.0	1.0
102728.0	1.0
102735.0	1.0
102767.0	1.0
102788.0	1.0
102831.0	1.0
102857.0	1.0
102879.0	1.0
102920.0	2.0
102930.0	1.0
102948.0	1.0
102966.0	1.0
102978.0	1.0
102984.0	1.0
102987.0	1.0
103012.0	1.0
103066.0	1.0
103075.0	1.0
103090.0	1.0
103120.0	1.0
103177.0	1.0
103181.0	1.0
103182.0	1.0
103185.0	1.0
103194.0	1.0
103195.0	1.0
103212.0	1.0
103302.0	1.0
103307.0	1.0
103312.0	1.0
103349.0	1.0
103356.0	1.0
103359.0	1.0
103362.0	1.0
103367.0	1.0
103454.0	1.0
103472.0	1.0
103532.0	1.0
103534.0	1.0
103572.0	1.0
103610.0	1.0
103630.0	1.0
103645.0	1.0
103677.0	1.0
103697.0	1.0
103794.0	1.0
103810.0	1.0
103812.0	1.0
103813.0	1.0
103857.0	1.0
103858.0	1.0
103882.0	1.0
103898.0	1.0
103912.0	1.0
103988.0	1.0
103993.0	1.0
104006.0	1.0
104011.0	1.0
104043.0	2.0
104049.0	1.0
104125.0	1.0
104141.0	1.0
104156.0	1.0
104190.0	1.0
104200.0	1.0
104214.0	1.0
104255.0	1.0
104284.0	1.0
104294.0	1.0
104332.0	1.0
104337.0	1.0
104388.0	1.0
104397.0	1.0
104580.0	1.0
104617.0	1.0
104632.0	1.0
104689.0	1.0
104712.0	1.0
104724.0	1.0
104735.0	1.0
104790.0	1.0
104802.0	1.0
104821.0	1.0
104827.0	1.0
104829.0	1.0
104853.0	1.0
104857.0	1.0
104886.0	1.0
104898.0	1.0
104916.0	1.0
104921.0	1.0
104932.0	1.0
104990.0	1.0
104992.0	1.0
105029.0	1.0
105099.0	1.0
105113.0	1.0
105133.0	1.0
105142.0	1.0
105212.0	1.0
105272.0	1.0
105281.0	1.0
105295.0	1.0
105336.0	1.0
105342.0	1.0
105422.0	1.0
105445.0	1.0
105474.0	1.0
105496.0	1.0
105500.0	1.0
105541.0	1.0
105574.0	1.0
105596.0	1.0
105608.0	1.0
105668.0	1.0
105685.0	1.0
105686.0	1.0
105688.0	1.0
105695.0	1.0
105702.0	1.0
105739.0	1.0
105740.0	1.0
105767.0	1.0
105795.0	1.0
105800.0	1.0
105838.0	1.0
105844.0	1.0
105863.0	1.0
105890.0	1.0
105925.0	1.0
105941.0	1.0
105949.0	1.0
105966.0	1.0
105972.0	1.0
106002.0	1.0
106016.0	2.0
106076.0	1.0
106088.0	1.0
106089.0	1.0
106101.0	1.0
106113.0	1.0
106151.0	1.0
106197.0	1.0
106261.0	1.0
106293.0	1.0
106363.0	1.0
106396.0	1.0
106489.0	1.0
106504.0	1.0
106532.0	1.0
106539.0	1.0
106569.0	1.0
106573.0	1.0
106581.0	1.0
106651.0	1.0
106654.0	1.0
106655.0	1.0
106663.0	1.0
106664.0	1.0
106668.0	1.0
106705.0	1.0
106755.0	1.0
106763.0	1.0
106785.0	1.0
106791.0	1.0
106800.0	1.0
106878.0	1.0
106922.0	1.0
106952.0	1.0
106953.0	1.0
106964.0	1.0
106967.0	2.0
106975.0	1.0
107004.0	1.0
107030.0	1.0
107048.0	1.0
107080.0	1.0
107099.0	1.0
107123.0	1.0
107127.0	1.0
107141.0	1.0
107160.0	1.0
107161.0	1.0
107180.0	1.0
107184.0	1.0
107283.0	1.0
107335.0	1.0
107340.0	1.0
107366.0	1.0
107434.0	1.0
107456.0	1.0
107477.0	1.0
107505.0	1.0
107523.0	1.0
107537.0	2.0
107552.0	1.0
107554.0	1.0
107589.0	1.0
107655.0	1.0
107758.0	1.0
107779.0	1.0
107794.0	1.0
107858.0	1.0
107905.0	1.0
107918.0	1.0
107956.0	1.0
107972.0	1.0
107980.0	1.0
107981.0	1.0
108011.0	1.0
108020.0	1.0
108023.0	1.0
108032.0	1.0
108065.0	1.0
108067.0	1.0
108069.0	1.0
108120.0	1.0
108171.0	1.0
108215.0	1.0
108267.0	1.0
108268.0	1.0
108285.0	1.0
108309.0	1.0
108320.0	1.0
108329.0	1.0
108349.0	1.0
108352.0	1.0
108357.0	1.0
108430.0	1.0
108436.0	1.0
108446.0	1.0
108467.0	1.0
108498.0	1.0
108500.0	1.0
108558.0	1.0
108566.0	1.0
108585.0	1.0
108596.0	1.0
108597.0	1.0
108599.0	1.0
108602.0	1.0
108645.0	1.0
108701.0	1.0
108744.0	1.0
108762.0	1.0
108764.0	1.0
108766.0	1.0
108781.0	1.0
108795.0	1.0
108936.0	1.0
108959.0	1.0
108986.0	1.0
109004.0	1.0
109046.0	1.0
109091.0	1.0
109140.0	1.0
109186.0	1.0
109246.0	1.0
109295.0	1.0
109329.0	1.0
109371.0	1.0
109375.0	1.0
109388.0	1.0
109456.0	1.0
109460.0	1.0
109471.0	1.0
109479.0	1.0
109508.0	1.0
109556.0	1.0
109562.0	1.0
109593.0	1.0
109631.0	1.0
109643.0	1.0
109655.0	1.0
109671.0	1.0
109703.0	1.0
109718.0	1.0
109734.0	1.0
109782.0	1.0
109863.0	1.0
109898.0	1.0
109918.0	1.0
109941.0	1.0
109947.0	1.0
109963.0	1.0
110001.0	1.0
110030.0	1.0
110097.0	1.0
110203.0	1.0
110246.0	1.0
110247.0	1.0
110256.0	1.0
110263.0	1.0
110269.0	1.0
110295.0	1.0
110328.0	1.0
110404.0	1.0
110412.0	1.0
110466.0	1.0
110539.0	1.0
110540.0	1.0
110547.0	1.0
110554.0	1.0
110606.0	1.0
110624.0	1.0
110656.0	1.0
110673.0	1.0
110690.0	1.0
110695.0	1.0
110715.0	1.0
110726.0	1.0
110760.0	1.0
110765.0	1.0
110797.0	1.0
110813.0	1.0
110849.0	1.0
110898.0	1.0
110899.0	1.0
110917.0	1.0
110921.0	1.0
110955.0	1.0
110975.0	1.0
110991.0	1.0
111030.0	1.0
111136.0	1.0
111202.0	1.0
111231.0	1.0
111312.0	1.0
111341.0	1.0
111400.0	1.0
111450.0	1.0
111496.0	1.0
111509.0	1.0
111558.0	1.0
111599.0	1.0
111604.0	1.0
111611.0	1.0
111618.0	1.0
111742.0	1.0
111750.0	1.0
111818.0	1.0
111835.0	1.0
111883.0	1.0
111884.0	1.0
111924.0	1.0
111929.0	1.0
111956.0	1.0
111985.0	1.0
112038.0	1.0
112073.0	1.0
112090.0	1.0
112134.0	1.0
112166.0	1.0
112170.0	1.0
112191.0	1.0
112202.0	1.0
112234.0	2.0
112260.0	1.0
112281.0	1.0
112311.0	1.0
112318.0	1.0
112335.0	1.0
112340.0	1.0
112341.0	1.0
112361.0	1.0
112411.0	1.0
112444.0	1.0
112446.0	1.0
112450.0	1.0
112494.0	1.0
112545.0	1.0
112550.0	1.0
112658.0	1.0
112711.0	1.0
112734.0	1.0
112743.0	1.0
112782.0	1.0
112806.0	1.0
112842.0	1.0
112844.0	1.0
112900.0	2.0
112907.0	1.0
112927.0	1.0
112932.0	1.0
112960.0	1.0
112961.0	1.0
112970.0	1.0
112984.0	1.0
113029.0	1.0
113036.0	1.0
113091.0	1.0
113120.0	1.0
113134.0	1.0
113178.0	1.0
113202.0	1.0
113224.0	1.0
113234.0	1.0
113264.0	1.0
113266.0	1.0
113283.0	1.0
113315.0	1.0
113337.0	1.0
113371.0	1.0
113423.0	1.0
113425.0	1.0
113434.0	1.0
113440.0	1.0
113483.0	1.0
113529.0	1.0
113575.0	1.0
113578.0	1.0
113584.0	1.0
113586.0	1.0
113600.0	1.0
113646.0	1.0
113654.0	1.0
113658.0	1.0
113673.0	1.0
113697.0	1.0
113756.0	1.0
113767.0	1.0
113845.0	1.0
113900.0	1.0
113902.0	1.0
113921.0	1.0
113966.0	1.0
114000.0	1.0
114006.0	1.0
114027.0	1.0
114064.0	1.0
114091.0	1.0
114093.0	1.0
114105.0	1.0
114108.0	1.0
114154.0	1.0
114201.0	1.0
114212.0	1.0
114237.0	1.0
114250.0	1.0
114254.0	1.0
114265.0	1.0
114290.0	1.0
114292.0	1.0
114371.0	1.0
114439.0	1.0
114464.0	1.0
114472.0	1.0
114562.0	1.0
114595.0	1.0
114615.0	1.0
114639.0	1.0
114649.0	1.0
114756.0	1.0
114788.0	1.0
114825.0	1.0
114827.0	1.0
114842.0	1.0
114863.0	1.0
114896.0	1.0
114899.0	1.0
114941.0	1.0
114944.0	1.0
114947.0	1.0
114955.0	1.0
114983.0	1.0
115011.0	1.0
115036.0	1.0
115037.0	1.0
115052.0	1.0
115082.0	1.0
115115.0	1.0
115128.0	1.0
115141.0	1.0
115161.0	1.0
115317.0	1.0
115324.0	1.0
115328.0	1.0
115336.0	1.0
115345.0	1.0
115405.0	2.0
115482.0	1.0
115510.0	1.0
115554.0	1.0
115597.0	1.0
115651.0	1.0
115660.0	1.0
115706.0	1.0
115759.0	1.0
115897.0	1.0
115900.0	1.0
115984.0	1.0
115989.0	1.0
116007.0	1.0
116156.0	1.0
116175.0	1.0
116213.0	1.0
116266.0	1.0
116291.0	1.0
116308.0	1.0
116411.0	1.0
116420.0	1.0
116441.0	1.0
116457.0	1.0
116461.0	1.0
116483.0	1.0
116592.0	1.0
116595.0	1.0
116602.0	1.0
116633.0	1.0
116655.0	1.0
116724.0	1.0
116756.0	1.0
116767.0	1.0
116786.0	1.0
116788.0	1.0
116813.0	1.0
116821.0	1.0
116861.0	1.0
116910.0	1.0
116964.0	1.0
117056.0	1.0
117059.0	1.0
117069.0	1.0
117072.0	1.0
117113.0	1.0
117128.0	1.0
117140.0	1.0
117144.0	1.0
117218.0	1.0
117219.0	1.0
117294.0	1.0
117310.0	1.0
117319.0	1.0
117381.0	1.0
117424.0	1.0
117427.0	1.0
117439.0	1.0
117446.0	1.0
117514.0	1.0
117539.0	1.0
117577.0	1.0
117656.0	1.0
117714.0	1.0
117720.0	1.0
117730.0	1.0
117784.0	1.0
117838.0	1.0
117861.0	1.0
117907.0	1.0
117946.0	1.0
117975.0	1.0
117977.0	1.0
118030.0	1.0
118064.0	1.0
118127.0	1.0
118137.0	1.0
118145.0	1.0
118160.0	1.0
118175.0	1.0
118197.0	1.0
118217.0	1.0
118220.0	1.0
118226.0	1.0
118312.0	1.0
118344.0	1.0
118392.0	1.0
118490.0	1.0
118549.0	1.0
118553.0	1.0
118555.0	2.0
118652.0	1.0
118662.0	1.0
118675.0	1.0
118717.0	1.0
118741.0	1.0
118810.0	1.0
118855.0	1.0
118889.0	1.0
118893.0	1.0
118921.0	1.0
118928.0	1.0
118935.0	1.0
118937.0	1.0
119019.0	1.0
119040.0	1.0
119087.0	1.0
119144.0	1.0
119159.0	1.0
119175.0	1.0
119204.0	1.0
119235.0	1.0
119237.0	1.0
119241.0	1.0
119254.0	1.0
119282.0	1.0
119289.0	1.0
119355.0	1.0
119359.0	1.0
119366.0	1.0
119393.0	1.0
119414.0	1.0
119430.0	1.0
119437.0	1.0
119455.0	1.0
119532.0	1.0
119567.0	1.0
119605.0	1.0
119628.0	1.0
119643.0	1.0
119670.0	1.0
119678.0	1.0
119716.0	1.0
119742.0	1.0
119773.0	1.0
119814.0	1.0
119825.0	1.0
119886.0	1.0
119891.0	1.0
119912.0	1.0
119914.0	1.0
119962.0	1.0
120016.0	1.0
120106.0	2.0
120155.0	1.0
120205.0	1.0
120235.0	1.0
120299.0	1.0
120430.0	1.0
120463.0	1.0
120548.0	1.0
120549.0	1.0
120557.0	1.0
120580.0	1.0
120614.0	1.0
120629.0	1.0
120631.0	1.0
120636.0	1.0
120677.0	1.0
120883.0	1.0
120899.0	1.0
121004.0	1.0
121053.0	1.0
121123.0	1.0
121130.0	1.0
121213.0	1.0
121249.0	1.0
121278.0	1.0
121288.0	1.0
121353.0	1.0
121376.0	1.0
121384.0	1.0
121423.0	1.0
121515.0	1.0
121536.0	1.0
121577.0	1.0
121607.0	1.0
121635.0	1.0
121723.0	1.0
121728.0	1.0
121793.0	1.0
121811.0	1.0
121828.0	1.0
121832.0	1.0
121859.0	1.0
121869.0	1.0
121876.0	1.0
121879.0	1.0
121950.0	1.0
121980.0	1.0
121990.0	1.0
121998.0	1.0
122001.0	1.0
122047.0	1.0
122056.0	1.0
122085.0	1.0
122098.0	1.0
122175.0	1.0
122231.0	1.0
122234.0	1.0
122263.0	1.0
122269.0	1.0
122407.0	1.0
122462.0	1.0
122565.0	1.0
122600.0	1.0
122719.0	1.0
122740.0	1.0
122780.0	1.0
122792.0	1.0
122834.0	1.0
122897.0	1.0
122899.0	1.0
122940.0	1.0
122995.0	1.0
123010.0	1.0
123067.0	1.0
123112.0	1.0
123119.0	1.0
123164.0	1.0
123188.0	1.0
123189.0	1.0
123194.0	1.0
123312.0	1.0
123390.0	1.0
123442.0	1.0
123481.0	1.0
123492.0	1.0
123551.0	1.0
123594.0	1.0
123607.0	1.0
123764.0	1.0
123792.0	1.0
123803.0	1.0
123815.0	1.0
123901.0	1.0
123949.0	1.0
123959.0	1.0
123965.0	2.0
123995.0	1.0
124043.0	1.0
124045.0	1.0
124053.0	1.0
124065.0	1.0
124156.0	1.0
124176.0	1.0
124177.0	1.0
124225.0	1.0
124237.0	1.0
124263.0	1.0
124296.0	1.0
124308.0	1.0
124418.0	1.0
124469.0	1.0
124474.0	1.0
124524.0	1.0
124613.0	1.0
124639.0	1.0
124671.0	1.0
124696.0	1.0
124714.0	1.0
124732.0	1.0
124773.0	1.0
124865.0	1.0
124899.0	1.0
124920.0	1.0
124992.0	1.0
125009.0	1.0
125090.0	1.0
125174.0	1.0
125257.0	1.0
125277.0	1.0
125291.0	1.0
125333.0	1.0
125374.0	1.0
125380.0	1.0
125454.0	1.0
125501.0	1.0
125534.0	1.0
125600.0	1.0
125610.0	2.0
125665.0	1.0
125694.0	1.0
125720.0	1.0
125739.0	1.0
125747.0	1.0
125785.0	1.0
125811.0	1.0
125835.0	2.0
125840.0	1.0
125900.0	2.0
125907.0	1.0
125943.0	1.0
125997.0	1.0
126004.0	1.0
126100.0	1.0
126107.0	1.0
126131.0	1.0
126175.0	1.0
126205.0	1.0
126206.0	1.0
126207.0	1.0
126240.0	1.0
126389.0	1.0
126524.0	1.0
126598.0	1.0
126602.0	1.0
126640.0	1.0
126682.0	1.0
126719.0	1.0
126743.0	1.0
126748.0	1.0
126751.0	1.0
126821.0	1.0
126838.0	1.0
126850.0	1.0
126916.0	1.0
126974.0	1.0
127017.0	1.0
127043.0	1.0
127089.0	1.0
127111.0	1.0
127145.0	1.0
127152.0	1.0
127159.0	1.0
127241.0	1.0
127263.0	1.0
127393.0	1.0
127405.0	1.0
127416.0	1.0
127502.0	1.0
127509.0	1.0
127511.0	1.0
127532.0	1.0
127570.0	1.0
127738.0	1.0
127775.0	1.0
127778.0	1.0
127819.0	1.0
127846.0	1.0
127900.0	1.0
127983.0	1.0
128004.0	1.0
128039.0	1.0
128066.0	1.0
128137.0	1.0
128283.0	1.0
128290.0	1.0
128400.0	1.0
128402.0	1.0
128430.0	1.0
128436.0	1.0
128508.0	1.0
128537.0	1.0
128554.0	2.0
128639.0	1.0
128665.0	1.0
128673.0	1.0
128795.0	1.0
128811.0	1.0
128847.0	1.0
128901.0	1.0
128917.0	1.0
129014.0	1.0
129021.0	1.0
129040.0	1.0
129179.0	1.0
129180.0	1.0
129194.0	1.0
129300.0	1.0
129341.0	1.0
129368.0	1.0
129394.0	1.0
129414.0	1.0
129464.0	1.0
129552.0	1.0
129558.0	1.0
129810.0	1.0
129823.0	1.0
129850.0	1.0
129857.0	1.0
129863.0	1.0
129963.0	1.0
129995.0	1.0
130033.0	1.0
130071.0	1.0
130104.0	1.0
130171.0	1.0
130258.0	1.0
130283.0	1.0
130308.0	1.0
130362.0	1.0
130435.0	1.0
130447.0	1.0
130574.0	1.0
130892.0	1.0
130940.0	1.0
130964.0	1.0
131091.0	1.0
131128.0	1.0
131140.0	1.0
131174.0	1.0
131175.0	1.0
131408.0	1.0
131445.0	1.0
131470.0	1.0
131477.0	1.0
131535.0	1.0
131538.0	1.0
131711.0	1.0
131750.0	1.0
131897.0	1.0
131914.0	1.0
131982.0	1.0
132013.0	1.0
132019.0	1.0
132214.0	1.0
132352.0	1.0
132488.0	1.0
132763.0	1.0
132964.0	1.0
132999.0	1.0
133105.0	1.0
133193.0	1.0
133324.0	1.0
133360.0	1.0
133547.0	1.0
133573.0	1.0
133676.0	1.0
133924.0	1.0
133947.0	1.0
133981.0	1.0
134190.0	1.0
134446.0	1.0
134726.0	1.0
134736.0	1.0
134814.0	1.0
134835.0	1.0
134921.0	1.0
135306.0	1.0
135426.0	1.0
135502.0	1.0
135504.0	1.0
135788.0	1.0
135790.0	1.0
135863.0	1.0
135867.0	1.0
136140.0	1.0
136230.0	1.0
136311.0	1.0
136313.0	1.0
136317.0	1.0
136501.0	1.0
136687.0	1.0
136690.0	1.0
136706.0	1.0
137151.0	1.0
137205.0	1.0
137259.0	1.0
137294.0	1.0
137405.0	1.0
137612.0	1.0
137731.0	1.0
137902.0	1.0
137954.0	1.0
138014.0	1.0
138256.0	1.0
138463.0	1.0
139304.0	1.0
140083.0	1.0
140223.0	1.0
140379.0	1.0
140509.0	1.0
140659.0	1.0
140783.0	1.0
141004.0	1.0
141007.0	1.0
141009.0	1.0
141187.0	1.0
141507.0	1.0
141512.0	1.0
141655.0	1.0
142071.0	1.0
142076.0	1.0
142121.0	1.0
142245.0	1.0
142246.0	1.0
142692.0	1.0
142788.0	1.0
142795.0	1.0
142812.0	1.0
143228.0	1.0
143498.0	1.0
143533.0	1.0
143650.0	1.0
143824.0	1.0
143875.0	1.0
143926.0	1.0
144132.0	1.0
144171.0	1.0
144700.0	1.0
144790.0	1.0
144813.0	1.0
145160.0	1.0
145496.0	1.0
145922.0	1.0
145928.0	1.0
146519.0	1.0
146630.0	1.0
146675.0	1.0
146810.0	1.0
146944.0	1.0
147056.0	1.0
147097.0	1.0
147274.0	1.0
147317.0	1.0
147668.0	1.0
147848.0	1.0
148118.0	1.0
148244.0	1.0
148528.0	1.0
148705.0	1.0
148737.0	1.0
148853.0	1.0
149285.0	1.0
149440.0	1.0
149458.0	1.0
149538.0	1.0
149543.0	1.0
149690.0	1.0
149707.0	1.0
149814.0	1.0
149900.0	1.0
150053.0	1.0
150220.0	1.0
150291.0	1.0
150385.0	1.0
150497.0	1.0
150547.0	1.0
150633.0	1.0
150666.0	1.0
151053.0	1.0
151071.0	1.0
151121.0	1.0
151209.0	1.0
151478.0	1.0
151515.0	1.0
151561.0	1.0
151739.0	1.0
151764.0	1.0
151858.0	1.0
151997.0	1.0
152031.0	1.0
152060.0	1.0
152109.0	1.0
152170.0	1.0
152310.0	1.0
152385.0	1.0
152399.0	1.0
152422.0	1.0
152443.0	1.0
152643.0	1.0
152995.0	1.0
153054.0	1.0
153080.0	1.0
153084.0	1.0
153182.0	1.0
153223.0	1.0
153261.0	1.0
153297.0	1.0
153935.0	1.0
153993.0	1.0
154213.0	1.0
154219.0	1.0
154449.0	1.0
154453.0	1.0
154916.0	1.0
154940.0	1.0
154946.0	1.0
155039.0	1.0
155067.0	1.0
155202.0	1.0
155241.0	1.0
155427.0	1.0
155622.0	1.0
155664.0	1.0
155693.0	1.0
156039.0	1.0
156082.0	1.0
156125.0	1.0
156270.0	1.0
156565.0	1.0
156636.0	1.0
156672.0	1.0
156922.0	1.0
156999.0	1.0
157274.0	1.0
157277.0	1.0
157429.0	1.0
157513.0	1.0
157623.0	1.0
157651.0	1.0
157900.0	1.0
158049.0	1.0
158054.0	1.0
158065.0	1.0
158199.0	1.0
158603.0	1.0
158778.0	1.0
159140.0	1.0
159165.0	1.0
159305.0	1.0
159357.0	1.0
159439.0	1.0
159440.0	1.0
159817.0	1.0
159975.0	1.0
160115.0	1.0
160184.0	1.0
160206.0	1.0
160354.0	1.0
160553.0	1.0
161030.0	1.0
161090.0	1.0
161319.0	1.0
161742.0	1.0
161956.0	1.0
163464.0	1.0
163704.0	1.0
164618.0	1.0
164805.0	1.0
164820.0	1.0
164985.0	1.0
165046.0	1.0
165617.0	1.0
165722.0	1.0
165897.0	1.0
166466.0	1.0
166477.0	1.0
166518.0	1.0
168030.0	1.0
168355.0	1.0
168661.0	1.0
168724.0	1.0
169236.0	1.0
169352.0	1.0
170331.0	1.0
170748.0	1.0
170964.0	1.0
171072.0	1.0
171370.0	1.0
171616.0	1.0
171664.0	1.0
171807.0	1.0
172045.0	1.0
172287.0	1.0
172864.0	1.0
174310.0	1.0
174497.0	1.0
175708.0	1.0
176205.0	1.0
176209.0	1.0
176809.0	1.0
176843.0	1.0
176888.0	1.0
179101.0	1.0
179870.0	1.0
180201.0	1.0
181449.0	1.0
181726.0	1.0
181753.0	1.0
181770.0	1.0
181885.0	1.0
181979.0	1.0
182077.0	1.0
182116.0	1.0
182341.0	1.0
182874.0	1.0
183896.0	1.0
184986.0	1.0
185023.0	1.0
186961.0	1.0
187392.0	1.0
189825.0	1.0
192361.0	1.0
