# Position (bp)	A	C	G	T	N
0.0	14.885736851810174	31.417017028097344	32.48379687216592	21.210564278391935	0.002884969534627588
1.0	17.232431312075672	24.03418703017471	29.523093357520015	29.207930437689882	0.0023578625397201007
2.0	18.931381870286685	26.318216940108126	27.561412906534798	27.188724729572932	2.6355349745374375E-4
3.0	21.770314256484053	24.52972878744966	29.943404710209283	23.75564863386574	9.036119912699787E-4
4.0	21.741295133889412	24.51848070068333	29.349039804014087	24.390327812546445	8.565488667246672E-4
5.0	22.405666437845756	25.67228967466109	27.726416221190664	24.194907600496947	7.200658055432642E-4
6.0	15.481452469679818	26.036294705144346	25.799788385366796	32.68157965306759	8.847867414518542E-4
7.0	17.086577982797298	28.80711263118728	27.143817096131794	26.96167809782899	8.141920546338871E-4
8.0	16.97521721749818	27.636535065934027	28.25577753976387	27.132183091744196	2.8708505972639946E-4
9.0	22.425795336213785	25.119843893498405	27.98303732039888	24.470763398706836	5.600511820892056E-4
10.0	18.249413664062853	28.97174885347169	28.890677915129935	23.88801367164943	1.458956860904653E-4
11.0	16.964336223103306	27.403530242622644	29.598789687038696	26.03291086648954	4.329807458168648E-4
12.0	17.851725555342515	27.7158646686676	27.160209182410927	27.272045285267954	1.553083109995276E-4
13.0	18.555394568294194	27.20682520727306	27.260792492189168	26.976846542869943	1.4118937363593416E-4
14.0	18.400326279229848	27.051093328152625	28.162008970419787	26.386383169699556	1.8825249818124555E-4
15.0	18.318845891704548	27.333650915297763	28.255881078637866	26.09132561667518	2.9649768463546177E-4
16.0	18.72198861655969	26.926446642794367	28.193470669178332	26.157392830911892	7.012405557251396E-4
17.0	18.782497675787592	27.191717944294012	27.699726723261016	26.32548348653792	5.741701194527989E-4
18.0	18.16816859216028	27.028752462930967	28.13000604572898	26.671228024697598	0.0018448744821762063
19.0	18.560844478116543	27.35473048878161	28.14864304304892	25.92972025961149	0.006061730441436107
20.0	18.579344992375304	27.198862126599995	28.269858826627825	25.937970425344282	0.01396362905259389
21.0	18.555253378920558	26.939732562853507	28.80634079594474	25.677094819677166	0.021578442604025274
22.0	18.628742447898063	26.735850401010765	28.100977510509427	26.508243718084728	0.026185922497011255
23.0	18.803036023339168	27.313023147809556	27.95677139059014	25.90719114189165	0.019978296369484685
24.0	18.871325832145562	27.41337133439801	27.817440139192485	25.88406317956256	0.013799514701377937
25.0	19.203541918111924	27.23853486113209	27.81256311380863	25.74004625078737	0.005313856159985383
26.0	19.478576755431803	26.622151363578084	27.325582708900946	26.57044141450104	0.0032477575881267257
27.0	19.29606811399812	27.096505735515525	28.197521368587513	25.408845678516933	0.0010591033819053834
28.0	18.600033573668455	27.604960316507615	29.310080884672757	24.48469455917331	2.3066597786981194E-4
29.0	17.19981251214053	27.34007907972763	28.656119187742178	26.803918601720216	7.06186694482262E-5
30.0	17.969552330507536	25.82176772741789	25.62725308827129	30.581365639774656	6.12140286355459E-5
31.0	20.75309985973349	26.413478017943415	28.474506571201548	24.35876484845151	1.507026700368807E-4
32.0	20.280532191166913	25.934135379656215	28.796849495820975	24.98837930330838	1.0363004751343468E-4
33.0	22.689881449359174	24.17218981581962	26.16670236830279	26.97090116349629	3.252030221258239E-4
34.0	17.412782509126494	27.633986242476027	25.948954639112625	28.999224938856393	0.005051670428455233
35.0	17.422808589642006	28.94170043200117	25.272009538057883	28.363207216879566	2.742234193703008E-4
36.0	16.131932040266346	28.692293883084126	27.600764294933068	27.574890768254274	1.1901346218397224E-4
37.0	17.514678250445233	27.618394325325674	30.21469292176607	24.651354320470567	8.801819924587368E-4
38.0	21.3835184782388	29.533409392685726	29.56788321667936	19.514014502494277	0.0011744099018413524
39.0	15.720499445719152	31.81024246991567	35.177978215726554	17.285170776565625	0.0061090920729939555
