#Position (bp)	mapping quality
3406923.0	39.309452627471586
1.0220768E7	39.614010609133224
1.7034613E7	39.297076043091664
2.3848458E7	35.84123347127496
3.0662303E7	39.88220777326912
3.7476148E7	40.38036108716198
4.4289993E7	40.00756293894853
5.1103838E7	39.047363591896236
5.7917683E7	40.176061477672214
6.4731528E7	40.49107016557282
7.1545373E7	38.49948239833649
7.8359218E7	40.42842149171241
8.5173063E7	38.28612117358792
9.1986908E7	40.54386062907073
9.8800753E7	39.328106734242894
1.05614598E8	37.72833281039479
1.12428443E8	39.75232210816681
1.19242288E8	39.62990312299373
1.26056133E8	40.22159776375989
1.300790245E8	32.47032311937666
1.33485947E8	39.917757764898205
1.39683823E8	39.504790689422755
1.46497668E8	33.82385579661216
1.53311513E8	40.63992740899742
1.60125358E8	40.03740564766977
1.66939203E8	39.910652234817505
1.73753048E8	40.60539648428382
1.80566893E8	38.243588938624214
1.87380738E8	40.83036105372077
1.94194583E8	40.604210412136375
2.01008428E8	40.527897836751755
2.07822273E8	40.77299937765873
2.14636118E8	39.72528342369892
2.21449963E8	39.83334533159144
2.28263808E8	40.875972051105286
2.35077653E8	40.372367060965
2.41891498E8	40.97331805841088
2.48705343E8	40.740895425821826
2.52444901E8	40.67695166726857
2.558518235E8	39.70919645766625
2.62333033E8	38.48951257776114
2.69146878E8	37.99333148496144
2.75960723E8	34.55354376049322
2.82774568E8	40.43716713766365
2.89588413E8	37.32867594419514
2.96402258E8	36.70825525522252
3.03216103E8	39.37761844082918
3.10029948E8	34.62058072965317
3.16843793E8	37.65631325287769
3.23657638E8	39.957233712737654
3.30471483E8	40.42178977944585
3.37285328E8	40.57564792239625
3.44099173E8	37.959789086443664
3.50913018E8	40.33783232520919
3.57726863E8	40.80176736749107
3.64540708E8	40.28714598819497
3.704270945E8	39.107949293939626
3.73834017E8	0.0
3.78168398E8	36.33802255941891
3.84982243E8	38.99028444290567
3.91796088E8	39.16055956467923
3.98609933E8	37.18658799558536
4.05423778E8	40.74251183251379
4.12237623E8	40.64271992699321
4.19051468E8	40.935139378018725
4.25865313E8	40.23866961745585
4.32679158E8	34.42972432836504
4.39493003E8	37.83404482529459
4.46306848E8	38.58085602117315
4.53120693E8	37.89661213416948
4.59934538E8	37.4095472961071
4.66748383E8	40.34286772462856
4.73562228E8	39.28275665328454
4.80376073E8	40.18012767739792
4.87189918E8	39.48014043772501
4.91962519E8	37.6897932679369
4.953694415E8	1.9379460303300624
5.00817608E8	37.03276820216309
5.07631453E8	38.71377524346262
5.14445298E8	39.623428818809145
5.21259143E8	40.71980290040409
5.28072988E8	39.978594289739036
5.34886833E8	31.36093931509179
5.41700678E8	39.321103899118775
5.48514523E8	39.21287702046175
5.55328368E8	40.526568170036285
5.62142213E8	33.49552153975712
5.68956058E8	40.208811184609964
5.75769903E8	38.83866548846039
5.82583748E8	38.15049257006836
5.89397593E8	37.52987442840236
5.96211438E8	38.72691279810824
6.03025283E8	5.369729047635739
6.09839128E8	35.1293039719946
6.15738246E8	40.28397875474566
6.191451685E8	0.0
6.23466818E8	39.433132906209124
6.30280663E8	39.948307436747065
6.37094508E8	5.256336619517074
6.43908353E8	39.67300510445376
6.50722198E8	39.07853820011589
6.57536043E8	39.62237643492475
6.64349888E8	34.6756039333826
6.71163733E8	40.648137466799305
6.77977578E8	40.35295764415186
6.84791423E8	40.53012110962385
6.91605268E8	40.17800855491506
6.98419113E8	40.31292056977898
7.05232958E8	39.92214006748139
7.12046803E8	40.00389590629136
7.18860648E8	40.31205873268528
7.222708485E8	0.0
7.25677771E8	40.19871886942471
7.32488338E8	39.658675522248515
7.39302183E8	40.114998142790384
7.46116028E8	39.94259060210018
7.52929873E8	40.55057278094038
7.59743718E8	40.23300222689385
7.66557563E8	40.288266418702634
7.73371408E8	40.259450855297665
7.80185253E8	38.35648460610136
7.86999098E8	36.824558670134806
7.93812943E8	34.024287941890535
8.00626788E8	39.06749374933578
8.07440633E8	38.401585840061486
8.14254478E8	40.523001346845184
8.190716475E8	36.522385384562604
8.2247857E8	36.751502260218786
8.27882168E8	33.88198647425654
8.34696013E8	36.18739123953956
8.41509858E8	38.06435659132938
8.48323703E8	40.52283365089112
8.55137548E8	37.145293471989035
8.61951393E8	36.32969517075288
8.68765238E8	40.56507807148175
8.75579083E8	39.97932696848004
8.82392928E8	39.40489211367108
8.89206773E8	39.52673820107329
8.96020618E8	40.39904246774199
9.02834463E8	39.82874976182597
9.09648308E8	39.57090186592299
9.14262198E8	31.093094643667726
9.176691205E8	38.12996836688261
9.23275998E8	39.66050549269618
9.30089843E8	39.231364743232795
9.36903688E8	37.83964080193795
9.43717533E8	35.675913199307544
9.50531378E8	40.649943729410815
9.57345223E8	40.180676769940746
9.64159068E8	39.352343965591736
9.70972913E8	39.680596554773416
9.77786758E8	40.149753989221075
9.84600603E8	40.148209356572025
9.91414448E8	40.17541920788122
9.98228293E8	40.42688077778234
1.00390351E9	38.20185076938634
1.0073104325E9	0.0
1.011855983E9	40.07153622853856
1.018669828E9	39.551920203799746
1.025483673E9	39.78890919528111
1.032297518E9	40.4303003705761
1.039111363E9	39.73157120429704
1.045925208E9	40.30007233943108
1.052739053E9	40.67550134874472
1.059552898E9	40.14416272474417
1.0652815955E9	40.2675546840664
1.068688518E9	0.0
1.073180588E9	35.78534758216213
1.079994433E9	39.139268304037564
1.086808278E9	39.931371626333984
1.093622123E9	23.10717109414234
1.100435968E9	39.1236672459298
1.107249813E9	40.922777229886556
1.114063658E9	38.11752023014216
1.120877503E9	40.061290155741716
1.127691348E9	39.87359496280074
1.134505193E9	39.989846953601756
1.141319038E9	39.94724783538614
1.148132883E9	40.32063915712188
1.154946728E9	38.3374065035404
1.161760573E9	39.95648853093099
1.168574418E9	32.893749349045514
1.175388263E9	40.69578919023835
1.182202108E9	7.756749733293213
1.189015953E9	39.8337566381898
1.195829798E9	40.25617742793936
1.202643643E9	40.52937397722772
1.209457488E9	39.31587893405293
1.216271333E9	38.726140859546845
1.223085178E9	40.34963465084674
1.229899023E9	40.56638530025323
1.236712868E9	40.287648123994
1.243526713E9	39.89126737329597
1.250340558E9	40.5656359939961
1.257154403E9	39.96584466393589
1.2618183335E9	39.793771801578366
1.265225256E9	40.53909386192373
1.270782093E9	40.101214886407035
1.277595938E9	39.91165326197509
1.284409783E9	39.46559411216198
1.291223628E9	40.79348510229389
1.298037473E9	40.92424611016661
1.304851318E9	40.605008099466026
1.311665163E9	38.92073794564074
1.318479008E9	39.28337693950824
1.325292853E9	40.9276245426461
1.332106698E9	40.74281908506515
1.338920543E9	39.49332439168638
1.345734388E9	37.04115282428733
1.352548233E9	40.4325680415137
1.359362078E9	35.7206832060774
1.366175923E9	40.87188790622735
1.372989768E9	38.19994783112261
1.379803613E9	40.62452422181352
1.386617458E9	39.70508582390008
1.393431303E9	40.51471749673262
1.400245148E9	36.87755686367761
1.407058993E9	40.32267443430159
1.413872838E9	39.96751595380104
1.420686683E9	40.50458493255029
1.427500528E9	40.59403224609638
1.434314373E9	40.80122913840311
1.441128218E9	28.702072962101013
1.444861853E9	40.220119508831836
1.4482687755E9	20.39207694439313
1.454755908E9	36.29599063410706
1.461569753E9	38.070757275616494
1.468383598E9	37.8671692596249
1.475197443E9	40.70401888669787
1.482011288E9	40.193263129911344
1.488825133E9	36.1811940065876
1.495638978E9	39.87325084220466
1.502452823E9	39.18361318761219
1.509266668E9	37.76511553351709
1.516080513E9	39.07660225125377
1.522894358E9	37.6244271144982
1.529708203E9	40.449292353118246
1.536522048E9	38.07935944158227
1.543335893E9	39.672229130290994
1.550149738E9	40.67532576176848
1.556963583E9	38.6161397158088
1.563777428E9	39.64041527051798
1.570591273E9	39.25061293692263
1.577405118E9	40.42423253350038
1.584218963E9	40.47816588370748
1.591032808E9	39.63139001793503
1.597846653E9	39.00349340693454
1.6032409105E9	38.39482020192433
1.606647833E9	0.0
1.611474343E9	39.93720023793776
1.618288188E9	35.470871497234064
1.625102033E9	38.33208687639448
1.631915878E9	36.83530059161398
1.638729723E9	40.04766785105062
1.645543568E9	38.494210935791195
1.652357413E9	40.196022015832234
1.659171258E9	35.755701091248724
1.665985103E9	40.35289067327042
1.672798948E9	33.392240953378526
1.679612793E9	31.535504106400303
1.686426638E9	38.17628276067211
1.693240483E9	40.05222834616229
1.700054328E9	36.752438673142365
1.706868173E9	39.75548503616424
1.713682018E9	40.4594687199243
1.720495863E9	39.72903738762554
1.727309708E9	40.37046828528082
1.734123553E9	40.450128503629585
1.740937398E9	40.66015877538637
1.747751243E9	38.70085591855474
1.754565088E9	37.74189746105542
1.759854186E9	40.69013041432553
1.7632611085E9	1.0
1.768192778E9	37.3674563927698
1.775006623E9	4.844920369427678
1.781820468E9	38.29970046905
1.788634313E9	39.7228843498507
1.795448158E9	40.2800994906424
1.802262003E9	38.36047845110366
1.809075848E9	38.44173465336012
1.815889693E9	40.02149352096467
1.822703538E9	38.510135341355415
1.829517383E9	40.21068191437685
1.836331228E9	40.43315200807216
1.843145073E9	4.127487539564157
1.849958918E9	39.577064696652755
1.856772763E9	39.67263099549581
1.863586608E9	38.382603014791144
1.870400453E9	39.780560642249895
1.877214298E9	40.63319422901061
1.884028143E9	40.4091751314936
1.890841988E9	39.706911626761965
1.897655833E9	40.3280378432857
1.904469678E9	40.27693887639753
1.910723823E9	40.52277681205215
1.9141307455E9	0.0
1.918097368E9	33.273945175675244
1.924911213E9	37.60467486043603
1.931725058E9	39.72829839448447
1.938538903E9	37.928033782838654
1.945352748E9	41.149400433991175
1.952166593E9	39.507455739265396
1.958980438E9	39.22442641037682
1.965794283E9	40.50466561901397
1.972608128E9	37.829666528883884
1.979421973E9	39.23407639249173
1.986235818E9	39.5625258976126
1.993049663E9	36.2975961394359
1.999863508E9	40.691833597833686
2.006677353E9	40.4088700513156
2.013491198E9	41.10493285177255
2.020305043E9	39.81740600519085
2.027118888E9	40.44339654128189
2.033932733E9	40.0907692501124
2.040746578E9	39.70993821185983
2.047560423E9	39.94132686077276
2.054374268E9	39.79039415063034
2.060544391E9	40.17778899219718
2.0639513135E9	0.0
2.068001958E9	37.97595949248577
2.074815803E9	33.594654842727934
2.081629648E9	39.761176461199604
2.088443493E9	38.73059000988229
2.095257338E9	39.940920027066994
2.102071183E9	38.917037385021075
2.108885028E9	39.72792719115292
2.115698873E9	34.40725034099588
2.122512718E9	38.96362335123044
2.129326563E9	40.11734159792604
2.136140408E9	40.761721710027786
2.142954253E9	40.46549108669537
2.149768098E9	37.92528071846657
2.156581943E9	39.71780860400461
2.163395788E9	40.86075542339818
2.170209633E9	23.301862365177534
2.177023478E9	40.090332272754374
2.183837323E9	40.72375390900209
2.190651168E9	40.69328445941361
2.197465013E9	39.65286194856901
2.204278858E9	40.430931165545644
2.2082174155E9	40.833936850806886
2.211624338E9	38.943393099614035
2.217906548E9	39.59009923374432
2.224720393E9	40.00753937704783
2.231534238E9	30.03370861687662
2.238348083E9	34.83702166629957
2.245161928E9	40.07480944609211
2.251975773E9	39.31795865224405
2.258789618E9	38.541938460164786
2.265603463E9	38.00877686129485
2.272417308E9	38.97326326852338
2.279231153E9	39.73987135676356
2.286044998E9	39.61227244612627
2.292858843E9	40.524869418684595
2.299672688E9	40.49005030674721
2.306486533E9	39.49758817733032
2.313300378E9	40.17445744529646
2.320114223E9	40.60906795165211
2.326928068E9	40.77496893942318
2.333741913E9	38.66632509438918
2.3376495495E9	37.011867137211
2.341056472E9	21.19150936931312
2.347369603E9	35.52454050344839
2.354183448E9	39.954722296300545
2.360997293E9	40.08113687987913
2.367811138E9	40.59184622014648
2.374624983E9	37.388600808899355
2.381438828E9	40.09258892983218
2.388252673E9	39.97561704267211
2.395066518E9	40.315084243235596
2.401880363E9	40.76763064755147
2.408694208E9	40.78618237139032
2.415508053E9	39.2787705700789
2.422321898E9	38.902788199223814
2.429135743E9	35.49002305918524
2.435949588E9	40.42514017277956
2.442763433E9	40.47861433095919
2.449577278E9	40.59284407652002
2.456391123E9	39.90497351261652
2.4612717095E9	39.72157501451505
2.462753523E9	0.0
2.4646867815E9	2.394588204387232
2.470018813E9	37.33399053228047
2.476832658E9	37.47845146747571
2.483646503E9	38.1591338107566
2.490460348E9	2.217323392202599
2.497274193E9	37.35658775525184
2.504088038E9	39.38565624187261
2.510901883E9	38.03022110238504
2.517715728E9	38.5417343118271
2.524529573E9	37.295295394616176
2.531343418E9	32.065119097408605
2.538157263E9	37.571864699448945
2.544971108E9	17.26597187621104
2.551784953E9	25.51411491621355
2.558598798E9	34.9572600815226
2.565412643E9	39.39294005471566
2.572226488E9	37.04478663536966
2.579040333E9	28.983564764349687
2.585854178E9	7.808121493848644
2.592668023E9	35.90675285697795
2.599481868E9	38.22983633833928
2.606295713E9	37.824024840123506
2.613109558E9	39.433984106882185
2.619923403E9	39.655023302974364
2.626737248E9	38.229183270250395
2.631968571E9	9.007227921551806
2.6353754935E9	1.9980893334113197
2.640364938E9	2.2754554415683983
2.647178783E9	1.4378935317687465
2.653992628E9	1.3989096802711065
2.660806473E9	1.3380774615025666
2.667620318E9	1.3224174145503151
2.674434163E9	1.6676237210273543
2.681248008E9	1.3752001348276734
2.688061853E9	1.8118406227593977
2.694875698E9	0.9800333381649514
2.701689543E9	1.3151077344625732
2.708503388E9	1.1619196810025634
2.715317233E9	1.7339690891154225
2.7221309125E9	12.456985710540764
