# Position (bp)	A	C	G	T	N
0.0	15.094894513179408	30.228650384982604	34.23687479023699	20.43662734794066	0.0029529636603474437
1.0	16.48426391537288	24.669611541645082	30.61554661320048	28.228249459946664	0.0023284698348963223
2.0	18.257233110519884	26.25439844383276	28.750446736118707	26.737654069317745	2.6764021090762327E-4
3.0	20.611436551694975	24.554909868590443	31.065101875462016	23.767641727535484	9.099767170859192E-4
4.0	20.693004366639254	24.60098859156837	30.59170433107879	24.113477486729952	8.252239836318385E-4
5.0	21.563976983655568	25.841603564539383	28.734593514292612	23.859183601006258	6.423365061782959E-4
6.0	15.504892552268796	26.089451781850386	26.947287725181322	31.457440121301683	9.27819397813094E-4
7.0	16.794704256674812	28.812726613196908	28.063057461104297	26.328610613647257	9.010553767223317E-4
8.0	16.53447767960933	27.972095474757158	28.742787765416566	26.750371440006038	2.6764021090762327E-4
9.0	21.295792570985768	25.686987814698053	28.664333498259182	24.352444509709006	4.416063479975784E-4
10.0	17.394615328754067	29.46651365973187	29.688128675703744	23.450590673024134	1.5166278618098652E-4
11.0	16.226223066696477	27.81859935313145	30.50965922442506	25.445103513420104	4.14842326906816E-4
12.0	17.21819582306413	28.1616962608343	28.151276135289628	26.468622129313403	2.096514985443049E-4
13.0	17.8978770600044	27.630305543417577	28.178196279836754	26.293487296635814	1.3382010545381163E-4
14.0	17.76154559723824	27.41488193765803	28.97268178524585	25.85069441036988	1.9626948799892371E-4
15.0	17.572172305340366	27.867689028482097	29.059776370545375	25.50005450938962	3.0778624254376675E-4
16.0	18.09955734093384	27.332377381975576	28.811450861524918	25.755963157719126	6.512578465418833E-4
17.0	18.134863545422736	27.518182137728008	28.402563529310797	25.943810900414828	5.798871236331837E-4
18.0	17.609517036102346	27.486248199896547	28.805660911628948	26.096700370895803	0.001873481476353363
19.0	17.89070876302226	27.910110001910954	28.683496537360163	25.509372849399387	0.006311848307238115
20.0	17.878696178222686	27.60994258403769	28.96357755740481	25.53400467014325	0.013779010191560805
21.0	17.823018093013538	27.405639429041358	29.307624587856377	25.442650144820117	0.021067745268611746
22.0	17.927455763979875	27.265079250942854	28.61903093189288	26.162356975301627	0.026077077882766097
23.0	17.99657384844677	27.996339217195203	28.512287094442556	25.47528440787012	0.01951543204534753
24.0	18.100508573047733	28.19748664777168	28.145044847642207	25.54327849218851	0.013681439349871562
25.0	18.332292502597095	27.893127657625854	28.257651131946364	25.511807454804607	0.005121253026078375
26.0	18.720942890003005	27.324144982855493	27.641717680838212	26.310000205216603	0.0031942410866843862
27.0	18.442482250692695	27.849968691799038	28.53538072088499	25.171218048514216	9.50288109062737E-4
28.0	17.8318220298865	28.141994021058274	29.768271167432054	24.25751122289713	4.0155872604512576E-4
29.0	16.662102636551772	27.949739653949095	29.050992450096157	26.337111713669188	5.354573379051276E-5
30.0	17.475546048474747	26.46137078510682	26.147794505317073	29.915177091941825	1.1156915953524037E-4
31.0	19.929693553823075	27.028052280058695	28.550769446248026	24.49133742795919	1.47291911009441E-4
32.0	19.369144689976515	26.60656088915289	28.835161799489445	25.1890388725823	9.374879884351483E-5
33.0	21.45446031253072	25.173659073059845	26.29337077199781	27.078170378827515	3.3946358411101387E-4
34.0	16.7403662037381	28.759505555133895	26.443776523765194	28.05138120030656	0.0049705170562488205
35.0	16.991829324910526	29.84365040754805	25.883685380306343	27.280530215260608	3.046719744706392E-4
36.0	15.792126372623233	29.697028848450564	28.32426128930067	26.18639857291203	1.8491671351223408E-4
37.0	17.0498113502026	28.768528635690878	30.588432676117485	23.592379711828297	8.476261607468656E-4
38.0	20.085271374245675	30.725025475399015	30.763569430782034	18.42490995478421	0.0012237647890700003
39.0	14.8654819690892	33.639240481726134	34.00632517252679	17.48228570739969	0.006666669258180469
