#Insert size (bp)	insert size
30.0	1.0
32.0	1.0
34.0	2.0
35.0	1.0
36.0	4.0
37.0	1.0
38.0	3.0
39.0	12.0
40.0	62.0
41.0	210.0
42.0	277.0
43.0	220.0
44.0	229.0
45.0	199.0
46.0	188.0
47.0	225.0
48.0	216.0
49.0	228.0
50.0	204.0
51.0	201.0
52.0	203.0
53.0	215.0
54.0	221.0
55.0	190.0
56.0	185.0
57.0	165.0
58.0	186.0
59.0	223.0
60.0	180.0
61.0	209.0
62.0	195.0
63.0	194.0
64.0	175.0
65.0	184.0
66.0	173.0
67.0	185.0
68.0	210.0
69.0	187.0
70.0	171.0
71.0	198.0
72.0	173.0
73.0	211.0
74.0	207.0
75.0	215.0
76.0	220.0
77.0	225.0
78.0	210.0
79.0	225.0
80.0	254.0
81.0	254.0
82.0	269.0
83.0	314.0
84.0	337.0
85.0	374.0
86.0	363.0
87.0	412.0
88.0	432.0
89.0	544.0
90.0	532.0
91.0	577.0
92.0	669.0
93.0	757.0
94.0	856.0
95.0	985.0
96.0	1167.0
97.0	1164.0
98.0	1354.0
99.0	1486.0
100.0	1697.0
101.0	1895.0
102.0	2066.0
103.0	2186.0
104.0	2567.0
105.0	2788.0
106.0	3143.0
107.0	3465.0
108.0	3861.0
109.0	4153.0
110.0	4515.0
111.0	4726.0
112.0	5200.0
113.0	5600.0
114.0	5966.0
115.0	6519.0
116.0	7142.0
117.0	7868.0
118.0	8112.0
119.0	8623.0
120.0	9275.0
121.0	9853.0
122.0	10349.0
123.0	10945.0
124.0	11529.0
125.0	11915.0
126.0	12761.0
127.0	13766.0
128.0	14421.0
129.0	14974.0
130.0	15479.0
131.0	16226.0
132.0	17109.0
133.0	17484.0
134.0	17874.0
135.0	18602.0
136.0	19823.0
137.0	20075.0
138.0	20894.0
139.0	21427.0
140.0	22311.0
141.0	22658.0
142.0	23391.0
143.0	23707.0
144.0	24313.0
145.0	24771.0
146.0	25545.0
147.0	25908.0
148.0	26517.0
149.0	27256.0
150.0	27370.0
151.0	28064.0
152.0	28719.0
153.0	29001.0
154.0	29220.0
155.0	29665.0
156.0	30189.0
157.0	30298.0
158.0	30587.0
159.0	30837.0
160.0	31260.0
161.0	31939.0
162.0	31607.0
163.0	32084.0
164.0	32173.0
165.0	32128.0
166.0	32241.0
167.0	32610.0
168.0	32474.0
169.0	32774.0
170.0	33093.0
171.0	33089.0
172.0	33110.0
173.0	33207.0
174.0	33204.0
175.0	33039.0
176.0	33347.0
177.0	32978.0
178.0	33242.0
179.0	32991.0
180.0	32898.0
181.0	33064.0
182.0	32831.0
183.0	33031.0
184.0	32833.0
185.0	32473.0
186.0	32519.0
187.0	32361.0
188.0	32172.0
189.0	32216.0
190.0	32018.0
191.0	32180.0
192.0	31648.0
193.0	31601.0
194.0	31713.0
195.0	31485.0
196.0	30656.0
197.0	31003.0
198.0	30582.0
199.0	30457.0
200.0	30675.0
201.0	30049.0
202.0	29853.0
203.0	29862.0
204.0	28974.0
205.0	29377.0
206.0	28963.0
207.0	28741.0
208.0	28534.0
209.0	28546.0
210.0	28211.0
211.0	28109.0
212.0	27578.0
213.0	27444.0
214.0	27491.0
215.0	27203.0
216.0	26867.0
217.0	26443.0
218.0	26474.0
219.0	26249.0
220.0	26061.0
221.0	25767.0
222.0	25601.0
223.0	25285.0
224.0	25144.0
225.0	24977.0
226.0	24702.0
227.0	24544.0
228.0	24098.0
229.0	23430.0
230.0	23828.0
231.0	23388.0
232.0	23356.0
233.0	23163.0
234.0	23148.0
235.0	22548.0
236.0	22362.0
237.0	22389.0
238.0	22050.0
239.0	21544.0
240.0	21442.0
241.0	21459.0
242.0	21083.0
243.0	21149.0
244.0	20833.0
245.0	20326.0
246.0	20224.0
247.0	20134.0
248.0	19637.0
249.0	19556.0
250.0	19489.0
251.0	19087.0
252.0	18835.0
253.0	18741.0
254.0	18627.0
255.0	18063.0
256.0	18168.0
257.0	18114.0
258.0	17617.0
259.0	17747.0
260.0	17745.0
261.0	17260.0
262.0	17007.0
263.0	16962.0
264.0	16815.0
265.0	16381.0
266.0	16468.0
267.0	16029.0
268.0	15962.0
269.0	15984.0
270.0	15883.0
271.0	15502.0
272.0	15432.0
273.0	15065.0
274.0	14992.0
275.0	15081.0
276.0	14430.0
277.0	14532.0
278.0	14484.0
279.0	14307.0
280.0	14217.0
281.0	13939.0
282.0	13868.0
283.0	13651.0
284.0	13297.0
285.0	13234.0
286.0	13223.0
287.0	12989.0
288.0	12781.0
289.0	12752.0
290.0	12505.0
291.0	12612.0
292.0	12275.0
293.0	12301.0
294.0	12098.0
295.0	11882.0
296.0	12011.0
297.0	11662.0
298.0	11372.0
299.0	11438.0
300.0	11332.0
301.0	11283.0
302.0	10838.0
303.0	10736.0
304.0	10842.0
305.0	10687.0
306.0	10461.0
307.0	10481.0
308.0	10347.0
309.0	10165.0
310.0	10127.0
311.0	10069.0
312.0	9858.0
313.0	9718.0
314.0	9501.0
315.0	9487.0
316.0	9337.0
317.0	9149.0
318.0	9168.0
319.0	9133.0
320.0	9075.0
321.0	8980.0
322.0	8893.0
323.0	8816.0
324.0	8621.0
325.0	8637.0
326.0	8426.0
327.0	8521.0
328.0	8144.0
329.0	8207.0
330.0	8074.0
331.0	7911.0
332.0	7850.0
333.0	7858.0
334.0	7695.0
335.0	7545.0
336.0	7372.0
337.0	7411.0
338.0	7220.0
339.0	7161.0
340.0	7018.0
341.0	7081.0
342.0	7024.0
343.0	6752.0
344.0	6760.0
345.0	6742.0
346.0	6832.0
347.0	6558.0
348.0	6395.0
349.0	6198.0
350.0	6331.0
351.0	6168.0
352.0	6032.0
353.0	6086.0
354.0	5903.0
355.0	5681.0
356.0	5849.0
357.0	5694.0
358.0	5566.0
359.0	5489.0
360.0	5507.0
361.0	5447.0
362.0	5267.0
363.0	5307.0
364.0	5146.0
365.0	5050.0
366.0	4918.0
367.0	4897.0
368.0	4804.0
369.0	4603.0
370.0	4724.0
371.0	4620.0
372.0	4548.0
373.0	4396.0
374.0	4575.0
375.0	4442.0
376.0	4321.0
377.0	4283.0
378.0	4087.0
379.0	4148.0
380.0	4138.0
381.0	4032.0
382.0	3952.0
383.0	3884.0
384.0	3845.0
385.0	3737.0
386.0	3708.0
387.0	3719.0
388.0	3726.0
389.0	3538.0
390.0	3595.0
391.0	3559.0
392.0	3447.0
393.0	3335.0
394.0	3285.0
395.0	3314.0
396.0	3234.0
397.0	3168.0
398.0	3195.0
399.0	3092.0
400.0	3075.0
401.0	2959.0
402.0	3007.0
403.0	2907.0
404.0	2932.0
405.0	2849.0
406.0	2792.0
407.0	2730.0
408.0	2662.0
409.0	2729.0
410.0	2675.0
411.0	2726.0
412.0	2666.0
413.0	2480.0
414.0	2580.0
415.0	2545.0
416.0	2523.0
417.0	2357.0
418.0	2354.0
419.0	2395.0
420.0	2450.0
421.0	2342.0
422.0	2276.0
423.0	2303.0
424.0	2279.0
425.0	2225.0
426.0	2174.0
427.0	2100.0
428.0	2091.0
429.0	2131.0
430.0	2071.0
431.0	2092.0
432.0	1985.0
433.0	2035.0
434.0	1913.0
435.0	1948.0
436.0	1910.0
437.0	1870.0
438.0	1911.0
439.0	1880.0
440.0	1879.0
441.0	1748.0
442.0	1810.0
443.0	1754.0
444.0	1801.0
445.0	1727.0
446.0	1660.0
447.0	1666.0
448.0	1680.0
449.0	1629.0
450.0	1628.0
451.0	1586.0
452.0	1571.0
453.0	1540.0
454.0	1575.0
455.0	1498.0
456.0	1507.0
457.0	1477.0
458.0	1468.0
459.0	1378.0
460.0	1500.0
461.0	1496.0
462.0	1396.0
463.0	1350.0
464.0	1350.0
465.0	1358.0
466.0	1325.0
467.0	1304.0
468.0	1312.0
469.0	1311.0
470.0	1229.0
471.0	1328.0
472.0	1273.0
473.0	1242.0
474.0	1298.0
475.0	1281.0
476.0	1181.0
477.0	1216.0
478.0	1217.0
479.0	1239.0
480.0	1101.0
481.0	1104.0
482.0	1158.0
483.0	1094.0
484.0	1115.0
485.0	1064.0
486.0	1122.0
487.0	1108.0
488.0	1061.0
489.0	1029.0
490.0	1041.0
491.0	1001.0
492.0	1031.0
493.0	995.0
494.0	952.0
495.0	989.0
496.0	994.0
497.0	958.0
498.0	925.0
499.0	911.0
500.0	977.0
501.0	958.0
502.0	922.0
503.0	935.0
504.0	880.0
505.0	948.0
506.0	864.0
507.0	936.0
508.0	851.0
509.0	856.0
510.0	891.0
511.0	816.0
512.0	816.0
513.0	791.0
514.0	827.0
515.0	815.0
516.0	740.0
517.0	785.0
518.0	803.0
519.0	752.0
520.0	747.0
521.0	716.0
522.0	730.0
523.0	729.0
524.0	729.0
525.0	704.0
526.0	740.0
527.0	707.0
528.0	720.0
529.0	694.0
530.0	689.0
531.0	732.0
532.0	705.0
533.0	664.0
534.0	640.0
535.0	631.0
536.0	627.0
537.0	654.0
538.0	587.0
539.0	639.0
540.0	590.0
541.0	625.0
542.0	561.0
543.0	582.0
544.0	580.0
545.0	564.0
546.0	565.0
547.0	528.0
548.0	521.0
549.0	528.0
550.0	509.0
551.0	530.0
552.0	536.0
553.0	520.0
554.0	523.0
555.0	490.0
556.0	494.0
557.0	514.0
558.0	498.0
