# Position (bp)	A	C	G	T	N
0.0	22.126542774795492	25.108614015171614	27.876729074893454	24.885412010520707	0.002702124618731844
1.0	23.851051728757476	19.706611122270488	24.58529712139083	31.854875072314385	0.0021649552668152727
2.0	26.050809058433284	20.827341724678245	22.618524789714474	30.502901202836124	4.2322433787366236E-4
3.0	29.72727749224604	19.940914626861005	24.30992457816742	26.020955464754042	9.278379714922597E-4
4.0	29.537298598118216	19.764316132953645	24.744169026684943	25.953304682130852	9.115601123432727E-4
5.0	30.828816498717142	20.76084667005463	22.243499192780966	26.166202801940454	6.348365068104935E-4
6.0	21.895185562710942	21.93568487627362	21.36921537788887	34.799002623014225	9.115601123432727E-4
7.0	24.628026501656926	23.631870355316366	22.428431950572605	29.310678243046016	9.929494080882077E-4
8.0	24.177455360412964	23.393041605882427	23.00673545255867	29.422539691117855	2.2789002808581816E-4
9.0	30.604409932489208	19.882932892572317	22.811189530601887	26.701028142139567	4.395021970226493E-4
10.0	25.97387989609517	23.237522939573005	25.047018596151847	25.74151345674338	6.511143659594805E-5
11.0	24.022180861990776	23.29693712546681	24.428248336321406	28.25216161830569	4.7205791532062334E-4
12.0	24.93966611506428	22.82271425487937	22.795302340072475	29.442252178547278	6.511143659594805E-5
13.0	25.948518991541047	21.78478912196251	22.651145619449046	29.615448599892503	9.766715489392207E-5
14.0	25.791258594302686	21.74818021673644	23.28778896862508	29.172690831040054	8.138929574493505E-5
15.0	25.883733112128077	21.925185657122523	23.453692909071552	28.737241820945503	1.4650073234088312E-4
16.0	26.072133053918456	21.97121944279586	23.216345444820174	28.739943945564235	3.5811290127771425E-4
17.0	26.23885088732238	21.853123574669958	23.232704693264907	28.67517434401042	1.4650073234088312E-4
18.0	25.9219209696916	22.027150166831778	23.31664961289623	28.733042133285064	0.001237117295323013
19.0	26.01900212165616	22.046992877134393	23.482911666243986	28.44607975434757	0.005013580617888
20.0	26.01488382329147	22.105609447929897	23.338152664832045	28.530317675443577	0.011036388503013195
21.0	26.23163979571938	22.022348198382826	23.301332147437034	28.429980951649224	0.014698906811535272
22.0	26.156615142901696	21.97847936797631	23.19038225947754	28.65611297094695	0.018410258697504314
23.0	26.240722841124516	21.93298275165489	23.29093059544083	28.52466925831888	0.010694553460884467
24.0	26.183989566084826	22.158151561343203	23.296349497089714	28.3553397957104	0.006169579771852522
25.0	26.445932128256267	22.137735760287807	23.204980584375065	28.20972358720459	0.0016279398762733136
26.0	26.74398803337319	21.74035428404719	23.103759172286605	28.410775173807828	0.0011233364851875875
27.0	26.622111771147456	21.98450168232747	23.69851219927562	27.69463013054522	2.4421670422719577E-4
28.0	25.92846355809741	22.805820935013127	24.195192640384263	27.0704903018338	3.256467140211263E-5
29.0	23.745094839880657	23.16290782158293	23.877940042814	29.214008443600715	4.8852121696497395E-5
30.0	25.641145075838388	20.773807294101168	21.18851210824703	32.396519235248036	1.6286565375087743E-5
31.0	28.526260388362136	21.015673499147493	24.39795594075284	26.060110171737534	0.0
32.0	27.839047525479366	21.056247762770315	24.081821385610333	27.02285074018189	3.258595809152516E-5
33.0	31.12645747336727	19.338453955153863	21.644934287780206	27.89000758280613	1.4670089252823013E-4
34.0	24.470831510742936	22.31641953129474	22.544936064806937	30.666050806505428	0.001762086649958387
35.0	24.2551860540896	23.58081958268935	21.49550893773465	30.668272877260428	2.1254822596623196E-4
36.0	23.1382587358093	23.252471492538763	23.76223510953862	29.846886355258523	1.483068547922641E-4
37.0	25.356044281580857	21.93891871565019	25.495117474153524	27.20914173325271	7.777953627164132E-4
38.0	29.284279649704587	24.266214451852395	24.661047062640122	21.787609148683178	8.496871197119086E-4
39.0	22.632290108546137	27.163882819755646	29.593268055301593	20.606380028032724	0.004178988363897843
