#Coverage	Number of genomic locations
0.0	2.607502084E9
1.0	6.0301745E7
2.0	2.5707343E7
3.0	1.2884332E7
4.0	6972257.0
5.0	4001512.0
6.0	2437919.0
7.0	1562230.0
8.0	1045649.0
9.0	722912.0
10.0	517179.0
11.0	379516.0
12.0	282874.0
13.0	215291.0
14.0	168093.0
15.0	131000.0
16.0	105342.0
17.0	84192.0
18.0	67856.0
19.0	55733.0
20.0	46196.0
21.0	38755.0
22.0	33453.0
23.0	28264.0
24.0	23830.0
25.0	20706.0
26.0	17851.0
27.0	15431.0
28.0	13196.0
29.0	11670.0
30.0	10188.0
31.0	9219.0
32.0	7947.0
33.0	6928.0
34.0	6306.0
35.0	5464.0
36.0	4625.0
37.0	4278.0
38.0	3743.0
39.0	3397.0
40.0	3053.0
41.0	2723.0
42.0	2465.0
43.0	2225.0
44.0	2025.0
45.0	1821.0
46.0	1693.0
47.0	1728.0
48.0	1604.0
49.0	1480.0
50.0	1389.0
51.0	1370.0
52.0	1311.0
53.0	1131.0
54.0	1077.0
55.0	1075.0
56.0	1017.0
57.0	835.0
58.0	975.0
59.0	903.0
60.0	816.0
61.0	823.0
62.0	877.0
63.0	777.0
64.0	738.0
65.0	637.0
66.0	613.0
67.0	585.0
68.0	591.0
69.0	618.0
70.0	489.0
71.0	536.0
72.0	504.0
73.0	498.0
74.0	513.0
75.0	537.0
76.0	489.0
77.0	463.0
78.0	432.0
79.0	383.0
80.0	410.0
81.0	399.0
82.0	341.0
83.0	309.0
84.0	329.0
85.0	340.0
86.0	339.0
87.0	348.0
88.0	302.0
89.0	313.0
90.0	312.0
91.0	336.0
92.0	318.0
93.0	316.0
94.0	331.0
95.0	285.0
96.0	335.0
97.0	348.0
98.0	305.0
99.0	282.0
100.0	300.0
101.0	252.0
102.0	254.0
103.0	279.0
104.0	253.0
105.0	297.0
106.0	301.0
107.0	238.0
108.0	244.0
109.0	299.0
110.0	264.0
111.0	266.0
112.0	248.0
113.0	261.0
114.0	251.0
115.0	259.0
116.0	222.0
117.0	215.0
118.0	215.0
119.0	263.0
120.0	250.0
121.0	265.0
122.0	272.0
123.0	254.0
124.0	234.0
125.0	228.0
126.0	256.0
127.0	237.0
128.0	274.0
129.0	240.0
130.0	217.0
131.0	217.0
132.0	202.0
133.0	222.0
134.0	206.0
135.0	196.0
136.0	175.0
137.0	221.0
138.0	182.0
139.0	200.0
140.0	194.0
141.0	177.0
142.0	198.0
143.0	204.0
144.0	168.0
145.0	182.0
146.0	167.0
147.0	201.0
148.0	164.0
149.0	176.0
150.0	165.0
151.0	149.0
152.0	128.0
153.0	121.0
154.0	137.0
155.0	144.0
156.0	119.0
157.0	120.0
158.0	151.0
159.0	121.0
160.0	122.0
161.0	109.0
162.0	111.0
163.0	88.0
164.0	108.0
165.0	112.0
166.0	86.0
167.0	109.0
168.0	85.0
169.0	85.0
170.0	112.0
171.0	84.0
172.0	92.0
173.0	79.0
174.0	81.0
175.0	90.0
176.0	68.0
177.0	88.0
178.0	75.0
179.0	53.0
180.0	55.0
181.0	61.0
182.0	65.0
183.0	63.0
184.0	62.0
185.0	59.0
186.0	58.0
187.0	50.0
188.0	60.0
189.0	61.0
190.0	45.0
191.0	56.0
192.0	50.0
193.0	50.0
194.0	59.0
195.0	62.0
196.0	68.0
197.0	75.0
198.0	53.0
199.0	56.0
200.0	73.0
201.0	52.0
202.0	45.0
203.0	41.0
204.0	45.0
205.0	39.0
206.0	36.0
207.0	30.0
208.0	36.0
209.0	47.0
210.0	40.0
211.0	43.0
212.0	32.0
213.0	36.0
214.0	35.0
215.0	36.0
216.0	33.0
217.0	37.0
218.0	45.0
219.0	41.0
220.0	41.0
221.0	37.0
222.0	39.0
223.0	51.0
224.0	39.0
225.0	34.0
226.0	30.0
227.0	24.0
228.0	43.0
229.0	31.0
230.0	31.0
231.0	48.0
232.0	30.0
233.0	39.0
234.0	35.0
235.0	36.0
236.0	40.0
237.0	37.0
238.0	22.0
239.0	32.0
240.0	32.0
241.0	24.0
242.0	33.0
243.0	34.0
244.0	40.0
245.0	27.0
246.0	28.0
247.0	33.0
248.0	38.0
249.0	48.0
250.0	34.0
251.0	27.0
252.0	32.0
253.0	38.0
254.0	27.0
255.0	21.0
256.0	14.0
257.0	19.0
258.0	25.0
259.0	20.0
260.0	25.0
261.0	31.0
262.0	35.0
263.0	18.0
264.0	18.0
265.0	14.0
266.0	12.0
267.0	20.0
268.0	13.0
269.0	29.0
270.0	16.0
271.0	20.0
272.0	13.0
273.0	29.0
274.0	21.0
275.0	23.0
276.0	41.0
277.0	16.0
278.0	15.0
279.0	8.0
280.0	15.0
281.0	17.0
282.0	24.0
283.0	15.0
284.0	33.0
285.0	18.0
286.0	27.0
287.0	18.0
288.0	9.0
289.0	23.0
290.0	17.0
291.0	17.0
292.0	12.0
293.0	19.0
294.0	19.0
295.0	19.0
296.0	15.0
297.0	7.0
298.0	17.0
299.0	19.0
300.0	29.0
301.0	22.0
302.0	25.0
303.0	18.0
304.0	27.0
305.0	28.0
306.0	25.0
307.0	23.0
308.0	23.0
309.0	18.0
310.0	22.0
311.0	22.0
312.0	17.0
313.0	13.0
314.0	16.0
315.0	15.0
316.0	10.0
317.0	16.0
318.0	14.0
319.0	14.0
320.0	18.0
321.0	11.0
322.0	9.0
323.0	14.0
324.0	16.0
325.0	16.0
326.0	14.0
327.0	16.0
328.0	12.0
329.0	9.0
330.0	18.0
331.0	18.0
332.0	12.0
333.0	18.0
334.0	21.0
335.0	15.0
336.0	21.0
337.0	21.0
338.0	19.0
339.0	18.0
340.0	17.0
341.0	23.0
342.0	27.0
343.0	31.0
344.0	17.0
345.0	17.0
346.0	17.0
347.0	13.0
348.0	14.0
349.0	20.0
350.0	16.0
351.0	11.0
352.0	18.0
353.0	15.0
354.0	14.0
355.0	16.0
356.0	18.0
357.0	11.0
358.0	15.0
359.0	18.0
360.0	15.0
361.0	14.0
362.0	17.0
363.0	14.0
364.0	15.0
365.0	20.0
366.0	16.0
367.0	20.0
368.0	10.0
369.0	20.0
370.0	16.0
371.0	17.0
372.0	19.0
373.0	14.0
374.0	15.0
375.0	15.0
376.0	27.0
377.0	21.0
378.0	15.0
379.0	14.0
380.0	12.0
381.0	8.0
382.0	12.0
383.0	12.0
384.0	18.0
385.0	11.0
386.0	11.0
387.0	19.0
388.0	12.0
389.0	10.0
390.0	9.0
391.0	8.0
392.0	8.0
393.0	13.0
394.0	14.0
395.0	23.0
396.0	25.0
397.0	18.0
398.0	28.0
399.0	14.0
400.0	14.0
401.0	13.0
402.0	12.0
403.0	9.0
404.0	13.0
405.0	20.0
406.0	18.0
407.0	16.0
408.0	7.0
409.0	14.0
410.0	18.0
411.0	12.0
412.0	18.0
413.0	13.0
414.0	11.0
415.0	18.0
416.0	26.0
417.0	16.0
418.0	15.0
419.0	16.0
420.0	15.0
421.0	13.0
422.0	16.0
423.0	16.0
424.0	21.0
425.0	3.0
426.0	18.0
427.0	14.0
428.0	14.0
429.0	11.0
430.0	15.0
431.0	13.0
432.0	14.0
433.0	9.0
434.0	20.0
435.0	8.0
436.0	15.0
437.0	9.0
438.0	11.0
439.0	11.0
440.0	9.0
441.0	8.0
442.0	13.0
443.0	17.0
444.0	10.0
445.0	7.0
446.0	14.0
447.0	13.0
448.0	9.0
449.0	12.0
450.0	10.0
451.0	12.0
452.0	9.0
453.0	9.0
454.0	14.0
455.0	15.0
456.0	17.0
457.0	14.0
458.0	18.0
459.0	16.0
460.0	12.0
461.0	21.0
462.0	9.0
463.0	12.0
464.0	19.0
465.0	21.0
466.0	13.0
467.0	17.0
468.0	19.0
469.0	17.0
470.0	13.0
471.0	12.0
472.0	15.0
473.0	14.0
474.0	18.0
475.0	13.0
476.0	13.0
477.0	21.0
478.0	14.0
479.0	21.0
480.0	15.0
481.0	16.0
482.0	20.0
483.0	13.0
484.0	19.0
485.0	20.0
486.0	18.0
487.0	23.0
488.0	15.0
489.0	28.0
490.0	25.0
491.0	10.0
492.0	18.0
493.0	19.0
494.0	19.0
495.0	22.0
496.0	21.0
497.0	18.0
498.0	13.0
499.0	23.0
500.0	19.0
501.0	16.0
502.0	11.0
503.0	9.0
504.0	17.0
505.0	12.0
506.0	21.0
507.0	11.0
508.0	9.0
509.0	16.0
510.0	13.0
511.0	18.0
512.0	18.0
513.0	19.0
514.0	15.0
515.0	11.0
516.0	12.0
517.0	14.0
518.0	16.0
519.0	17.0
520.0	21.0
521.0	13.0
522.0	10.0
523.0	11.0
524.0	18.0
525.0	21.0
526.0	16.0
527.0	7.0
528.0	14.0
529.0	9.0
530.0	12.0
531.0	18.0
532.0	21.0
533.0	11.0
534.0	20.0
535.0	17.0
536.0	8.0
537.0	22.0
538.0	19.0
539.0	18.0
540.0	14.0
541.0	10.0
542.0	9.0
543.0	13.0
544.0	8.0
545.0	19.0
546.0	10.0
547.0	13.0
548.0	17.0
549.0	18.0
550.0	19.0
551.0	10.0
552.0	14.0
553.0	12.0
554.0	15.0
555.0	15.0
556.0	11.0
557.0	14.0
558.0	13.0
559.0	11.0
560.0	10.0
561.0	9.0
562.0	12.0
563.0	10.0
564.0	12.0
565.0	13.0
566.0	21.0
567.0	15.0
568.0	17.0
569.0	13.0
570.0	19.0
571.0	12.0
572.0	20.0
573.0	14.0
574.0	16.0
575.0	16.0
576.0	18.0
577.0	21.0
578.0	13.0
579.0	16.0
580.0	18.0
581.0	17.0
582.0	17.0
583.0	15.0
584.0	17.0
585.0	13.0
586.0	9.0
587.0	16.0
588.0	16.0
589.0	8.0
590.0	11.0
591.0	14.0
592.0	20.0
593.0	12.0
594.0	24.0
595.0	17.0
596.0	22.0
597.0	18.0
598.0	16.0
599.0	17.0
600.0	14.0
601.0	19.0
602.0	20.0
603.0	11.0
604.0	11.0
605.0	18.0
606.0	16.0
607.0	9.0
608.0	14.0
609.0	11.0
610.0	12.0
611.0	19.0
612.0	18.0
613.0	22.0
614.0	25.0
615.0	11.0
616.0	19.0
617.0	17.0
618.0	25.0
619.0	20.0
620.0	16.0
621.0	24.0
622.0	18.0
623.0	13.0
624.0	8.0
625.0	15.0
626.0	14.0
627.0	17.0
628.0	16.0
629.0	17.0
630.0	8.0
631.0	18.0
632.0	15.0
633.0	15.0
634.0	25.0
635.0	22.0
636.0	12.0
637.0	19.0
638.0	21.0
639.0	22.0
640.0	6.0
641.0	18.0
642.0	21.0
643.0	16.0
644.0	19.0
645.0	20.0
646.0	23.0
647.0	13.0
648.0	15.0
649.0	14.0
650.0	13.0
651.0	24.0
652.0	14.0
653.0	16.0
654.0	10.0
655.0	11.0
656.0	15.0
657.0	14.0
658.0	17.0
659.0	17.0
660.0	10.0
661.0	16.0
662.0	18.0
663.0	9.0
664.0	18.0
665.0	19.0
666.0	14.0
667.0	17.0
668.0	11.0
669.0	15.0
670.0	13.0
671.0	14.0
672.0	9.0
673.0	7.0
674.0	12.0
675.0	25.0
676.0	9.0
677.0	18.0
678.0	16.0
679.0	12.0
680.0	18.0
681.0	21.0
682.0	17.0
683.0	13.0
684.0	14.0
685.0	19.0
686.0	13.0
687.0	17.0
688.0	16.0
689.0	13.0
690.0	15.0
691.0	11.0
692.0	18.0
693.0	10.0
694.0	18.0
695.0	13.0
696.0	7.0
697.0	12.0
698.0	16.0
699.0	10.0
700.0	16.0
701.0	14.0
702.0	12.0
703.0	9.0
704.0	7.0
705.0	11.0
706.0	12.0
707.0	7.0
708.0	14.0
709.0	10.0
710.0	11.0
711.0	19.0
712.0	9.0
713.0	14.0
714.0	7.0
715.0	6.0
716.0	16.0
717.0	17.0
718.0	8.0
719.0	15.0
720.0	12.0
721.0	6.0
722.0	11.0
723.0	11.0
724.0	8.0
725.0	5.0
726.0	11.0
727.0	12.0
728.0	11.0
729.0	12.0
730.0	11.0
731.0	19.0
732.0	18.0
733.0	15.0
734.0	10.0
735.0	11.0
736.0	17.0
737.0	14.0
738.0	10.0
739.0	11.0
740.0	9.0
741.0	11.0
742.0	9.0
743.0	11.0
744.0	9.0
745.0	19.0
746.0	12.0
747.0	6.0
748.0	6.0
749.0	9.0
750.0	9.0
751.0	11.0
752.0	11.0
753.0	12.0
754.0	9.0
755.0	13.0
756.0	9.0
757.0	11.0
758.0	26.0
759.0	10.0
760.0	16.0
761.0	13.0
762.0	12.0
763.0	8.0
764.0	11.0
765.0	10.0
766.0	16.0
767.0	16.0
768.0	13.0
769.0	9.0
770.0	9.0
771.0	7.0
772.0	11.0
773.0	4.0
774.0	11.0
775.0	9.0
776.0	4.0
777.0	8.0
778.0	8.0
779.0	13.0
780.0	11.0
781.0	6.0
782.0	13.0
783.0	3.0
784.0	12.0
785.0	8.0
786.0	7.0
787.0	7.0
788.0	8.0
789.0	8.0
790.0	10.0
791.0	10.0
792.0	13.0
793.0	4.0
794.0	11.0
795.0	5.0
796.0	7.0
797.0	13.0
798.0	7.0
799.0	16.0
800.0	13.0
801.0	6.0
802.0	11.0
803.0	14.0
804.0	12.0
805.0	10.0
806.0	11.0
807.0	7.0
808.0	7.0
809.0	11.0
810.0	6.0
811.0	10.0
812.0	7.0
813.0	11.0
814.0	6.0
815.0	12.0
816.0	15.0
817.0	10.0
818.0	10.0
819.0	5.0
820.0	10.0
821.0	6.0
822.0	7.0
823.0	5.0
824.0	9.0
825.0	6.0
826.0	4.0
827.0	6.0
828.0	6.0
829.0	5.0
830.0	6.0
831.0	3.0
832.0	9.0
833.0	3.0
834.0	8.0
835.0	2.0
836.0	7.0
837.0	4.0
838.0	7.0
839.0	6.0
840.0	7.0
841.0	5.0
842.0	3.0
843.0	6.0
844.0	5.0
845.0	8.0
846.0	6.0
847.0	9.0
848.0	5.0
849.0	7.0
850.0	4.0
851.0	6.0
852.0	5.0
853.0	4.0
854.0	7.0
855.0	5.0
856.0	5.0
857.0	8.0
858.0	6.0
859.0	4.0
860.0	9.0
861.0	8.0
862.0	8.0
863.0	8.0
864.0	6.0
865.0	4.0
866.0	8.0
867.0	6.0
868.0	6.0
869.0	5.0
870.0	5.0
871.0	6.0
872.0	3.0
873.0	11.0
874.0	5.0
875.0	4.0
876.0	3.0
877.0	4.0
878.0	7.0
879.0	9.0
880.0	6.0
881.0	6.0
882.0	2.0
883.0	9.0
884.0	4.0
885.0	6.0
886.0	8.0
887.0	4.0
888.0	6.0
889.0	5.0
890.0	5.0
891.0	4.0
892.0	6.0
893.0	7.0
894.0	7.0
895.0	7.0
896.0	8.0
897.0	7.0
898.0	4.0
899.0	11.0
900.0	4.0
901.0	10.0
902.0	1.0
903.0	7.0
904.0	7.0
905.0	11.0
906.0	5.0
907.0	5.0
908.0	5.0
909.0	8.0
910.0	6.0
911.0	4.0
912.0	9.0
913.0	8.0
914.0	9.0
915.0	5.0
916.0	8.0
917.0	12.0
918.0	5.0
919.0	2.0
920.0	5.0
921.0	2.0
922.0	6.0
923.0	6.0
924.0	4.0
925.0	7.0
926.0	7.0
927.0	5.0
928.0	7.0
929.0	8.0
930.0	4.0
931.0	4.0
932.0	6.0
933.0	4.0
934.0	5.0
935.0	3.0
936.0	5.0
937.0	3.0
938.0	6.0
939.0	7.0
940.0	10.0
941.0	2.0
942.0	3.0
943.0	4.0
944.0	9.0
945.0	3.0
946.0	5.0
947.0	7.0
948.0	6.0
949.0	1.0
950.0	5.0
951.0	5.0
952.0	6.0
953.0	8.0
954.0	7.0
955.0	4.0
956.0	3.0
957.0	6.0
958.0	2.0
959.0	1.0
960.0	10.0
961.0	1.0
962.0	5.0
963.0	5.0
964.0	6.0
965.0	1.0
966.0	1.0
967.0	4.0
968.0	4.0
970.0	7.0
971.0	4.0
973.0	2.0
974.0	4.0
975.0	1.0
976.0	1.0
977.0	8.0
978.0	2.0
979.0	4.0
980.0	5.0
981.0	6.0
982.0	4.0
983.0	8.0
984.0	2.0
985.0	6.0
986.0	2.0
987.0	3.0
988.0	5.0
989.0	4.0
990.0	7.0
991.0	1.0
992.0	6.0
993.0	10.0
994.0	2.0
995.0	4.0
996.0	2.0
997.0	3.0
998.0	1.0
999.0	7.0
1000.0	7.0
1002.0	3.0
1003.0	8.0
1004.0	3.0
1005.0	5.0
1006.0	6.0
1007.0	5.0
1008.0	3.0
1009.0	8.0
1010.0	1.0
1011.0	7.0
1012.0	6.0
1013.0	4.0
1014.0	6.0
1015.0	7.0
1016.0	6.0
1018.0	4.0
1019.0	3.0
1020.0	7.0
1021.0	1.0
1022.0	5.0
1023.0	7.0
1024.0	3.0
1025.0	6.0
1026.0	2.0
1027.0	4.0
1028.0	5.0
1029.0	3.0
1030.0	4.0
1031.0	6.0
1032.0	8.0
1033.0	5.0
1034.0	1.0
1035.0	8.0
1036.0	3.0
1037.0	6.0
1038.0	2.0
1039.0	4.0
1040.0	5.0
1041.0	5.0
1042.0	3.0
1043.0	3.0
1045.0	4.0
1046.0	2.0
1047.0	1.0
1048.0	1.0
1049.0	5.0
1050.0	3.0
1051.0	3.0
1052.0	4.0
1053.0	1.0
1054.0	2.0
1055.0	3.0
1056.0	4.0
1057.0	4.0
1058.0	6.0
1060.0	2.0
1061.0	7.0
1062.0	1.0
1063.0	3.0
1064.0	5.0
1065.0	1.0
1066.0	4.0
1067.0	1.0
1068.0	6.0
1069.0	1.0
1070.0	6.0
1071.0	2.0
1072.0	6.0
1073.0	2.0
1074.0	5.0
1075.0	4.0
1076.0	4.0
1077.0	1.0
1078.0	4.0
1079.0	6.0
1080.0	2.0
1081.0	3.0
1082.0	3.0
1083.0	4.0
1084.0	1.0
1085.0	1.0
1086.0	5.0
1087.0	3.0
1088.0	5.0
1089.0	3.0
1090.0	6.0
1091.0	3.0
1092.0	4.0
1093.0	2.0
1094.0	2.0
1095.0	6.0
1096.0	5.0
1097.0	3.0
1098.0	4.0
1099.0	2.0
1100.0	2.0
1101.0	3.0
1102.0	4.0
1103.0	2.0
1104.0	7.0
1105.0	3.0
1106.0	4.0
1107.0	4.0
1108.0	5.0
1109.0	3.0
1110.0	5.0
1111.0	3.0
1112.0	5.0
1113.0	1.0
1114.0	3.0
1115.0	5.0
1117.0	6.0
1118.0	1.0
1119.0	7.0
1120.0	4.0
1121.0	6.0
1122.0	4.0
1123.0	3.0
1124.0	2.0
1125.0	3.0
1126.0	1.0
1127.0	2.0
1128.0	3.0
1129.0	3.0
1130.0	3.0
1132.0	4.0
1133.0	3.0
1134.0	5.0
1135.0	1.0
1136.0	1.0
1137.0	3.0
1138.0	3.0
1139.0	8.0
1140.0	1.0
1141.0	1.0
1143.0	5.0
1144.0	6.0
1145.0	3.0
1146.0	2.0
1147.0	2.0
1148.0	5.0
1149.0	4.0
1151.0	5.0
1152.0	4.0
1153.0	3.0
1154.0	2.0
1155.0	2.0
1156.0	1.0
1157.0	3.0
1158.0	4.0
1159.0	1.0
1160.0	1.0
1161.0	2.0
1162.0	4.0
1163.0	3.0
1164.0	1.0
1165.0	2.0
1166.0	2.0
1167.0	4.0
1168.0	6.0
1169.0	3.0
1170.0	5.0
1171.0	3.0
1172.0	3.0
1173.0	1.0
1174.0	6.0
1176.0	3.0
1177.0	2.0
1178.0	1.0
1179.0	3.0
1180.0	3.0
1181.0	2.0
1182.0	4.0
1183.0	4.0
1184.0	4.0
1185.0	2.0
1186.0	1.0
1187.0	3.0
1188.0	5.0
1189.0	1.0
1190.0	4.0
1191.0	1.0
1192.0	3.0
1193.0	4.0
1194.0	1.0
1195.0	7.0
1196.0	2.0
1199.0	2.0
1200.0	4.0
1201.0	1.0
1202.0	5.0
1203.0	3.0
1204.0	3.0
1205.0	3.0
1206.0	1.0
1207.0	3.0
1208.0	1.0
1209.0	2.0
1210.0	6.0
1211.0	1.0
1212.0	2.0
1213.0	2.0
1214.0	2.0
1215.0	2.0
1216.0	5.0
1217.0	1.0
1218.0	3.0
1219.0	3.0
1220.0	24.0
1221.0	4.0
1222.0	4.0
1223.0	1.0
1224.0	4.0
1225.0	2.0
1226.0	3.0
1227.0	2.0
1229.0	2.0
1230.0	1.0
1231.0	2.0
1232.0	2.0
1233.0	2.0
1234.0	2.0
1235.0	5.0
1236.0	2.0
1237.0	1.0
1238.0	5.0
1239.0	3.0
1241.0	5.0
1242.0	3.0
1243.0	2.0
1244.0	3.0
1245.0	6.0
1246.0	3.0
1247.0	4.0
1248.0	1.0
1249.0	1.0
1251.0	4.0
1253.0	4.0
1254.0	2.0
1255.0	2.0
1256.0	5.0
1258.0	2.0
1259.0	4.0
1260.0	1.0
1261.0	3.0
1262.0	2.0
1263.0	2.0
1264.0	3.0
1265.0	4.0
1266.0	2.0
1267.0	3.0
1268.0	1.0
1269.0	2.0
1270.0	1.0
1271.0	4.0
1272.0	3.0
1273.0	2.0
1276.0	1.0
1277.0	2.0
1278.0	4.0
1279.0	4.0
1280.0	3.0
1281.0	3.0
1282.0	1.0
1283.0	1.0
1284.0	2.0
1286.0	3.0
1287.0	1.0
1288.0	3.0
1289.0	1.0
1290.0	2.0
1291.0	1.0
1292.0	4.0
1296.0	2.0
1297.0	3.0
1298.0	3.0
1299.0	1.0
1300.0	2.0
1302.0	4.0
1304.0	3.0
1305.0	2.0
1306.0	4.0
1307.0	1.0
1308.0	3.0
1309.0	1.0
1310.0	2.0
1311.0	1.0
1312.0	1.0
1314.0	3.0
1315.0	3.0
1316.0	4.0
1317.0	4.0
1318.0	2.0
1319.0	3.0
1320.0	2.0
1321.0	4.0
1322.0	5.0
1323.0	3.0
1324.0	7.0
1326.0	2.0
1327.0	3.0
1328.0	1.0
1329.0	3.0
1330.0	1.0
1331.0	2.0
1332.0	3.0
1334.0	2.0
1335.0	4.0
1336.0	2.0
1338.0	1.0
1339.0	3.0
1340.0	2.0
1341.0	2.0
1343.0	5.0
1344.0	2.0
1345.0	2.0
1346.0	5.0
1347.0	1.0
1348.0	3.0
1349.0	2.0
1350.0	2.0
1351.0	1.0
1352.0	1.0
1353.0	2.0
1354.0	1.0
1355.0	1.0
1356.0	3.0
1357.0	1.0
1359.0	1.0
1360.0	2.0
1362.0	2.0
1363.0	2.0
1365.0	1.0
1366.0	3.0
1367.0	3.0
1369.0	1.0
1371.0	1.0
1372.0	1.0
1373.0	1.0
1375.0	3.0
1377.0	2.0
1378.0	1.0
1379.0	1.0
1380.0	1.0
1381.0	1.0
1382.0	1.0
1384.0	1.0
1386.0	2.0
1387.0	1.0
1388.0	1.0
1389.0	2.0
1391.0	3.0
1392.0	4.0
1393.0	3.0
1394.0	4.0
1395.0	2.0
1396.0	8.0
1397.0	4.0
1398.0	5.0
1399.0	18.0
1401.0	1.0
1403.0	2.0
1404.0	1.0
1406.0	2.0
1407.0	1.0
1410.0	5.0
1411.0	2.0
1413.0	3.0
1414.0	3.0
1415.0	3.0
1416.0	1.0
1417.0	2.0
1418.0	4.0
1419.0	2.0
1420.0	21.0
1424.0	1.0
1425.0	3.0
1426.0	1.0
1427.0	2.0
1428.0	1.0
1429.0	2.0
1431.0	1.0
1432.0	2.0
1433.0	2.0
1434.0	2.0
1435.0	1.0
1436.0	2.0
1437.0	1.0
1439.0	1.0
1440.0	1.0
1441.0	1.0
1442.0	1.0
1443.0	1.0
1444.0	1.0
1445.0	1.0
1446.0	1.0
1449.0	2.0
1450.0	2.0
1451.0	2.0
1452.0	1.0
1453.0	3.0
1454.0	1.0
1455.0	1.0
1456.0	2.0
1457.0	1.0
1458.0	1.0
1461.0	1.0
1462.0	1.0
1463.0	1.0
1464.0	1.0
1466.0	3.0
1467.0	2.0
1468.0	1.0
1469.0	2.0
1472.0	2.0
1475.0	1.0
1476.0	1.0
1477.0	1.0
1478.0	1.0
1482.0	1.0
1483.0	2.0
1484.0	2.0
1486.0	1.0
1487.0	1.0
1491.0	1.0
1492.0	2.0
1493.0	1.0
1494.0	1.0
1496.0	1.0
1498.0	2.0
1499.0	1.0
1501.0	2.0
1502.0	3.0
1507.0	1.0
1508.0	1.0
1509.0	2.0
1510.0	1.0
1511.0	2.0
1513.0	1.0
1514.0	1.0
1515.0	3.0
1516.0	1.0
1517.0	1.0
1520.0	2.0
1521.0	1.0
1523.0	1.0
1524.0	1.0
1525.0	2.0
1526.0	1.0
1528.0	1.0
1530.0	2.0
1531.0	1.0
1532.0	2.0
1534.0	1.0
1535.0	1.0
1537.0	1.0
1539.0	1.0
1545.0	2.0
1546.0	2.0
1549.0	1.0
1552.0	1.0
1553.0	1.0
1554.0	3.0
1555.0	1.0
1558.0	2.0
1559.0	1.0
1560.0	2.0
1561.0	1.0
1562.0	2.0
1564.0	1.0
1565.0	2.0
1566.0	3.0
1569.0	1.0
1570.0	1.0
1571.0	1.0
1572.0	2.0
1573.0	2.0
1574.0	2.0
1575.0	3.0
1576.0	2.0
1577.0	2.0
1578.0	2.0
1582.0	2.0
1585.0	2.0
1587.0	1.0
1588.0	1.0
1590.0	1.0
1592.0	1.0
1593.0	1.0
1595.0	1.0
1596.0	1.0
1597.0	1.0
1598.0	1.0
1599.0	2.0
1600.0	2.0
1603.0	3.0
1604.0	1.0
1605.0	2.0
1606.0	2.0
1609.0	2.0
1613.0	2.0
1614.0	1.0
1616.0	1.0
1617.0	2.0
1618.0	3.0
1619.0	4.0
1620.0	3.0
1621.0	2.0
1622.0	3.0
1624.0	1.0
1626.0	3.0
1627.0	1.0
1628.0	2.0
1629.0	3.0
1630.0	4.0
1631.0	2.0
1632.0	4.0
1633.0	5.0
1634.0	1.0
1635.0	1.0
1636.0	2.0
1639.0	1.0
1642.0	1.0
1643.0	1.0
1644.0	1.0
1645.0	1.0
1646.0	1.0
1647.0	1.0
1648.0	1.0
1649.0	1.0
1650.0	2.0
1651.0	1.0
1652.0	1.0
1653.0	2.0
1654.0	1.0
1656.0	1.0
1657.0	1.0
1658.0	1.0
1659.0	1.0
1661.0	2.0
1663.0	1.0
1665.0	2.0
1667.0	1.0
1669.0	2.0
1670.0	1.0
1673.0	1.0
1675.0	1.0
1676.0	1.0
1679.0	2.0
1680.0	2.0
1681.0	2.0
1683.0	1.0
1686.0	1.0
1689.0	2.0
1690.0	1.0
1692.0	2.0
1694.0	1.0
1697.0	2.0
1704.0	1.0
1705.0	3.0
1706.0	2.0
1708.0	1.0
1709.0	2.0
1711.0	1.0
1714.0	1.0
1715.0	1.0
1719.0	2.0
1721.0	3.0
1722.0	1.0
1723.0	4.0
1725.0	1.0
1726.0	2.0
1729.0	1.0
1733.0	1.0
1734.0	1.0
1736.0	2.0
1738.0	1.0
1740.0	1.0
1743.0	2.0
1744.0	2.0
1745.0	3.0
1748.0	1.0
1750.0	1.0
1751.0	1.0
1752.0	1.0
1756.0	1.0
1761.0	2.0
1762.0	2.0
1770.0	1.0
1771.0	1.0
1776.0	2.0
1778.0	1.0
1779.0	2.0
1780.0	1.0
1781.0	2.0
1782.0	1.0
1785.0	1.0
1787.0	1.0
1790.0	1.0
1796.0	1.0
1799.0	1.0
1801.0	2.0
1809.0	2.0
1812.0	1.0
1813.0	1.0
1815.0	1.0
1816.0	2.0
1817.0	3.0
1820.0	2.0
1823.0	1.0
1824.0	2.0
1826.0	3.0
1827.0	1.0
1830.0	3.0
1832.0	1.0
1833.0	1.0
1834.0	2.0
1835.0	1.0
1837.0	1.0
1838.0	1.0
1839.0	1.0
1840.0	2.0
1845.0	2.0
1846.0	1.0
1847.0	2.0
1848.0	2.0
1849.0	1.0
1850.0	1.0
1853.0	1.0
1855.0	2.0
1856.0	1.0
1860.0	1.0
1861.0	1.0
1864.0	1.0
1865.0	1.0
1866.0	1.0
1867.0	2.0
1868.0	1.0
1869.0	2.0
1870.0	1.0
1871.0	1.0
1872.0	1.0
1873.0	2.0
1875.0	1.0
1877.0	1.0
1879.0	2.0
1880.0	1.0
1882.0	2.0
1883.0	1.0
1886.0	2.0
1887.0	1.0
1889.0	2.0
1891.0	3.0
1892.0	2.0
1894.0	1.0
1895.0	3.0
1898.0	4.0
1901.0	1.0
1902.0	1.0
1903.0	14.0
1910.0	1.0
1914.0	1.0
1915.0	2.0
1917.0	1.0
1922.0	1.0
1923.0	1.0
1925.0	2.0
1929.0	2.0
1932.0	1.0
1933.0	1.0
1941.0	1.0
1942.0	1.0
1943.0	1.0
1945.0	1.0
1947.0	1.0
1949.0	1.0
1951.0	1.0
1953.0	1.0
1954.0	1.0
1957.0	1.0
1958.0	3.0
1961.0	2.0
1962.0	1.0
1966.0	1.0
1971.0	1.0
1975.0	1.0
1978.0	1.0
1980.0	1.0
1981.0	2.0
1986.0	1.0
1990.0	1.0
1994.0	2.0
1997.0	1.0
2001.0	1.0
2008.0	1.0
2010.0	1.0
2015.0	2.0
2016.0	1.0
2017.0	1.0
2019.0	1.0
2027.0	1.0
2030.0	1.0
2032.0	1.0
2035.0	1.0
2040.0	1.0
2041.0	1.0
2044.0	2.0
2045.0	3.0
2047.0	1.0
2049.0	1.0
2053.0	1.0
2058.0	1.0
2059.0	1.0
2063.0	1.0
2064.0	1.0
2067.0	1.0
2068.0	1.0
2075.0	1.0
2077.0	1.0
2080.0	1.0
2086.0	1.0
2087.0	1.0
2089.0	1.0
2095.0	1.0
2099.0	1.0
2100.0	1.0
2106.0	1.0
2107.0	1.0
2108.0	1.0
2113.0	1.0
2119.0	1.0
2122.0	1.0
2124.0	1.0
2125.0	1.0
2127.0	1.0
2129.0	1.0
2132.0	2.0
2133.0	1.0
2135.0	1.0
2138.0	1.0
2140.0	1.0
2146.0	3.0
2147.0	1.0
2148.0	1.0
2150.0	1.0
2151.0	1.0
2163.0	1.0
2165.0	1.0
2166.0	1.0
2167.0	1.0
2168.0	1.0
2178.0	1.0
2179.0	1.0
2184.0	1.0
2185.0	3.0
2186.0	1.0
2188.0	1.0
2192.0	1.0
2195.0	1.0
2196.0	1.0
2200.0	1.0
2202.0	1.0
2207.0	1.0
2209.0	1.0
2211.0	1.0
2214.0	1.0
2215.0	1.0
2222.0	1.0
2225.0	1.0
2229.0	2.0
2233.0	1.0
2234.0	2.0
2238.0	2.0
2239.0	2.0
2241.0	1.0
2245.0	1.0
2247.0	1.0
2250.0	1.0
2252.0	1.0
2253.0	1.0
2258.0	1.0
2260.0	1.0
2262.0	1.0
2264.0	2.0
2265.0	1.0
2266.0	2.0
2270.0	2.0
2271.0	1.0
2272.0	1.0
2276.0	1.0
2277.0	1.0
2278.0	1.0
2281.0	1.0
2282.0	1.0
2283.0	1.0
2284.0	1.0
2286.0	1.0
2290.0	2.0
2291.0	1.0
2295.0	1.0
2299.0	1.0
2303.0	1.0
2304.0	1.0
2305.0	1.0
2306.0	1.0
2307.0	1.0
2308.0	1.0
2311.0	1.0
2313.0	1.0
2316.0	1.0
2320.0	1.0
2321.0	1.0
2323.0	1.0
2329.0	1.0
2334.0	2.0
2338.0	1.0
2339.0	1.0
2342.0	3.0
2344.0	1.0
2350.0	1.0
2353.0	1.0
2354.0	1.0
2356.0	1.0
2358.0	2.0
2364.0	2.0
2366.0	1.0
2369.0	1.0
2377.0	1.0
2381.0	1.0
2383.0	1.0
2389.0	1.0
2390.0	2.0
2394.0	1.0
2399.0	1.0
2401.0	1.0
2403.0	1.0
2405.0	1.0
2409.0	1.0
2411.0	1.0
2412.0	1.0
2415.0	2.0
2416.0	2.0
2420.0	1.0
2423.0	2.0
2431.0	1.0
2432.0	2.0
2435.0	1.0
2440.0	1.0
2444.0	2.0
2445.0	1.0
2446.0	2.0
2451.0	1.0
2454.0	1.0
2456.0	1.0
2460.0	1.0
2462.0	1.0
2468.0	1.0
2470.0	1.0
2471.0	2.0
2475.0	1.0
2477.0	1.0
2480.0	1.0
2481.0	2.0
2486.0	1.0
2490.0	1.0
2492.0	1.0
2497.0	2.0
2500.0	2.0
2501.0	1.0
2502.0	2.0
2504.0	1.0
2506.0	2.0
2523.0	1.0
2525.0	1.0
2530.0	3.0
2531.0	1.0
2532.0	1.0
2533.0	2.0
2538.0	1.0
2539.0	1.0
2541.0	1.0
2542.0	1.0
2549.0	1.0
2551.0	2.0
2554.0	1.0
2555.0	1.0
2559.0	2.0
2564.0	1.0
2566.0	1.0
2567.0	1.0
2571.0	1.0
2574.0	1.0
2575.0	1.0
2579.0	1.0
2581.0	1.0
2582.0	1.0
2583.0	1.0
2585.0	1.0
2587.0	1.0
2588.0	1.0
2589.0	1.0
2591.0	2.0
2593.0	2.0
2596.0	2.0
2598.0	1.0
2599.0	1.0
2600.0	2.0
2602.0	1.0
2605.0	2.0
2606.0	2.0
2607.0	1.0
2608.0	1.0
2610.0	1.0
2611.0	1.0
2612.0	2.0
2615.0	2.0
2616.0	1.0
2617.0	1.0
2622.0	2.0
2625.0	1.0
2629.0	2.0
2631.0	2.0
2632.0	1.0
2635.0	1.0
2640.0	1.0
2641.0	1.0
2645.0	1.0
2646.0	1.0
2649.0	2.0
2652.0	1.0
2653.0	2.0
2654.0	2.0
2656.0	1.0
2657.0	1.0
2659.0	3.0
2660.0	1.0
2661.0	1.0
2666.0	1.0
2668.0	2.0
2674.0	1.0
2676.0	1.0
2686.0	1.0
2688.0	2.0
2690.0	1.0
2692.0	1.0
2708.0	1.0
2718.0	1.0
2720.0	1.0
2721.0	1.0
2724.0	1.0
2725.0	2.0
2726.0	1.0
2729.0	1.0
2737.0	1.0
2741.0	1.0
2742.0	1.0
2748.0	1.0
2749.0	1.0
2750.0	1.0
2763.0	1.0
2768.0	1.0
2782.0	1.0
2786.0	1.0
2795.0	2.0
2796.0	1.0
2802.0	1.0
2804.0	1.0
2807.0	2.0
2809.0	1.0
2810.0	1.0
2811.0	3.0
2816.0	1.0
2827.0	1.0
2831.0	1.0
2833.0	1.0
2837.0	1.0
2840.0	1.0
2843.0	1.0
2844.0	1.0
2848.0	1.0
2851.0	1.0
2852.0	2.0
2853.0	1.0
2854.0	1.0
2856.0	1.0
2857.0	1.0
2861.0	1.0
2872.0	1.0
2875.0	2.0
2877.0	1.0
2881.0	1.0
2882.0	1.0
2886.0	1.0
2899.0	2.0
2900.0	1.0
2901.0	1.0
2905.0	1.0
2906.0	1.0
2907.0	1.0
2910.0	1.0
2913.0	1.0
2914.0	1.0
2918.0	1.0
2919.0	1.0
2921.0	1.0
2923.0	1.0
2930.0	1.0
2932.0	1.0
2936.0	2.0
2939.0	1.0
2941.0	1.0
2942.0	1.0
2945.0	1.0
2947.0	2.0
2948.0	1.0
2950.0	1.0
2953.0	1.0
2954.0	1.0
2958.0	1.0
2962.0	1.0
2967.0	1.0
2973.0	1.0
2974.0	2.0
2976.0	2.0
2977.0	1.0
2980.0	2.0
2981.0	1.0
2983.0	2.0
2984.0	2.0
2985.0	1.0
2986.0	1.0
2987.0	1.0
2989.0	2.0
2992.0	2.0
2993.0	2.0
2996.0	1.0
2997.0	2.0
3004.0	1.0
3005.0	1.0
3007.0	1.0
3012.0	1.0
3014.0	1.0
3017.0	2.0
3024.0	1.0
3025.0	1.0
3031.0	1.0
3032.0	3.0
3034.0	2.0
3035.0	1.0
3037.0	1.0
3039.0	1.0
3044.0	1.0
3045.0	1.0
3047.0	1.0
3048.0	1.0
3049.0	1.0
3050.0	1.0
3051.0	1.0
3056.0	1.0
3058.0	1.0
3063.0	1.0
3065.0	1.0
3071.0	1.0
3084.0	2.0
3088.0	1.0
3094.0	1.0
3097.0	1.0
3099.0	2.0
3104.0	1.0
3105.0	1.0
3106.0	2.0
3113.0	1.0
3116.0	2.0
3138.0	1.0
3142.0	1.0
3148.0	1.0
3159.0	1.0
3161.0	1.0
3162.0	1.0
3165.0	1.0
3167.0	1.0
3174.0	2.0
3179.0	1.0
3180.0	1.0
3181.0	1.0
3186.0	2.0
3187.0	4.0
3189.0	1.0
3192.0	1.0
3194.0	1.0
3195.0	1.0
3197.0	2.0
3198.0	4.0
3200.0	1.0
3208.0	1.0
3228.0	1.0
3232.0	1.0
3235.0	2.0
3236.0	1.0
3237.0	1.0
3243.0	1.0
3250.0	1.0
3252.0	1.0
3254.0	1.0
3255.0	1.0
3259.0	1.0
3265.0	1.0
3267.0	1.0
3281.0	2.0
3296.0	1.0
3297.0	1.0
3298.0	1.0
3301.0	1.0
3314.0	1.0
3317.0	2.0
3323.0	1.0
3328.0	1.0
3329.0	1.0
3330.0	1.0
3332.0	1.0
3333.0	1.0
3334.0	1.0
3345.0	1.0
3349.0	1.0
3351.0	1.0
3353.0	1.0
3361.0	1.0
3363.0	1.0
3371.0	1.0
3372.0	1.0
3376.0	1.0
3378.0	1.0
3384.0	2.0
3385.0	1.0
3394.0	1.0
3397.0	1.0
3400.0	1.0
3402.0	1.0
3407.0	1.0
3409.0	1.0
3412.0	1.0
3413.0	1.0
3414.0	1.0
3417.0	1.0
3422.0	1.0
3424.0	1.0
3427.0	1.0
3428.0	1.0
3431.0	2.0
3437.0	2.0
3441.0	1.0
3444.0	1.0
3446.0	1.0
3449.0	1.0
3451.0	1.0
3452.0	1.0
3457.0	1.0
3461.0	1.0
3463.0	1.0
3466.0	1.0
3469.0	1.0
3471.0	1.0
3472.0	1.0
3475.0	1.0
3476.0	2.0
3477.0	1.0
3478.0	2.0
3482.0	1.0
3484.0	1.0
3488.0	1.0
3492.0	1.0
3502.0	1.0
3504.0	1.0
3505.0	1.0
3510.0	2.0
3517.0	1.0
3519.0	1.0
3520.0	1.0
3528.0	1.0
3529.0	1.0
3530.0	1.0
3533.0	1.0
3536.0	1.0
3537.0	1.0
3541.0	3.0
3546.0	1.0
3548.0	1.0
3550.0	1.0
3551.0	2.0
3552.0	1.0
3559.0	1.0
3564.0	1.0
3566.0	1.0
3581.0	2.0
3583.0	2.0
3591.0	1.0
3592.0	1.0
3593.0	1.0
3595.0	1.0
3597.0	1.0
3599.0	1.0
3604.0	1.0
3616.0	1.0
3618.0	1.0
3621.0	1.0
3622.0	1.0
3626.0	1.0
3628.0	1.0
3640.0	2.0
3641.0	1.0
3642.0	1.0
3644.0	2.0
3645.0	5.0
3646.0	3.0
3647.0	3.0
3650.0	1.0
3651.0	1.0
3655.0	2.0
3656.0	1.0
3657.0	1.0
3659.0	1.0
3660.0	2.0
3661.0	2.0
3662.0	4.0
3666.0	1.0
3671.0	1.0
3672.0	1.0
3673.0	1.0
3684.0	1.0
3691.0	1.0
3692.0	1.0
3696.0	1.0
3703.0	1.0
3713.0	1.0
3714.0	1.0
3715.0	1.0
3733.0	1.0
3736.0	1.0
3737.0	1.0
3740.0	1.0
3742.0	1.0
3749.0	1.0
3752.0	1.0
3753.0	1.0
3754.0	2.0
3755.0	1.0
3757.0	1.0
3760.0	1.0
3762.0	1.0
3767.0	1.0
3768.0	1.0
3769.0	1.0
3778.0	1.0
3781.0	1.0
3790.0	1.0
3793.0	1.0
3798.0	1.0
3799.0	1.0
3810.0	1.0
3816.0	2.0
3822.0	1.0
3827.0	1.0
3841.0	1.0
3849.0	1.0
3852.0	2.0
3853.0	1.0
3855.0	1.0
3859.0	2.0
3864.0	1.0
3867.0	1.0
3870.0	1.0
3874.0	2.0
3880.0	1.0
3885.0	1.0
3886.0	1.0
3892.0	2.0
3895.0	1.0
3898.0	1.0
3900.0	1.0
3902.0	1.0
3909.0	1.0
3913.0	1.0
3914.0	1.0
3923.0	1.0
3924.0	1.0
3927.0	1.0
3928.0	1.0
3929.0	2.0
3934.0	1.0
3943.0	1.0
3944.0	2.0
3946.0	1.0
3949.0	1.0
3951.0	1.0
3953.0	1.0
3966.0	1.0
3967.0	2.0
3974.0	1.0
3975.0	1.0
3977.0	1.0
3983.0	1.0
3988.0	2.0
3990.0	1.0
3993.0	1.0
3995.0	1.0
4001.0	1.0
4010.0	1.0
4012.0	2.0
4015.0	1.0
4024.0	1.0
4026.0	3.0
4027.0	1.0
4029.0	1.0
4034.0	1.0
4048.0	1.0
4049.0	2.0
4051.0	1.0
4055.0	1.0
4058.0	1.0
4060.0	1.0
4062.0	1.0
4066.0	1.0
4067.0	1.0
4068.0	1.0
4069.0	1.0
4071.0	1.0
4076.0	1.0
4082.0	1.0
4086.0	1.0
4087.0	1.0
4094.0	1.0
4096.0	1.0
4098.0	1.0
4103.0	1.0
4109.0	1.0
4117.0	1.0
4119.0	1.0
4127.0	1.0
4135.0	1.0
4136.0	1.0
4141.0	1.0
4142.0	1.0
4147.0	1.0
4149.0	1.0
4160.0	2.0
4166.0	1.0
4167.0	1.0
4170.0	1.0
4182.0	1.0
4185.0	2.0
4187.0	1.0
4195.0	1.0
4196.0	1.0
4201.0	1.0
4220.0	1.0
4221.0	3.0
4237.0	1.0
4242.0	2.0
4245.0	1.0
4251.0	1.0
4255.0	1.0
4261.0	1.0
4263.0	1.0
4264.0	1.0
4266.0	1.0
4269.0	1.0
4279.0	1.0
4284.0	1.0
4286.0	1.0
4291.0	1.0
4298.0	1.0
4303.0	1.0
4304.0	1.0
4309.0	1.0
4315.0	2.0
4321.0	1.0
4329.0	1.0
4333.0	1.0
4344.0	1.0
4348.0	1.0
4351.0	1.0
4353.0	1.0
4356.0	1.0
4360.0	1.0
4362.0	1.0
4365.0	1.0
4370.0	2.0
4374.0	1.0
4376.0	1.0
4379.0	1.0
4382.0	2.0
4386.0	1.0
4389.0	1.0
4392.0	1.0
4398.0	1.0
4399.0	3.0
4405.0	2.0
4406.0	2.0
4408.0	2.0
4412.0	1.0
4413.0	1.0
4418.0	1.0
4421.0	1.0
4422.0	1.0
4428.0	1.0
4429.0	1.0
4432.0	2.0
4436.0	1.0
4437.0	1.0
4439.0	1.0
4441.0	1.0
4448.0	1.0
4450.0	1.0
4454.0	1.0
4466.0	1.0
4467.0	1.0
4472.0	1.0
4473.0	1.0
4481.0	1.0
4487.0	1.0
4498.0	1.0
4499.0	2.0
4501.0	1.0
4504.0	1.0
4508.0	1.0
4515.0	1.0
4524.0	1.0
4529.0	1.0
4543.0	1.0
4551.0	1.0
4554.0	1.0
4574.0	1.0
4591.0	1.0
4607.0	1.0
4616.0	1.0
4620.0	1.0
4626.0	1.0
4635.0	1.0
4645.0	1.0
4674.0	1.0
4682.0	1.0
4683.0	1.0
4701.0	1.0
4702.0	1.0
4706.0	1.0
4707.0	1.0
4709.0	2.0
4710.0	1.0
4721.0	1.0
4722.0	1.0
4726.0	1.0
4731.0	2.0
4732.0	1.0
4746.0	1.0
4748.0	1.0
4749.0	1.0
4750.0	1.0
4756.0	1.0
4759.0	1.0
4770.0	1.0
4771.0	1.0
4776.0	1.0
4779.0	1.0
4781.0	2.0
4782.0	2.0
4788.0	1.0
4794.0	1.0
4797.0	1.0
4798.0	1.0
4803.0	1.0
4804.0	1.0
4805.0	1.0
4807.0	1.0
4808.0	1.0
4813.0	1.0
4815.0	2.0
4816.0	1.0
4818.0	1.0
4820.0	1.0
4821.0	2.0
4828.0	1.0
4831.0	1.0
4832.0	1.0
4851.0	1.0
4854.0	1.0
4859.0	2.0
4861.0	1.0
4878.0	1.0
4879.0	1.0
4880.0	1.0
4881.0	1.0
4885.0	1.0
4887.0	1.0
4890.0	1.0
4896.0	1.0
4904.0	1.0
4906.0	1.0
4918.0	2.0
4920.0	3.0
4924.0	1.0
4942.0	1.0
4943.0	1.0
4947.0	1.0
4955.0	1.0
4964.0	1.0
4965.0	1.0
4970.0	1.0
4977.0	3.0
4980.0	1.0
4986.0	1.0
4989.0	1.0
4997.0	1.0
5002.0	1.0
5013.0	1.0
5023.0	1.0
5038.0	3.0
5047.0	1.0
5049.0	1.0
5050.0	1.0
5053.0	1.0
5065.0	1.0
5077.0	1.0
5078.0	1.0
5080.0	1.0
5090.0	1.0
5094.0	1.0
5132.0	1.0
5136.0	1.0
5137.0	1.0
5144.0	1.0
5148.0	1.0
5149.0	1.0
5153.0	1.0
5157.0	1.0
5165.0	1.0
5178.0	2.0
5188.0	1.0
5196.0	1.0
5201.0	1.0
5219.0	1.0
5238.0	1.0
5243.0	1.0
5262.0	1.0
5270.0	1.0
5275.0	1.0
5292.0	1.0
5296.0	2.0
5303.0	1.0
5316.0	1.0
5333.0	1.0
5337.0	1.0
5338.0	1.0
5383.0	1.0
5389.0	1.0
5400.0	1.0
5405.0	1.0
5415.0	2.0
5438.0	1.0
5479.0	1.0
5494.0	1.0
5541.0	2.0
5550.0	1.0
5551.0	1.0
5558.0	1.0
5609.0	1.0
5617.0	1.0
5641.0	1.0
5683.0	1.0
5685.0	1.0
5697.0	1.0
5725.0	1.0
5729.0	1.0
5759.0	1.0
5814.0	1.0
5827.0	1.0
5871.0	1.0
5885.0	1.0
5896.0	1.0
5902.0	1.0
5944.0	2.0
5979.0	1.0
5992.0	1.0
5996.0	1.0
6032.0	1.0
6047.0	1.0
6061.0	1.0
6076.0	1.0
6142.0	1.0
6150.0	1.0
6194.0	1.0
6220.0	1.0
6270.0	1.0
6272.0	1.0
6312.0	1.0
6319.0	1.0
6356.0	1.0
6390.0	1.0
6475.0	2.0
6478.0	1.0
6480.0	1.0
6486.0	1.0
6489.0	1.0
6520.0	1.0
6528.0	1.0
6535.0	1.0
6550.0	1.0
6567.0	1.0
6580.0	1.0
6593.0	1.0
6595.0	1.0
6601.0	1.0
6649.0	1.0
6666.0	1.0
6705.0	1.0
6711.0	1.0
6722.0	1.0
6741.0	1.0
6742.0	1.0
6800.0	1.0
6806.0	1.0
6819.0	1.0
6821.0	1.0
6834.0	1.0
6853.0	1.0
6857.0	1.0
6868.0	1.0
6877.0	1.0
6891.0	1.0
6899.0	1.0
6949.0	1.0
6959.0	1.0
6981.0	1.0
6986.0	1.0
6992.0	1.0
7024.0	1.0
7045.0	1.0
7051.0	1.0
7077.0	1.0
7095.0	1.0
7096.0	1.0
7108.0	1.0
7160.0	1.0
7168.0	2.0
7191.0	1.0
7203.0	1.0
7205.0	1.0
7208.0	2.0
7235.0	1.0
7249.0	1.0
7274.0	1.0
7282.0	1.0
7303.0	1.0
7319.0	2.0
7344.0	1.0
7377.0	1.0
7415.0	1.0
7418.0	1.0
7423.0	1.0
7460.0	2.0
7487.0	1.0
7502.0	1.0
7531.0	1.0
7547.0	1.0
7555.0	1.0
7564.0	1.0
7567.0	1.0
7592.0	1.0
7613.0	1.0
7649.0	1.0
7652.0	1.0
7670.0	1.0
7676.0	1.0
7686.0	1.0
7697.0	1.0
7730.0	1.0
7733.0	1.0
7736.0	1.0
7749.0	1.0
7824.0	1.0
7826.0	2.0
7827.0	8.0
7828.0	1.0
7829.0	6.0
7830.0	7.0
7835.0	1.0
7918.0	1.0
7925.0	1.0
7935.0	1.0
7941.0	1.0
7952.0	1.0
7957.0	1.0
7988.0	1.0
7997.0	1.0
8018.0	1.0
8089.0	1.0
8100.0	1.0
8111.0	1.0
8147.0	1.0
8162.0	1.0
8177.0	1.0
8181.0	1.0
8207.0	1.0
8219.0	1.0
8233.0	1.0
8257.0	2.0
8259.0	1.0
8262.0	1.0
8277.0	1.0
8279.0	1.0
8292.0	1.0
8298.0	1.0
8300.0	1.0
8306.0	1.0
8321.0	1.0
8324.0	2.0
8364.0	1.0
8394.0	1.0
8415.0	1.0
8430.0	1.0
8433.0	1.0
8452.0	1.0
8466.0	1.0
8500.0	1.0
8513.0	1.0
8545.0	1.0
8551.0	1.0
8584.0	1.0
8585.0	1.0
8605.0	1.0
8612.0	1.0
8618.0	1.0
8624.0	1.0
8646.0	1.0
8704.0	1.0
8712.0	1.0
8718.0	1.0
8724.0	1.0
8733.0	1.0
8741.0	1.0
8745.0	1.0
8766.0	1.0
8770.0	1.0
8807.0	1.0
8814.0	1.0
8823.0	1.0
8847.0	1.0
8853.0	1.0
8855.0	1.0
8859.0	1.0
8882.0	1.0
8885.0	1.0
8897.0	1.0
8922.0	1.0
8950.0	1.0
8954.0	1.0
8960.0	2.0
8984.0	1.0
8993.0	1.0
9011.0	2.0
9012.0	1.0
9017.0	1.0
9020.0	1.0
9024.0	1.0
9035.0	1.0
9036.0	1.0
9037.0	1.0
9046.0	1.0
9049.0	2.0
9053.0	1.0
9065.0	1.0
9071.0	1.0
9074.0	1.0
9077.0	1.0
9086.0	1.0
9087.0	1.0
9100.0	1.0
9115.0	1.0
9124.0	1.0
9133.0	1.0
9136.0	1.0
9138.0	1.0
9146.0	1.0
9159.0	1.0
9160.0	1.0
9171.0	1.0
9176.0	2.0
9198.0	1.0
9199.0	1.0
9217.0	1.0
9219.0	1.0
9220.0	1.0
9221.0	1.0
9230.0	2.0
9231.0	2.0
9233.0	2.0
9244.0	2.0
9246.0	1.0
9248.0	2.0
9249.0	7.0
9295.0	1.0
9309.0	1.0
9353.0	1.0
9363.0	1.0
9367.0	1.0
9399.0	1.0
9424.0	1.0
9425.0	1.0
9441.0	1.0
9444.0	1.0
9450.0	1.0
9484.0	1.0
9489.0	1.0
9529.0	1.0
9546.0	1.0
9581.0	1.0
9613.0	1.0
9614.0	1.0
9628.0	1.0
9632.0	1.0
9647.0	1.0
9660.0	1.0
9691.0	1.0
9706.0	1.0
9709.0	1.0
9729.0	1.0
9747.0	1.0
9754.0	1.0
9794.0	1.0
9837.0	1.0
9840.0	1.0
9848.0	1.0
9878.0	1.0
9905.0	1.0
9906.0	1.0
9929.0	1.0
9940.0	1.0
9946.0	1.0
9947.0	1.0
9952.0	1.0
9971.0	1.0
9975.0	1.0
10003.0	1.0
10004.0	1.0
10021.0	1.0
10026.0	1.0
10041.0	1.0
10055.0	1.0
10076.0	2.0
10078.0	1.0
10124.0	1.0
10157.0	1.0
10165.0	1.0
10176.0	1.0
10182.0	1.0
10197.0	1.0
10205.0	1.0
10234.0	1.0
10241.0	1.0
10246.0	1.0
10248.0	1.0
10253.0	1.0
10259.0	1.0
10273.0	1.0
10311.0	1.0
10330.0	1.0
10332.0	1.0
10334.0	1.0
10390.0	1.0
10406.0	1.0
10408.0	1.0
10444.0	1.0
10489.0	1.0
10499.0	1.0
10500.0	1.0
10512.0	1.0
10525.0	2.0
10545.0	2.0
10547.0	1.0
10584.0	1.0
10602.0	1.0
10603.0	1.0
10626.0	1.0
10630.0	1.0
10638.0	1.0
10647.0	1.0
10652.0	1.0
10656.0	1.0
10658.0	1.0
10665.0	1.0
10673.0	1.0
10694.0	1.0
10704.0	1.0
10708.0	1.0
10709.0	1.0
10718.0	1.0
10728.0	1.0
10730.0	1.0
10747.0	1.0
10784.0	1.0
10791.0	1.0
10794.0	1.0
10812.0	1.0
10817.0	1.0
10832.0	1.0
10835.0	1.0
10859.0	1.0
10872.0	3.0
10883.0	1.0
10885.0	1.0
10917.0	1.0
10922.0	1.0
10951.0	1.0
10997.0	1.0
11001.0	2.0
11010.0	1.0
11028.0	2.0
11030.0	2.0
11031.0	2.0
11033.0	1.0
11034.0	1.0
11035.0	1.0
11036.0	2.0
11037.0	4.0
11040.0	1.0
11042.0	4.0
11044.0	5.0
11074.0	1.0
11082.0	1.0
11108.0	1.0
11131.0	1.0
11137.0	1.0
11142.0	1.0
11145.0	1.0
11151.0	1.0
11155.0	1.0
11160.0	1.0
11305.0	1.0
11363.0	1.0
11587.0	1.0
11783.0	1.0
11959.0	1.0
12089.0	1.0
12167.0	1.0
12169.0	1.0
12262.0	1.0
12263.0	1.0
12286.0	1.0
12367.0	1.0
12370.0	1.0
12380.0	1.0
12463.0	1.0
12494.0	1.0
12532.0	1.0
12567.0	1.0
12574.0	1.0
12584.0	1.0
12596.0	1.0
12645.0	1.0
12655.0	1.0
12666.0	1.0
12678.0	1.0
12704.0	1.0
12708.0	1.0
12740.0	1.0
12757.0	1.0
12765.0	1.0
12793.0	1.0
12834.0	1.0
12875.0	1.0
12881.0	1.0
12931.0	1.0
12953.0	1.0
12956.0	1.0
12994.0	1.0
13031.0	1.0
13191.0	1.0
13201.0	1.0
13233.0	1.0
13246.0	1.0
13257.0	1.0
13264.0	1.0
13284.0	1.0
13359.0	1.0
13361.0	1.0
13382.0	1.0
13407.0	1.0
13409.0	1.0
13419.0	1.0
13422.0	1.0
13442.0	1.0
13449.0	1.0
13471.0	1.0
13508.0	1.0
13514.0	1.0
13535.0	1.0
13542.0	1.0
13573.0	1.0
13647.0	1.0
13655.0	1.0
13656.0	1.0
13720.0	1.0
13767.0	1.0
13793.0	1.0
13804.0	1.0
13837.0	1.0
13862.0	1.0
13893.0	1.0
13968.0	1.0
14043.0	1.0
14243.0	1.0
14349.0	1.0
14421.0	1.0
14522.0	1.0
14527.0	1.0
14596.0	1.0
14606.0	1.0
14689.0	1.0
14730.0	1.0
14740.0	1.0
14853.0	1.0
14921.0	1.0
14961.0	1.0
14995.0	1.0
15137.0	1.0
15182.0	1.0
15326.0	1.0
15370.0	1.0
15497.0	1.0
15540.0	1.0
15716.0	1.0
15726.0	1.0
15776.0	1.0
15908.0	1.0
16020.0	1.0
16052.0	1.0
16109.0	1.0
16120.0	1.0
16125.0	1.0
16174.0	1.0
16276.0	1.0
16331.0	1.0
16380.0	1.0
16410.0	1.0
16569.0	1.0
16668.0	1.0
16765.0	1.0
17221.0	1.0
17289.0	1.0
17344.0	1.0
17357.0	1.0
17382.0	1.0
17420.0	1.0
17458.0	1.0
17500.0	1.0
17520.0	1.0
17583.0	1.0
17607.0	1.0
17616.0	1.0
17642.0	1.0
17705.0	1.0
17720.0	1.0
17780.0	1.0
17835.0	1.0
17863.0	1.0
17915.0	1.0
17946.0	1.0
17965.0	1.0
17978.0	1.0
17981.0	1.0
18031.0	1.0
18068.0	1.0
18084.0	1.0
18086.0	1.0
18167.0	1.0
18218.0	1.0
18274.0	1.0
18278.0	1.0
18331.0	1.0
18386.0	1.0
18392.0	1.0
18408.0	1.0
18451.0	1.0
18506.0	1.0
18535.0	1.0
18544.0	1.0
18550.0	1.0
18563.0	1.0
18579.0	1.0
18664.0	1.0
18751.0	1.0
18764.0	1.0
18769.0	1.0
18878.0	1.0
18932.0	1.0
19045.0	1.0
19086.0	1.0
19094.0	1.0
19120.0	1.0
19146.0	1.0
19237.0	1.0
19278.0	1.0
19488.0	1.0
19631.0	1.0
19765.0	1.0
19984.0	1.0
19996.0	1.0
20096.0	1.0
20190.0	1.0
20283.0	1.0
20346.0	1.0
20395.0	1.0
20410.0	1.0
20556.0	1.0
20605.0	1.0
20659.0	1.0
20787.0	1.0
20809.0	1.0
20883.0	1.0
20944.0	1.0
21234.0	1.0
21455.0	1.0
21584.0	1.0
21782.0	1.0
22041.0	1.0
22243.0	1.0
22802.0	1.0
23734.0	1.0
24299.0	1.0
24435.0	1.0
24645.0	1.0
24646.0	1.0
24744.0	1.0
26093.0	1.0
26207.0	1.0
26298.0	1.0
26401.0	1.0
26721.0	1.0
26853.0	1.0
26898.0	1.0
26939.0	1.0
27016.0	1.0
27043.0	1.0
27187.0	1.0
27289.0	1.0
27328.0	1.0
27894.0	1.0
28007.0	1.0
28062.0	1.0
29492.0	1.0
29932.0	1.0
29977.0	1.0
30181.0	1.0
30251.0	1.0
30275.0	1.0
30440.0	1.0
30502.0	1.0
30550.0	1.0
30784.0	1.0
30815.0	1.0
30981.0	1.0
31181.0	1.0
31265.0	1.0
31498.0	1.0
31698.0	1.0
31772.0	1.0
32364.0	1.0
33395.0	1.0
33579.0	1.0
35001.0	1.0
35327.0	1.0
35806.0	1.0
35952.0	1.0
36055.0	1.0
36125.0	1.0
36131.0	1.0
36531.0	1.0
36533.0	1.0
36550.0	1.0
36651.0	1.0
36667.0	1.0
36851.0	1.0
36855.0	1.0
37162.0	1.0
37201.0	1.0
37264.0	1.0
37337.0	1.0
37575.0	1.0
37636.0	1.0
37643.0	1.0
37715.0	1.0
38134.0	1.0
38319.0	1.0
38519.0	1.0
38801.0	1.0
38910.0	1.0
43111.0	1.0
43544.0	1.0
44332.0	1.0
44341.0	1.0
44587.0	1.0
44700.0	1.0
44940.0	1.0
44999.0	1.0
45691.0	1.0
47059.0	1.0
50808.0	1.0
51274.0	1.0
53448.0	1.0
57458.0	1.0
58412.0	1.0
59481.0	1.0
60222.0	1.0
60267.0	1.0
62127.0	1.0
62493.0	1.0
62581.0	1.0
62748.0	1.0
63014.0	1.0
63121.0	1.0
63164.0	1.0
63180.0	1.0
63243.0	1.0
63277.0	1.0
63411.0	1.0
63443.0	1.0
63444.0	1.0
63456.0	1.0
63458.0	1.0
63460.0	1.0
