# Position (bp)	A	C	G	T	N
0.0	16.9462245903225	30.947909935184676	32.11934982050998	19.98342077040734	0.0030948835755057686
1.0	20.363456602281627	22.329430693961953	28.627342423473713	28.67716475864008	0.0026055216426266515
2.0	21.956483997115324	25.233859895590445	27.467422382568348	25.34186339677668	3.703279492058185E-4
3.0	24.737889372284428	23.232625292746448	28.554991804730655	23.473391363722975	0.0011021665154935074
4.0	24.276531286230966	23.414720835770222	27.986626576020967	24.321195482104827	9.258198730145462E-4
5.0	24.784180365935153	24.49187258002809	26.3410522903946	24.381973352435203	9.214112069525721E-4
6.0	17.62410990134375	25.0967680157273	24.76301876883768	32.51506286890064	0.001040445190625871
7.0	19.596480967480005	27.349918206018554	26.396985036722864	26.65574728256437	8.685072142088837E-4
8.0	19.23359925525286	27.068790797244652	26.696095394363557	27.001153042521846	3.6151061708187047E-4
9.0	24.874183283590355	24.19624506857636	26.66870435212051	24.260285351792593	5.819439201805718E-4
10.0	20.523469137000973	27.805562660855692	28.132200729387346	23.538608760777755	1.5871197823106507E-4
11.0	19.188533870767362	26.70882321328448	28.59954578395297	25.502598952730192	4.981792650030654E-4
12.0	20.255025460487374	26.610853836055288	26.333694226737165	26.80025013007769	1.763466424789612E-4
13.0	21.03311093376517	25.69922105042817	26.265478936760246	27.002039184400306	1.49894646107117E-4
14.0	20.80176177349702	25.63859748340997	27.14681536920947	26.412613757912563	2.116159709747534E-4
15.0	20.849904406893778	25.931972166504032	27.189112111408047	26.028636578578872	3.747366152677925E-4
16.0	21.266514532418203	25.673765412586334	26.91748978666377	26.141458751770852	7.715165608454552E-4
17.0	21.362720443222596	25.849794631108836	26.707020068865127	26.07997549487056	4.893619328791173E-4
18.0	20.87002996746669	26.006434536290772	26.979766603455214	26.142040695691033	0.0017281970962938198
19.0	21.24884019017575	26.091918571232448	27.02014116725077	25.63294557351852	0.006154497822515746
20.0	20.81254096201855	26.02628235090178	27.00624505182343	26.14089885118098	0.014032784075263335
21.0	20.846818340650398	25.652502416169437	27.457229546633062	26.02194863216286	0.021501064384247343
22.0	20.927210366290495	25.47677739560521	27.09252264665626	26.47688329176402	0.02660629968401327
23.0	21.2071077572331	25.954879595362044	26.80602989128494	26.011729344231206	0.020253411888708692
24.0	21.28917722422797	26.059964723210083	26.974161495075627	25.66244281916459	0.014253738321733196
25.0	21.59719154608566	26.149130708772372	26.63645158762978	25.611781059072968	0.005445098439223156
26.0	22.117114151855883	25.413778977403172	26.21897145433102	26.246824135209973	0.0033112811999518694
27.0	21.675714170629842	26.142860185319467	26.975004496450662	25.20522180013324	0.001199347466790752
28.0	20.834232898472962	26.545413223184227	28.2220571255613	24.397966030303703	3.3072247780455307E-4
29.0	19.168844077948457	26.343346999758776	27.72968436687054	26.75806281616563	6.173925659761131E-5
30.0	20.103367294109002	24.522505013803755	24.84985932946789	30.524219848695655	4.851392369456639E-5
31.0	23.035171096917257	24.882940258233884	27.6829257372813	24.39879529025342	1.6761731414515016E-4
32.0	22.63196045250554	24.86982765401527	27.557023205526527	24.94110486873624	8.381921642002568E-5
33.0	25.55310966446139	23.37221903065056	24.94616980514352	26.12815292717128	3.4857257325098196E-4
34.0	19.682287391662754	26.416494789303314	25.139502363559252	28.756410285268537	0.005305170206146468
35.0	19.628274451167083	27.594181102258176	24.28993583580938	28.48735674562668	2.518651386789337E-4
36.0	18.42415986253613	27.378705799108356	26.31911213589599	27.877835845666937	1.8635679259194478E-4
37.0	19.08823438367565	27.249937648053297	28.364305054865408	25.29662100263743	9.019107682117879E-4
38.0	23.45205426484367	28.158180643183844	27.346496054772068	21.0421063090133	0.001162728187116616
39.0	16.9943577709056	30.75562356162044	33.92253845201434	18.320838650283186	0.006641565176441624
