#Position (bp)	Coverage
3406923.0	0.011458581755235113
1.0220768E7	0.10753678723246567
1.7034613E7	0.03205429533545304
2.3848458E7	0.033368384517111854
3.0662303E7	0.03293412163029831
3.7476148E7	0.046159840736030834
4.4289993E7	0.04575316873219159
5.1103838E7	0.03549845938673392
5.7917683E7	0.042455324416683975
6.4731528E7	0.09111243358192034
7.1545373E7	0.020519104851959503
7.8359218E7	0.31779355121814484
8.5173063E7	0.04147159203063762
9.1986908E7	0.09987459356648119
9.8800753E7	0.010421281963414195
1.05614598E8	0.007239378060404955
1.12428443E8	0.017627785780275306
1.19242288E8	0.13294593581157188
1.26056133E8	0.14903068678550804
1.300790245E8	0.004640655617409318
1.33485947E8	0.2133684778338299
1.39683823E8	0.08097997532964134
1.46497668E8	0.009190992750789018
1.53311513E8	0.08320588448959435
1.60125358E8	0.03642451508656273
1.66939203E8	0.19570961769749678
1.73753048E8	0.1387005427919185
1.80566893E8	0.14852832725135368
1.87380738E8	0.12146592709402694
1.94194583E8	0.1276688859227059
2.01008428E8	0.20384393833437656
2.07822273E8	0.2673486115401803
2.14636118E8	0.17003982333029297
2.21449963E8	0.20728590098542013
2.28263808E8	0.30132267464258433
2.35077653E8	0.34368069716877914
2.41891498E8	0.4665574282948908
2.48705343E8	0.3571082112962652
2.52444901E8	0.03191932310291595
2.558518235E8	0.04948497001093262
2.62333033E8	0.005971518283729671
2.69146878E8	0.013172591980005416
2.75960723E8	0.02500893401596309
2.82774568E8	0.033777844961251684
2.89588413E8	0.031424694867582106
2.96402258E8	0.015275809766732294
3.03216103E8	0.048272451163770234
3.10029948E8	0.08712995379260902
3.16843793E8	0.009364463089489121
3.23657638E8	0.08917167913270702
3.30471483E8	0.09500627032167594
3.37285328E8	0.11991291260661198
3.44099173E8	0.028456620307623668
3.50913018E8	0.16467838643233007
3.57726863E8	0.2488747542686985
3.64540708E8	0.0800310250673445
3.704270945E8	0.008988434597154869
3.73834017E8	0.0
3.78168398E8	0.06126849084474331
3.84982243E8	0.6929281484976544
3.91796088E8	0.03913150357837609
3.98609933E8	0.0189098812784852
4.05423778E8	0.10924756873688792
4.12237623E8	0.06510230273802824
4.19051468E8	0.39886671915783234
4.25865313E8	0.13784405133958874
4.32679158E8	0.06679561980056782
4.39493003E8	0.07280206696806282
4.46306848E8	0.04500454589149005
4.53120693E8	0.017587867055972067
4.59934538E8	0.018966824164623645
4.66748383E8	0.0641646529969496
4.73562228E8	0.11167688727876846
4.80376073E8	0.06995580322123558
4.87189918E8	0.053716220430608565
4.91962519E8	0.04520939591565658
4.953694415E8	7.039824734328674E-4
5.00817608E8	0.02064311706532802
5.07631453E8	0.007902586571898832
5.14445298E8	0.10194772554996481
5.21259143E8	0.072357384120126
5.28072988E8	0.04835771873296208
5.34886833E8	0.015634197725366516
5.41700678E8	0.07284345329252427
5.48514523E8	0.2048815316462291
5.55328368E8	0.08497419592021832
5.62142213E8	0.16476688272186996
5.68956058E8	0.12392180919877104
5.75769903E8	0.02146820187427216
5.82583748E8	0.02171373138074024
5.89397593E8	0.01344116280895735
5.96211438E8	0.07449435671049165
6.03025283E8	0.002206096557817209
6.09839128E8	0.023075957847588258
6.15738246E8	0.05942270580297573
6.191451685E8	0.0
6.23466818E8	0.043445514243426436
6.30280663E8	0.03194407856357167
6.37094508E8	0.0032136040664265185
6.43908353E8	0.03917142230267932
6.50722198E8	0.03216289774716038
6.57536043E8	0.10896314782622733
6.64349888E8	0.015151063753284672
6.71163733E8	0.09688318416400725
6.77977578E8	0.0850108859241735
6.84791423E8	0.10039940738305611
6.91605268E8	0.19338449876684896
6.98419113E8	0.3573581436032079
7.05232958E8	0.07809247201836848
7.12046803E8	0.09009171767188716
7.18860648E8	0.31049385479123753
7.222708485E8	0.0
7.25677771E8	0.10130890579201206
7.32488338E8	0.08996168829787
7.39302183E8	0.19372909128399604
7.46116028E8	0.034915822123925626
7.52929873E8	0.11156006630617515
7.59743718E8	0.03621420798389162
7.66557563E8	0.07242504048741936
7.73371408E8	0.02589668535166268
7.80185253E8	0.11365800073233248
7.86999098E8	0.013247439588073987
7.93812943E8	0.0019695194123141926
8.00626788E8	0.031893299598097696
8.07440633E8	0.025163765832653957
8.14254478E8	0.176744554653063
8.190716475E8	0.13022364167411807
8.2247857E8	0.026266160925999243
8.27882168E8	0.043497614049042795
8.34696013E8	0.05629934346906922
8.41509858E8	0.054374879381612
8.48323703E8	0.336666595732659
8.55137548E8	0.5055925105428727
8.61951393E8	0.04587630038546518
8.68765238E8	0.21204796997877115
8.75579083E8	0.17795796646386877
8.82392928E8	0.03125093100885036
8.89206773E8	0.0714815203457079
8.96020618E8	0.04147731567125463
9.02834463E8	0.12827236310776075
9.09648308E8	0.04611096965076253
9.14262198E8	0.02259257187952451
9.176691205E8	0.01417233534322293
9.23275998E8	0.08557253650471944
9.30089843E8	0.025935870275886817
9.36903688E8	0.020744528236260145
9.43717533E8	0.007369847714469584
9.50531378E8	0.13223987337545834
9.57345223E8	0.03570128172859817
9.64159068E8	0.015751165457975638
9.70972913E8	0.0256065408003851
9.77786758E8	0.08955398897392002
9.84600603E8	0.037984720814752904
9.91414448E8	0.04561785599760488
9.98228293E8	0.17696425439674662
1.00390351E9	0.010123685438553062
1.0073104325E9	0.0
1.011855983E9	1.0566018158616757
1.018669828E9	0.10825297610967083
1.025483673E9	0.042566568508676086
1.032297518E9	0.041218724523378505
1.039111363E9	0.0340547811111054
1.045925208E9	0.09386212923833753
1.052739053E9	0.10216331601320547
1.059552898E9	0.02111994035672957
1.0652815955E9	0.19686446791786458
1.068688518E9	0.0
1.073180588E9	0.011786003350531161
1.079994433E9	0.08394232624898278
1.086808278E9	0.1341226576184225
1.093622123E9	0.00971433896720574
1.100435968E9	0.07387106692330102
1.107249813E9	0.15101224051911952
1.114063658E9	0.026035667086644912
1.120877503E9	0.12447392037828861
1.127691348E9	0.07128031236401768
1.134505193E9	0.030268666222962218
1.141319038E9	0.04417623236219785
1.148132883E9	0.12742849301679154
1.154946728E9	0.11481843217742699
1.161760573E9	0.10452835366815652
1.168574418E9	0.028322334893147703
1.175388263E9	0.09055503904183321
1.182202108E9	0.0030229628058753904
1.189015953E9	0.025345748252271663
1.195829798E9	0.11000866617893422
1.202643643E9	0.15821184661523707
1.209457488E9	0.03225565007715908
1.216271333E9	0.017388126674440056
1.223085178E9	0.08519580354410762
1.229899023E9	0.17446771976762018
1.236712868E9	0.19057228334369214
1.243526713E9	0.11166279831724966
1.250340558E9	0.12105294440950741
1.257154403E9	0.08174811725244704
1.2618183335E9	0.06583649427847714
1.265225256E9	0.013768454512958538
1.270782093E9	0.1100064647786969
1.277595938E9	0.05192516119753238
1.284409783E9	0.17998178708203666
1.291223628E9	0.29242637600356336
1.298037473E9	0.15590668704674088
1.304851318E9	0.05071923414753344
1.311665163E9	0.015026317739837052
1.318479008E9	0.03468115285862828
1.325292853E9	0.034122290718382936
1.332106698E9	0.07073656650540187
1.338920543E9	0.06371923634893367
1.345734388E9	0.0176829675462239
1.352548233E9	0.07116231731129781
1.359362078E9	0.12032090545059361
1.366175923E9	0.10266362090713833
1.372989768E9	0.013057238607570323
1.379803613E9	0.0813542133699842
1.386617458E9	0.14635525169709612
1.393431303E9	0.09842856713059954
1.400245148E9	0.020855772328252257
1.407058993E9	0.08355091728678889
1.413872838E9	0.12671978890039323
1.420686683E9	0.16200940878461426
1.427500528E9	0.1634298989777431
1.434314373E9	0.10893629074333214
1.441128218E9	0.09385464447753067
1.444861853E9	0.1872823966025175
1.4482687755E9	0.0035013846458520686
1.454755908E9	0.03567295704554477
1.461569753E9	0.038622393083493974
1.468383598E9	0.010804619124737942
1.475197443E9	0.0298784313408949
1.482011288E9	0.02506631718214899
1.488825133E9	0.012133237547963008
1.495638978E9	0.046200933540460634
1.502452823E9	0.01710326548373202
1.509266668E9	0.030754882155376296
1.516080513E9	0.022453842140524184
1.522894358E9	0.026764770845242297
1.529708203E9	0.08274168255955339
1.536522048E9	0.10062849976775227
1.543335893E9	0.16302381401396715
1.550149738E9	0.13114768533772048
1.556963583E9	0.04173854849941553
1.563777428E9	0.04970570947827548
1.570591273E9	0.021177323522915476
1.577405118E9	0.08441107773951419
1.584218963E9	0.08224886242642737
1.591032808E9	0.03906017821068721
1.597846653E9	0.03602840980386258
1.6032409105E9	0.036431703764086075
1.606647833E9	0.0
1.611474343E9	0.057437467391758985
1.618288188E9	0.0328873051852515
1.625102033E9	0.008269339851434836
1.631915878E9	0.005946715841055968
1.638729723E9	0.040691856066582086
1.645543568E9	0.1268602382355337
1.652357413E9	0.07416106471456278
1.659171258E9	0.04323036406023324
1.665985103E9	0.08725337896591426
1.672798948E9	0.015179975476401356
1.679612793E9	0.006962588670567059
1.686426638E9	0.03456888144652542
1.693240483E9	0.04669933055418783
1.700054328E9	0.019873360782348293
1.706868173E9	0.03150673371642589
1.713682018E9	0.03542126361841222
1.720495863E9	0.11509287340701176
1.727309708E9	0.15388521458882612
1.734123553E9	0.18392610926723457
1.740937398E9	0.3462946398105622
1.747751243E9	0.11498309691517784
1.754565088E9	0.22548091422684255
1.759854186E9	0.17808036498190524
1.7632611085E9	2.623386043717417E-5
1.768192778E9	0.057421323790018707
1.775006623E9	0.0023229175304105096
1.781820468E9	0.04399923978311805
1.788634313E9	0.1285517941778834
1.795448158E9	0.16463655982782116
1.802262003E9	0.035818983261286394
1.809075848E9	0.021000184183819853
1.815889693E9	0.024814183474968977
1.822703538E9	0.012825798062621031
1.829517383E9	0.07959793626065753
1.836331228E9	0.08099611893138162
1.843145073E9	0.006778258090696222
1.849958918E9	0.061166786153779545
1.856772763E9	0.0562666159855412
1.863586608E9	0.08840515157007534
1.870400453E9	0.14957179096383907
1.877214298E9	0.1253509582328333
1.884028143E9	0.3455012551650353
1.890841988E9	0.02172517866197426
1.897655833E9	0.1921053384689555
1.904469678E9	0.22452653384396035
1.910723823E9	0.1232318513920145
1.9141307455E9	0.0
1.918097368E9	0.017363324231766352
1.924911213E9	0.01066959991018287
1.931725058E9	0.003606333868762791
1.938538903E9	0.02775730883223789
1.945352748E9	0.17922729384070227
1.952166593E9	0.06932003883270019
1.958980438E9	0.08490565899283004
1.965794283E9	0.10706245886133306
1.972608128E9	0.02516816863312858
1.979421973E9	0.011784829270404595
1.986235818E9	0.08391473536600848
1.993049663E9	0.023708053235728138
1.999863508E9	0.19348297473746467
2.006677353E9	0.10309230691335068
2.013491198E9	0.26985263093011363
2.020305043E9	0.009257915318003272
2.027118888E9	0.0815800770343323
2.033932733E9	0.08978601655893259
2.040746578E9	0.13670445981674076
2.047560423E9	0.04362984482329727
2.054374268E9	0.023310480352869783
2.060544391E9	0.14381203969816883
2.0639513135E9	0.0
2.068001958E9	0.07159951539842777
2.074815803E9	0.011657148056640561
2.081629648E9	0.15954061179847795
2.088443493E9	0.11764605740224499
2.095257338E9	0.1899193480333057
2.102071183E9	0.03292076646885862
2.108885028E9	0.17658223807556525
2.115698873E9	0.005700599294524604
2.122512718E9	0.007643701903991065
2.129326563E9	0.037701620744234714
2.136140408E9	0.12439672460996691
2.142954253E9	0.13712918330252596
2.149768098E9	0.027867085324071797
2.156581943E9	0.024258256535040053
2.163395788E9	0.13706769085589707
2.170209633E9	0.07081948591434058
2.177023478E9	0.08104352241649172
2.183837323E9	0.1037876558683093
2.190651168E9	0.25123245392285853
2.197465013E9	0.09213901989258634
2.204278858E9	0.16679730754074976
2.2082174155E9	0.14294393709970185
2.211624338E9	0.03983705977228364
2.217906548E9	0.037938051129721914
2.224720393E9	0.03637784540153174
2.231534238E9	0.1027773599193994
2.238348083E9	0.011949200488123812
2.245161928E9	0.035106756904508395
2.251975773E9	0.029941831667729454
2.258789618E9	0.018668901332507565
2.265603463E9	0.01986514222146233
2.272417308E9	0.0244688571577428
2.279231153E9	0.21316628129932513
2.286044998E9	0.040414479636680906
2.292858843E9	0.1545908367448922
2.299672688E9	0.02066733246793844
2.306486533E9	0.06979906352433905
2.313300378E9	0.0813790158126579
2.320114223E9	0.10209654020600703
2.326928068E9	0.07385286868133924
2.333741913E9	0.30251099049068475
2.3376495495E9	0.012795727700843196
2.341056472E9	0.13077743733802993
2.347369603E9	0.01939228145048794
2.354183448E9	0.03782343155736592
2.360997293E9	0.14681490406664666
2.367811138E9	0.04606635460595303
2.374624983E9	0.04652116389498147
2.381438828E9	0.36896832845478583
2.388252673E9	0.05407842414965412
2.395066518E9	0.40926070375830387
2.401880363E9	0.16154608741466822
2.408694208E9	0.061707890332110577
2.415508053E9	0.12920986608882357
2.422321898E9	0.037150096604780414
2.429135743E9	0.04675671372037374
2.435949588E9	0.06965949474929353
2.442763433E9	0.12758626003379883
2.449577278E9	0.10483449506115856
2.456391123E9	0.06301390771289925
2.4612717095E9	0.10380928081299401
2.462753523E9	0.0
2.4646867815E9	5.815255136202677E-4
2.470018813E9	0.04127155812907397
2.476832658E9	0.05098076049572598
2.483646503E9	0.011779399149819228
2.490460348E9	0.0022671487243986323
2.497274193E9	0.023256766187079395
2.504088038E9	0.023770132722420307
2.510901883E9	0.0442863023740634
2.517715728E9	0.012794244659219575
2.524529573E9	0.038187396396601334
2.531343418E9	0.006286171757649316
2.538157263E9	0.08921673445756398
2.544971108E9	0.006084963775959095
2.551784953E9	0.005206164801224566
2.558598798E9	0.059700066555667175
2.565412643E9	0.24203529725140505
2.572226488E9	0.00938647709186223
2.579040333E9	0.006796309572642172
2.585854178E9	0.003875785257809651
2.592668023E9	0.003131124937535268
2.599481868E9	0.015480980268849674
2.606295713E9	0.021708301260154876
2.613109558E9	0.03494517412708977
2.619923403E9	0.023230789664279126
2.626737248E9	0.03054633617289504
2.631968571E9	0.012112472014779649
2.6353754935E9	0.004649856368505461
2.640364938E9	0.0010599008342573098
2.647178783E9	0.001095710278117568
2.653992628E9	5.848386630456079E-4
2.660806473E9	2.916121514357899E-4
2.667620318E9	3.34466076055443E-4
2.674434163E9	0.0017530483889786164
2.681248008E9	3.042335127963727E-4
2.688061853E9	2.3364194518660168E-4
2.694875698E9	8.648567732315602E-4
2.701689543E9	5.039738943283858E-4
2.708503388E9	2.223414239684055E-4
2.715317233E9	3.2698131524858576E-4
2.7221309125E9	0.014941042170016822
