# Position (bp)	A	C	G	T	N
0.0	19.50861742087716	32.476962074929624	28.72449474239513	19.283491117257856	0.006434644540229984
1.0	21.895249507223536	24.90095305193638	24.066985167195526	29.136018724988123	7.935486564358694E-4
2.0	26.169940859923823	26.4815122139214	23.759985343501334	23.58769902976601	8.625528874302928E-4
3.0	28.94649860456194	24.240116782760534	24.482804663167922	22.330562698451857	1.7251057748605856E-5
4.0	29.92435756198391	22.017835523585127	24.546823338472997	23.510690307976233	2.9326798172629953E-4
5.0	29.670145975000455	22.87052080598322	23.27840481539126	24.175390814087766	0.00553758953730248
6.0	27.24261163073214	21.83764822540094	19.61704031882715	31.30264807186653	5.175317324581757E-5
7.0	26.02342762646492	24.6705824267615	21.727103447347872	27.57880024413697	8.625528874302929E-5
8.0	25.168568710790503	25.181507004101956	21.757793079082642	27.892079452851654	5.175317324581757E-5
9.0	32.31185220121772	21.62756484413842	21.263170751314618	24.797325948040505	8.625528874302929E-5
10.0	28.71907791026207	24.3933924308569	23.958303503379312	22.929105398097484	1.2075740424024098E-4
11.0	26.415095641589264	24.576926434244314	23.414325899392523	25.5930137356372	6.382891366984167E-4
12.0	27.010429644493648	24.223918039534595	22.772948823357105	25.991168148475026	0.0015353441396259212
13.0	27.487645654993337	23.888643732190438	22.48342432116225	26.13687058221975	0.003415709434223959
14.0	27.540071619491346	23.798851976608944	22.87393651541744	25.78113652038575	0.006003368096514838
15.0	27.4014593704813	24.025030594750916	22.828686990942852	25.731280963492274	0.013542080332655597
16.0	27.81933174232578	24.1397328777214	22.437329494857977	25.584181194069917	0.019424691024930194
17.0	27.66203659777399	23.92735510577831	22.77496719711369	25.611955397045172	0.02368570228883584
18.0	27.661519066041535	24.13340173952766	22.561864880745162	25.623755120545216	0.019459193140427405
19.0	27.76935542802807	23.99242609560605	22.74413955691693	25.48179616633194	0.01228275311700737
20.0	27.66929929308616	24.12767438835512	22.73475498150169	25.462561236942243	0.005710100114788538
21.0	27.81919373386379	24.09155067342954	22.83101588373891	25.256687113770383	0.001552595197374527
22.0	28.06274416715861	23.758795020516683	22.682346268061426	25.49566601676182	4.485275014637522E-4
23.0	28.021100113753473	23.602776454238292	22.796099742855734	25.579316395784808	7.0729336769284E-4
24.0	27.758901447614694	24.272056538936162	22.658496910463743	25.310269074395052	2.760285903513171E-4
25.0	28.23117644379606	23.899633003970845	22.660434819214085	25.20853145000007	2.2428301894604925E-4
26.0	28.453799778017675	23.43428358768017	22.80902014973541	25.302758457317747	1.3802724899442836E-4
27.0	28.713313922139545	23.699066105898847	23.017224199288254	24.570102447967216	2.93324706136094E-4
28.0	27.176881940948995	24.9458908167014	23.971174899619978	23.90568997556092	3.6236716870624737E-4
29.0	24.9671554506248	26.012555220518813	23.299137266487897	25.720996748592384	1.5531377610759862E-4
30.0	25.713828101349627	23.683777231852996	21.02145617860554	29.58059330602022	3.451821716169817E-4
31.0	28.316469024562856	24.085685188062072	23.930971984879086	23.666494053475567	3.797490204201405E-4
32.0	28.577843435247622	23.5950134927942	23.967901807055547	23.858481642428092	7.596224745358146E-4
33.0	32.810639049970355	22.266272231243093	22.203846626073044	22.71849954747912	7.425452343878569E-4
34.0	25.36305332602438	23.536000063576118	20.891371735958014	30.20850375505089	0.0010711193905952607
35.0	25.048840680575204	25.814527580405862	19.988565483888717	29.14699340404229	0.0010728510879229154
36.0	24.91422701091555	25.68603160915889	20.586700996169434	28.812204890178723	8.354935774042155E-4
37.0	27.861726232851343	25.181750326918507	21.12481306557168	25.831194632151995	5.157425064836836E-4
38.0	29.839018048675893	25.648714288662177	19.94591767248611	24.56333544769993	0.0030145424758903894
39.0	22.673193781390143	29.437205740579152	26.5096696141016	21.377500134455705	0.002430729473398728
