#Coverage	Number of genomic locations
0.0	2.5841046E9
1.0	7.1088137E7
2.0	3.1224186E7
3.0	1.5900151E7
4.0	8644350.0
5.0	4951774.0
6.0	2992975.0
7.0	1884761.0
8.0	1243811.0
9.0	851035.0
10.0	601993.0
11.0	430783.0
12.0	320040.0
13.0	239464.0
14.0	184253.0
15.0	142603.0
16.0	112042.0
17.0	87406.0
18.0	69730.0
19.0	57347.0
20.0	46991.0
21.0	39000.0
22.0	32295.0
23.0	26798.0
24.0	22673.0
25.0	19438.0
26.0	17090.0
27.0	14632.0
28.0	12898.0
29.0	11036.0
30.0	9734.0
31.0	8864.0
32.0	7718.0
33.0	7249.0
34.0	6444.0
35.0	5775.0
36.0	5256.0
37.0	4978.0
38.0	4452.0
39.0	4142.0
40.0	3881.0
41.0	3545.0
42.0	3236.0
43.0	2915.0
44.0	2629.0
45.0	2531.0
46.0	2399.0
47.0	2348.0
48.0	2133.0
49.0	2023.0
50.0	2038.0
51.0	1836.0
52.0	1769.0
53.0	1641.0
54.0	1611.0
55.0	1501.0
56.0	1440.0
57.0	1379.0
58.0	1461.0
59.0	1334.0
60.0	1424.0
61.0	1358.0
62.0	1327.0
63.0	1303.0
64.0	1236.0
65.0	1170.0
66.0	1129.0
67.0	1042.0
68.0	1042.0
69.0	1116.0
70.0	1029.0
71.0	956.0
72.0	966.0
73.0	964.0
74.0	880.0
75.0	848.0
76.0	901.0
77.0	853.0
78.0	800.0
79.0	776.0
80.0	759.0
81.0	758.0
82.0	690.0
83.0	694.0
84.0	565.0
85.0	601.0
86.0	621.0
87.0	548.0
88.0	560.0
89.0	594.0
90.0	555.0
91.0	537.0
92.0	459.0
93.0	455.0
94.0	470.0
95.0	369.0
96.0	396.0
97.0	364.0
98.0	352.0
99.0	360.0
100.0	313.0
101.0	300.0
102.0	247.0
103.0	235.0
104.0	261.0
105.0	207.0
106.0	207.0
107.0	190.0
108.0	199.0
109.0	232.0
110.0	188.0
111.0	203.0
112.0	158.0
113.0	150.0
114.0	219.0
115.0	143.0
116.0	159.0
117.0	132.0
118.0	152.0
119.0	135.0
120.0	140.0
121.0	124.0
122.0	120.0
123.0	144.0
124.0	112.0
125.0	119.0
126.0	112.0
127.0	105.0
128.0	132.0
129.0	95.0
130.0	122.0
131.0	99.0
132.0	84.0
133.0	86.0
134.0	66.0
135.0	72.0
136.0	77.0
137.0	69.0
138.0	75.0
139.0	58.0
140.0	62.0
141.0	64.0
142.0	62.0
143.0	62.0
144.0	76.0
145.0	61.0
146.0	64.0
147.0	62.0
148.0	53.0
149.0	65.0
150.0	48.0
151.0	50.0
152.0	76.0
153.0	50.0
154.0	41.0
155.0	40.0
156.0	43.0
157.0	52.0
158.0	42.0
159.0	46.0
160.0	49.0
161.0	48.0
162.0	51.0
163.0	42.0
164.0	54.0
165.0	42.0
166.0	44.0
167.0	58.0
168.0	50.0
169.0	61.0
170.0	68.0
171.0	53.0
172.0	52.0
173.0	47.0
174.0	39.0
175.0	43.0
176.0	39.0
177.0	39.0
178.0	39.0
179.0	41.0
180.0	44.0
181.0	40.0
182.0	39.0
183.0	54.0
184.0	47.0
185.0	35.0
186.0	28.0
187.0	35.0
188.0	30.0
189.0	43.0
190.0	26.0
191.0	38.0
192.0	40.0
193.0	52.0
194.0	40.0
195.0	31.0
196.0	38.0
197.0	38.0
198.0	35.0
199.0	47.0
200.0	36.0
201.0	28.0
202.0	36.0
203.0	30.0
204.0	34.0
205.0	30.0
206.0	37.0
207.0	30.0
208.0	28.0
209.0	29.0
210.0	34.0
211.0	23.0
212.0	21.0
213.0	21.0
214.0	11.0
215.0	22.0
216.0	29.0
217.0	22.0
218.0	17.0
219.0	17.0
220.0	12.0
221.0	18.0
222.0	38.0
223.0	21.0
224.0	21.0
225.0	18.0
226.0	25.0
227.0	18.0
228.0	14.0
229.0	18.0
230.0	22.0
231.0	24.0
232.0	25.0
233.0	18.0
234.0	28.0
235.0	36.0
236.0	30.0
237.0	29.0
238.0	24.0
239.0	10.0
240.0	16.0
241.0	19.0
242.0	22.0
243.0	26.0
244.0	34.0
245.0	11.0
246.0	16.0
247.0	14.0
248.0	18.0
249.0	19.0
250.0	17.0
251.0	15.0
252.0	16.0
253.0	14.0
254.0	15.0
255.0	15.0
256.0	17.0
257.0	16.0
258.0	31.0
259.0	26.0
260.0	14.0
261.0	12.0
262.0	17.0
263.0	14.0
264.0	19.0
265.0	21.0
266.0	22.0
267.0	19.0
268.0	16.0
269.0	22.0
270.0	16.0
271.0	13.0
272.0	19.0
273.0	28.0
274.0	19.0
275.0	25.0
276.0	17.0
277.0	18.0
278.0	19.0
279.0	18.0
280.0	17.0
281.0	25.0
282.0	16.0
283.0	29.0
284.0	23.0
285.0	15.0
286.0	17.0
287.0	49.0
288.0	25.0
289.0	25.0
290.0	22.0
291.0	22.0
292.0	28.0
293.0	10.0
294.0	18.0
295.0	25.0
296.0	10.0
297.0	17.0
298.0	23.0
299.0	20.0
300.0	12.0
301.0	25.0
302.0	17.0
303.0	28.0
304.0	25.0
305.0	19.0
306.0	13.0
307.0	18.0
308.0	22.0
309.0	14.0
310.0	18.0
311.0	17.0
312.0	14.0
313.0	14.0
314.0	15.0
315.0	22.0
316.0	17.0
317.0	14.0
318.0	25.0
319.0	12.0
320.0	14.0
321.0	24.0
322.0	19.0
323.0	26.0
324.0	19.0
325.0	14.0
326.0	12.0
327.0	14.0
328.0	14.0
329.0	13.0
330.0	14.0
331.0	11.0
332.0	20.0
333.0	23.0
334.0	12.0
335.0	19.0
336.0	19.0
337.0	18.0
338.0	18.0
339.0	18.0
340.0	22.0
341.0	14.0
342.0	17.0
343.0	16.0
344.0	16.0
345.0	10.0
346.0	11.0
347.0	17.0
348.0	10.0
349.0	20.0
350.0	18.0
351.0	14.0
352.0	17.0
353.0	14.0
354.0	18.0
355.0	15.0
356.0	14.0
357.0	11.0
358.0	13.0
359.0	13.0
360.0	13.0
361.0	15.0
362.0	13.0
363.0	16.0
364.0	13.0
365.0	19.0
366.0	11.0
367.0	15.0
368.0	11.0
369.0	7.0
370.0	16.0
371.0	13.0
372.0	14.0
373.0	12.0
374.0	8.0
375.0	9.0
376.0	9.0
377.0	11.0
378.0	15.0
379.0	17.0
380.0	12.0
381.0	16.0
382.0	13.0
383.0	7.0
384.0	9.0
385.0	13.0
386.0	8.0
387.0	9.0
388.0	9.0
389.0	7.0
390.0	13.0
391.0	13.0
392.0	9.0
393.0	14.0
394.0	13.0
395.0	9.0
396.0	5.0
397.0	8.0
398.0	8.0
399.0	11.0
400.0	17.0
401.0	10.0
402.0	4.0
403.0	7.0
404.0	8.0
405.0	5.0
406.0	11.0
407.0	6.0
408.0	7.0
409.0	5.0
410.0	9.0
411.0	5.0
412.0	6.0
413.0	10.0
414.0	4.0
415.0	7.0
416.0	10.0
417.0	11.0
418.0	14.0
419.0	7.0
420.0	11.0
421.0	11.0
422.0	10.0
423.0	6.0
424.0	18.0
425.0	8.0
426.0	11.0
427.0	14.0
428.0	13.0
429.0	7.0
430.0	16.0
431.0	12.0
432.0	12.0
433.0	9.0
434.0	11.0
435.0	7.0
436.0	14.0
437.0	6.0
438.0	5.0
439.0	12.0
440.0	8.0
441.0	9.0
442.0	7.0
443.0	5.0
444.0	10.0
445.0	18.0
446.0	9.0
447.0	5.0
448.0	8.0
449.0	7.0
450.0	10.0
451.0	10.0
452.0	12.0
453.0	7.0
454.0	12.0
455.0	7.0
456.0	10.0
457.0	8.0
458.0	12.0
459.0	4.0
460.0	9.0
461.0	12.0
462.0	8.0
463.0	6.0
464.0	6.0
465.0	12.0
466.0	4.0
467.0	6.0
468.0	2.0
469.0	1.0
470.0	11.0
471.0	8.0
472.0	8.0
473.0	10.0
474.0	6.0
475.0	11.0
476.0	10.0
477.0	9.0
478.0	14.0
479.0	3.0
480.0	4.0
481.0	8.0
482.0	10.0
483.0	6.0
484.0	5.0
485.0	7.0
486.0	19.0
487.0	12.0
488.0	15.0
489.0	9.0
490.0	5.0
491.0	5.0
492.0	11.0
493.0	7.0
494.0	10.0
495.0	5.0
496.0	12.0
497.0	5.0
498.0	23.0
499.0	13.0
500.0	5.0
501.0	3.0
502.0	3.0
503.0	7.0
504.0	1.0
505.0	7.0
506.0	4.0
507.0	4.0
508.0	5.0
509.0	4.0
510.0	7.0
511.0	9.0
512.0	5.0
513.0	4.0
514.0	12.0
515.0	11.0
516.0	13.0
517.0	10.0
518.0	5.0
519.0	8.0
520.0	3.0
521.0	5.0
522.0	7.0
523.0	8.0
524.0	13.0
525.0	4.0
526.0	10.0
527.0	3.0
528.0	5.0
529.0	7.0
530.0	4.0
531.0	3.0
532.0	3.0
533.0	7.0
534.0	3.0
535.0	1.0
536.0	4.0
537.0	4.0
538.0	6.0
539.0	4.0
540.0	8.0
541.0	3.0
542.0	4.0
543.0	5.0
544.0	8.0
545.0	4.0
546.0	5.0
547.0	4.0
548.0	5.0
549.0	10.0
550.0	2.0
551.0	3.0
552.0	4.0
553.0	5.0
554.0	4.0
555.0	9.0
556.0	6.0
557.0	9.0
558.0	6.0
559.0	3.0
560.0	8.0
561.0	9.0
562.0	4.0
563.0	5.0
564.0	8.0
565.0	7.0
566.0	6.0
567.0	10.0
568.0	14.0
569.0	5.0
570.0	7.0
571.0	7.0
572.0	11.0
573.0	6.0
574.0	14.0
575.0	4.0
576.0	2.0
577.0	5.0
578.0	4.0
579.0	4.0
580.0	6.0
581.0	2.0
582.0	5.0
583.0	8.0
584.0	7.0
585.0	4.0
586.0	7.0
587.0	6.0
588.0	3.0
589.0	3.0
590.0	4.0
591.0	5.0
592.0	2.0
593.0	2.0
594.0	4.0
595.0	1.0
596.0	1.0
597.0	1.0
598.0	2.0
599.0	2.0
600.0	4.0
601.0	9.0
602.0	5.0
603.0	11.0
604.0	6.0
605.0	5.0
606.0	1.0
607.0	3.0
608.0	2.0
609.0	3.0
610.0	3.0
611.0	5.0
612.0	5.0
613.0	6.0
614.0	5.0
615.0	2.0
616.0	6.0
617.0	1.0
618.0	5.0
619.0	4.0
620.0	1.0
621.0	7.0
622.0	1.0
623.0	4.0
624.0	2.0
625.0	2.0
626.0	2.0
628.0	3.0
629.0	1.0
630.0	3.0
631.0	3.0
632.0	2.0
633.0	1.0
634.0	3.0
635.0	1.0
636.0	1.0
637.0	3.0
638.0	1.0
639.0	4.0
640.0	2.0
641.0	1.0
642.0	4.0
643.0	1.0
644.0	2.0
645.0	7.0
646.0	3.0
647.0	1.0
648.0	1.0
649.0	2.0
650.0	4.0
651.0	4.0
652.0	3.0
653.0	3.0
654.0	2.0
655.0	3.0
656.0	3.0
657.0	3.0
658.0	3.0
659.0	3.0
660.0	6.0
661.0	3.0
662.0	1.0
663.0	2.0
664.0	2.0
666.0	2.0
667.0	2.0
668.0	2.0
669.0	4.0
670.0	4.0
671.0	1.0
672.0	2.0
673.0	4.0
674.0	2.0
675.0	3.0
677.0	1.0
678.0	2.0
681.0	1.0
682.0	3.0
683.0	1.0
684.0	5.0
685.0	2.0
686.0	2.0
687.0	3.0
688.0	2.0
690.0	4.0
691.0	6.0
692.0	1.0
694.0	4.0
695.0	4.0
696.0	1.0
698.0	6.0
699.0	1.0
701.0	2.0
702.0	4.0
703.0	5.0
704.0	3.0
705.0	2.0
706.0	4.0
708.0	1.0
709.0	3.0
710.0	5.0
711.0	4.0
712.0	7.0
713.0	3.0
714.0	1.0
715.0	4.0
716.0	3.0
717.0	3.0
718.0	3.0
720.0	5.0
721.0	4.0
722.0	4.0
723.0	3.0
724.0	2.0
725.0	2.0
726.0	6.0
727.0	1.0
728.0	1.0
729.0	3.0
730.0	2.0
731.0	6.0
732.0	2.0
733.0	2.0
734.0	3.0
735.0	5.0
736.0	3.0
737.0	3.0
738.0	4.0
739.0	2.0
740.0	1.0
742.0	5.0
743.0	3.0
744.0	3.0
745.0	2.0
746.0	2.0
747.0	2.0
748.0	3.0
749.0	2.0
750.0	4.0
751.0	5.0
752.0	1.0
753.0	2.0
754.0	2.0
755.0	2.0
756.0	2.0
757.0	2.0
758.0	2.0
759.0	5.0
760.0	1.0
761.0	4.0
762.0	2.0
763.0	3.0
765.0	2.0
766.0	3.0
767.0	1.0
768.0	1.0
769.0	4.0
770.0	1.0
771.0	7.0
772.0	1.0
773.0	1.0
774.0	2.0
775.0	1.0
776.0	5.0
777.0	1.0
778.0	3.0
779.0	7.0
780.0	1.0
781.0	2.0
782.0	3.0
783.0	4.0
784.0	5.0
785.0	3.0
786.0	4.0
787.0	8.0
788.0	1.0
789.0	2.0
790.0	4.0
791.0	2.0
792.0	1.0
793.0	2.0
794.0	4.0
795.0	6.0
796.0	4.0
797.0	3.0
798.0	5.0
799.0	3.0
800.0	1.0
801.0	7.0
802.0	1.0
804.0	3.0
805.0	2.0
806.0	3.0
807.0	1.0
808.0	4.0
809.0	2.0
810.0	4.0
811.0	1.0
812.0	5.0
813.0	7.0
815.0	6.0
816.0	2.0
817.0	1.0
818.0	6.0
819.0	3.0
820.0	6.0
821.0	3.0
822.0	3.0
824.0	4.0
825.0	4.0
827.0	3.0
828.0	7.0
829.0	5.0
830.0	1.0
831.0	3.0
832.0	5.0
833.0	7.0
834.0	3.0
835.0	9.0
836.0	3.0
837.0	1.0
838.0	5.0
839.0	6.0
840.0	5.0
841.0	4.0
842.0	4.0
843.0	2.0
844.0	1.0
845.0	2.0
846.0	4.0
847.0	2.0
848.0	7.0
849.0	5.0
850.0	6.0
851.0	2.0
852.0	6.0
853.0	5.0
854.0	2.0
855.0	3.0
856.0	2.0
857.0	3.0
858.0	2.0
859.0	5.0
860.0	5.0
861.0	7.0
863.0	2.0
864.0	5.0
865.0	7.0
866.0	1.0
867.0	6.0
869.0	5.0
870.0	3.0
871.0	2.0
872.0	6.0
873.0	3.0
874.0	6.0
875.0	5.0
876.0	4.0
877.0	4.0
878.0	3.0
879.0	3.0
880.0	3.0
881.0	4.0
882.0	2.0
883.0	5.0
884.0	3.0
885.0	3.0
886.0	3.0
887.0	5.0
888.0	2.0
889.0	2.0
890.0	4.0
891.0	4.0
892.0	2.0
893.0	3.0
894.0	3.0
895.0	2.0
896.0	2.0
897.0	4.0
898.0	2.0
899.0	2.0
900.0	4.0
901.0	3.0
902.0	3.0
903.0	3.0
904.0	2.0
905.0	1.0
906.0	3.0
907.0	2.0
908.0	3.0
909.0	10.0
910.0	3.0
911.0	8.0
912.0	2.0
913.0	5.0
914.0	4.0
915.0	5.0
916.0	2.0
917.0	4.0
918.0	1.0
919.0	6.0
920.0	4.0
921.0	1.0
922.0	4.0
923.0	1.0
924.0	4.0
925.0	3.0
926.0	1.0
927.0	3.0
928.0	4.0
929.0	3.0
930.0	4.0
932.0	2.0
933.0	5.0
934.0	1.0
935.0	1.0
936.0	4.0
937.0	2.0
938.0	4.0
939.0	4.0
940.0	9.0
941.0	9.0
942.0	6.0
943.0	5.0
944.0	4.0
945.0	7.0
946.0	5.0
947.0	8.0
948.0	2.0
949.0	11.0
950.0	3.0
951.0	3.0
952.0	1.0
953.0	2.0
954.0	3.0
955.0	3.0
956.0	4.0
957.0	4.0
958.0	3.0
959.0	4.0
960.0	3.0
961.0	4.0
962.0	2.0
963.0	1.0
964.0	3.0
966.0	2.0
967.0	5.0
968.0	3.0
969.0	4.0
970.0	1.0
971.0	4.0
972.0	2.0
974.0	2.0
975.0	4.0
976.0	1.0
977.0	6.0
978.0	4.0
979.0	10.0
980.0	1.0
981.0	2.0
982.0	3.0
983.0	3.0
984.0	2.0
985.0	3.0
986.0	2.0
987.0	3.0
988.0	2.0
989.0	3.0
990.0	5.0
991.0	3.0
992.0	3.0
993.0	2.0
994.0	2.0
995.0	3.0
996.0	1.0
997.0	2.0
998.0	1.0
999.0	1.0
1000.0	2.0
1001.0	3.0
1002.0	3.0
1003.0	3.0
1004.0	1.0
1005.0	2.0
1006.0	3.0
1007.0	3.0
1008.0	3.0
1009.0	2.0
1010.0	2.0
1012.0	1.0
1013.0	1.0
1014.0	3.0
1015.0	4.0
1016.0	1.0
1017.0	2.0
1018.0	5.0
1019.0	1.0
1020.0	7.0
1021.0	3.0
1022.0	5.0
1023.0	4.0
1024.0	1.0
1025.0	4.0
1026.0	11.0
1027.0	2.0
1028.0	3.0
1029.0	6.0
1030.0	3.0
1031.0	1.0
1032.0	5.0
1033.0	3.0
1034.0	3.0
1035.0	2.0
1036.0	5.0
1037.0	3.0
1038.0	2.0
1039.0	2.0
1040.0	1.0
1041.0	3.0
1042.0	2.0
1043.0	3.0
1044.0	3.0
1045.0	4.0
1046.0	6.0
1047.0	3.0
1048.0	4.0
1049.0	2.0
1050.0	2.0
1051.0	5.0
1052.0	4.0
1053.0	5.0
1056.0	5.0
1057.0	6.0
1058.0	6.0
1060.0	3.0
1061.0	1.0
1062.0	4.0
1063.0	5.0
1064.0	2.0
1065.0	1.0
1066.0	10.0
1067.0	6.0
1068.0	3.0
1069.0	6.0
1070.0	3.0
1071.0	4.0
1072.0	5.0
1073.0	2.0
1074.0	4.0
1075.0	7.0
1076.0	4.0
1077.0	1.0
1078.0	5.0
1079.0	11.0
1080.0	5.0
1081.0	4.0
1082.0	5.0
1083.0	2.0
1085.0	5.0
1086.0	7.0
1087.0	5.0
1088.0	7.0
1089.0	3.0
1090.0	4.0
1091.0	4.0
1092.0	5.0
1093.0	4.0
1094.0	4.0
1095.0	3.0
1096.0	3.0
1097.0	3.0
1098.0	1.0
1099.0	1.0
1100.0	4.0
1101.0	2.0
1102.0	6.0
1103.0	1.0
1104.0	6.0
1105.0	5.0
1106.0	8.0
1107.0	3.0
1108.0	4.0
1109.0	3.0
1110.0	3.0
1111.0	3.0
1112.0	3.0
1113.0	4.0
1114.0	4.0
1115.0	4.0
1116.0	5.0
1117.0	5.0
1119.0	4.0
1120.0	1.0
1121.0	3.0
1122.0	5.0
1123.0	3.0
1124.0	2.0
1125.0	4.0
1126.0	2.0
1127.0	5.0
1128.0	5.0
1129.0	1.0
1130.0	3.0
1131.0	4.0
1133.0	4.0
1134.0	7.0
1135.0	8.0
1136.0	2.0
1137.0	2.0
1138.0	1.0
1139.0	2.0
1141.0	3.0
1142.0	3.0
1143.0	1.0
1144.0	2.0
1145.0	4.0
1146.0	4.0
1147.0	3.0
1148.0	1.0
1149.0	5.0
1150.0	1.0
1151.0	2.0
1152.0	1.0
1153.0	1.0
1154.0	1.0
1155.0	1.0
1156.0	3.0
1157.0	2.0
1158.0	1.0
1159.0	2.0
1160.0	3.0
1161.0	1.0
1162.0	3.0
1163.0	2.0
1164.0	3.0
1165.0	3.0
1166.0	2.0
1167.0	3.0
1168.0	1.0
1169.0	3.0
1170.0	4.0
1171.0	3.0
1173.0	3.0
1175.0	2.0
1176.0	1.0
1177.0	1.0
1178.0	3.0
1179.0	8.0
1180.0	3.0
1181.0	2.0
1182.0	4.0
1183.0	1.0
1184.0	2.0
1185.0	5.0
1186.0	1.0
1187.0	1.0
1188.0	2.0
1189.0	1.0
1190.0	3.0
1191.0	3.0
1192.0	1.0
1193.0	2.0
1194.0	6.0
1195.0	3.0
1196.0	2.0
1197.0	1.0
1199.0	5.0
1200.0	1.0
1201.0	2.0
1202.0	3.0
1203.0	1.0
1204.0	1.0
1205.0	1.0
1206.0	2.0
1207.0	2.0
1208.0	2.0
1209.0	6.0
1210.0	4.0
1212.0	1.0
1213.0	4.0
1214.0	2.0
1215.0	1.0
1216.0	4.0
1218.0	1.0
1219.0	2.0
1220.0	3.0
1221.0	2.0
1222.0	1.0
1223.0	3.0
1224.0	3.0
1225.0	2.0
1226.0	2.0
1227.0	3.0
1229.0	4.0
1230.0	2.0
1231.0	1.0
1232.0	3.0
1233.0	1.0
1234.0	1.0
1235.0	4.0
1236.0	3.0
1237.0	3.0
1238.0	3.0
1239.0	2.0
1240.0	4.0
1241.0	3.0
1242.0	1.0
1243.0	4.0
1244.0	4.0
1246.0	1.0
1247.0	4.0
1248.0	7.0
1249.0	3.0
1251.0	1.0
1252.0	5.0
1254.0	2.0
1255.0	2.0
1256.0	3.0
1257.0	3.0
1258.0	3.0
1259.0	1.0
1260.0	1.0
1263.0	1.0
1265.0	1.0
1266.0	1.0
1267.0	1.0
1269.0	1.0
1271.0	2.0
1272.0	2.0
1273.0	1.0
1274.0	3.0
1275.0	2.0
1276.0	2.0
1278.0	1.0
1279.0	1.0
1280.0	1.0
1281.0	2.0
1283.0	3.0
1284.0	2.0
1285.0	1.0
1286.0	2.0
1287.0	4.0
1288.0	4.0
1289.0	1.0
1291.0	1.0
1292.0	2.0
1293.0	1.0
1294.0	2.0
1295.0	2.0
1296.0	1.0
1297.0	4.0
1298.0	2.0
1299.0	1.0
1300.0	3.0
1301.0	1.0
1302.0	1.0
1303.0	2.0
1304.0	1.0
1305.0	3.0
1306.0	3.0
1307.0	1.0
1308.0	1.0
1309.0	3.0
1310.0	3.0
1311.0	2.0
1312.0	5.0
1313.0	3.0
1314.0	2.0
1315.0	2.0
1316.0	2.0
1317.0	2.0
1318.0	1.0
1319.0	4.0
1320.0	1.0
1321.0	2.0
1322.0	3.0
1323.0	2.0
1324.0	4.0
1325.0	1.0
1326.0	3.0
1327.0	7.0
1328.0	4.0
1329.0	4.0
1330.0	4.0
1331.0	1.0
1332.0	1.0
1333.0	3.0
1334.0	2.0
1335.0	3.0
1336.0	4.0
1337.0	2.0
1338.0	1.0
1339.0	2.0
1340.0	4.0
1341.0	1.0
1342.0	4.0
1343.0	3.0
1344.0	4.0
1345.0	3.0
1347.0	2.0
1348.0	3.0
1349.0	4.0
1350.0	2.0
1351.0	3.0
1352.0	3.0
1353.0	2.0
1354.0	4.0
1356.0	1.0
1357.0	1.0
1360.0	3.0
1361.0	1.0
1362.0	2.0
1364.0	3.0
1365.0	1.0
1367.0	1.0
1368.0	2.0
1370.0	1.0
1371.0	1.0
1372.0	1.0
1374.0	1.0
1375.0	4.0
1376.0	4.0
1377.0	2.0
1378.0	2.0
1379.0	2.0
1380.0	2.0
1381.0	1.0
1383.0	2.0
1384.0	1.0
1385.0	2.0
1386.0	5.0
1387.0	1.0
1388.0	2.0
1389.0	1.0
1392.0	1.0
1393.0	2.0
1394.0	3.0
1395.0	1.0
1396.0	1.0
1397.0	3.0
1398.0	2.0
1400.0	2.0
1402.0	2.0
1403.0	1.0
1404.0	3.0
1405.0	1.0
1406.0	3.0
1407.0	1.0
1408.0	2.0
1409.0	1.0
1410.0	2.0
1411.0	2.0
1412.0	2.0
1413.0	2.0
1414.0	4.0
1415.0	1.0
1416.0	3.0
1417.0	1.0
1418.0	2.0
1419.0	1.0
1420.0	3.0
1421.0	1.0
1424.0	2.0
1425.0	2.0
1428.0	1.0
1429.0	1.0
1435.0	1.0
1438.0	2.0
1440.0	1.0
1441.0	1.0
1446.0	1.0
1448.0	1.0
1450.0	2.0
1451.0	1.0
1453.0	1.0
1454.0	1.0
1455.0	3.0
1456.0	4.0
1457.0	1.0
1458.0	1.0
1460.0	1.0
1461.0	3.0
1462.0	2.0
1463.0	1.0
1464.0	1.0
1465.0	1.0
1467.0	1.0
1470.0	3.0
1472.0	1.0
1474.0	1.0
1475.0	1.0
1476.0	1.0
1477.0	2.0
1478.0	1.0
1482.0	1.0
1483.0	1.0
1486.0	1.0
1487.0	1.0
1490.0	1.0
1495.0	2.0
1499.0	1.0
1501.0	1.0
1503.0	1.0
1505.0	2.0
1506.0	2.0
1507.0	1.0
1508.0	3.0
1510.0	1.0
1513.0	1.0
1516.0	2.0
1517.0	1.0
1518.0	1.0
1524.0	1.0
1528.0	1.0
1535.0	1.0
1540.0	1.0
1541.0	1.0
1548.0	1.0
1549.0	1.0
1551.0	1.0
1553.0	1.0
1555.0	1.0
1557.0	1.0
1559.0	1.0
1560.0	1.0
1564.0	1.0
1566.0	1.0
1567.0	1.0
1570.0	2.0
1578.0	2.0
1583.0	2.0
1585.0	1.0
1586.0	1.0
1587.0	1.0
1592.0	1.0
1597.0	1.0
1600.0	1.0
1602.0	1.0
1603.0	1.0
1604.0	1.0
1605.0	1.0
1608.0	2.0
1615.0	1.0
1620.0	1.0
1621.0	2.0
1625.0	1.0
1626.0	1.0
1627.0	1.0
1628.0	2.0
1629.0	1.0
1633.0	1.0
1635.0	1.0
1640.0	1.0
1641.0	1.0
1643.0	1.0
1647.0	1.0
1651.0	1.0
1652.0	2.0
1653.0	1.0
1654.0	1.0
1656.0	1.0
1659.0	1.0
1661.0	1.0
1664.0	3.0
1665.0	1.0
1667.0	1.0
1671.0	3.0
1675.0	2.0
1676.0	1.0
1677.0	1.0
1688.0	2.0
1689.0	1.0
1692.0	1.0
1693.0	2.0
1694.0	1.0
1696.0	1.0
1699.0	1.0
1701.0	1.0
1705.0	2.0
1707.0	1.0
1708.0	1.0
1709.0	1.0
1712.0	1.0
1713.0	1.0
1714.0	1.0
1715.0	1.0
1718.0	1.0
1724.0	1.0
1725.0	2.0
1726.0	1.0
1728.0	1.0
1729.0	1.0
1733.0	2.0
1737.0	1.0
1746.0	1.0
1751.0	1.0
1759.0	2.0
1760.0	1.0
1764.0	2.0
1767.0	1.0
1770.0	2.0
1771.0	1.0
1772.0	1.0
1774.0	1.0
1775.0	1.0
1779.0	2.0
1781.0	1.0
1785.0	1.0
1788.0	3.0
1792.0	1.0
1796.0	1.0
1799.0	1.0
1801.0	1.0
1803.0	1.0
1805.0	1.0
1809.0	1.0
1813.0	1.0
1816.0	1.0
1817.0	1.0
1818.0	2.0
1821.0	1.0
1822.0	2.0
1823.0	2.0
1829.0	1.0
1833.0	1.0
1835.0	1.0
1839.0	1.0
1840.0	2.0
1845.0	1.0
1849.0	1.0
1851.0	1.0
1852.0	1.0
1853.0	2.0
1855.0	1.0
1857.0	2.0
1858.0	1.0
1859.0	1.0
1861.0	1.0
1863.0	2.0
1868.0	2.0
1872.0	1.0
1873.0	1.0
1877.0	2.0
1886.0	1.0
1887.0	1.0
1889.0	1.0
1890.0	1.0
1891.0	1.0
1892.0	1.0
1894.0	1.0
1895.0	1.0
1897.0	2.0
1901.0	1.0
1904.0	3.0
1907.0	2.0
1908.0	1.0
1909.0	3.0
1914.0	1.0
1915.0	1.0
1916.0	1.0
1917.0	1.0
1919.0	2.0
1920.0	1.0
1922.0	1.0
1923.0	1.0
1924.0	1.0
1925.0	1.0
1926.0	1.0
1927.0	1.0
1928.0	1.0
1930.0	3.0
1932.0	2.0
1934.0	3.0
1935.0	2.0
1936.0	1.0
1937.0	1.0
1940.0	3.0
1943.0	1.0
1945.0	1.0
1946.0	1.0
1947.0	1.0
1948.0	1.0
1951.0	1.0
1953.0	3.0
1956.0	2.0
1957.0	2.0
1958.0	1.0
1960.0	1.0
1961.0	2.0
1962.0	2.0
1963.0	1.0
1964.0	1.0
1965.0	1.0
1969.0	2.0
1970.0	1.0
1971.0	2.0
1973.0	1.0
1975.0	1.0
1985.0	1.0
1986.0	1.0
1987.0	1.0
1988.0	2.0
1991.0	1.0
1992.0	1.0
1994.0	2.0
1996.0	1.0
1998.0	1.0
2000.0	1.0
2006.0	1.0
2007.0	1.0
2008.0	2.0
2011.0	1.0
2013.0	1.0
2014.0	1.0
2016.0	4.0
2017.0	1.0
2023.0	2.0
2028.0	1.0
2029.0	1.0
2032.0	1.0
2033.0	1.0
2034.0	1.0
2036.0	1.0
2037.0	1.0
2044.0	1.0
2046.0	1.0
2047.0	3.0
2048.0	1.0
2050.0	1.0
2051.0	2.0
2052.0	1.0
2057.0	2.0
2058.0	1.0
2062.0	1.0
2067.0	2.0
2068.0	1.0
2070.0	1.0
2072.0	1.0
2073.0	2.0
2074.0	1.0
2076.0	1.0
2082.0	2.0
2085.0	1.0
2086.0	2.0
2087.0	1.0
2088.0	1.0
2089.0	1.0
2090.0	1.0
2092.0	1.0
2094.0	1.0
2096.0	1.0
2099.0	2.0
2105.0	1.0
2108.0	1.0
2109.0	1.0
2110.0	2.0
2113.0	1.0
2115.0	1.0
2116.0	1.0
2117.0	1.0
2121.0	1.0
2123.0	1.0
2125.0	2.0
2126.0	1.0
2128.0	2.0
2129.0	1.0
2130.0	1.0
2133.0	1.0
2134.0	1.0
2136.0	1.0
2140.0	2.0
2143.0	1.0
2144.0	1.0
2145.0	5.0
2147.0	1.0
2148.0	1.0
2150.0	2.0
2152.0	1.0
2154.0	1.0
2157.0	1.0
2159.0	2.0
2160.0	2.0
2161.0	1.0
2164.0	1.0
2165.0	1.0
2168.0	2.0
2169.0	2.0
2170.0	1.0
2174.0	1.0
2176.0	6.0
2177.0	1.0
2181.0	1.0
2183.0	1.0
2184.0	2.0
2187.0	1.0
2195.0	1.0
2196.0	3.0
2197.0	1.0
2198.0	1.0
2200.0	1.0
2201.0	1.0
2202.0	2.0
2203.0	1.0
2204.0	1.0
2206.0	2.0
2207.0	1.0
2208.0	1.0
2209.0	1.0
2210.0	1.0
2213.0	2.0
2215.0	1.0
2221.0	1.0
2222.0	1.0
2223.0	1.0
2231.0	2.0
2232.0	2.0
2234.0	2.0
2235.0	2.0
2236.0	2.0
2237.0	1.0
2239.0	1.0
2241.0	2.0
2242.0	1.0
2244.0	1.0
2245.0	2.0
2246.0	1.0
2247.0	1.0
2249.0	1.0
2251.0	1.0
2252.0	4.0
2253.0	2.0
2254.0	1.0
2255.0	1.0
2258.0	1.0
2259.0	2.0
2260.0	1.0
2261.0	2.0
2262.0	1.0
2263.0	1.0
2266.0	2.0
2270.0	1.0
2272.0	2.0
2275.0	4.0
2276.0	2.0
2277.0	2.0
2278.0	2.0
2279.0	1.0
2280.0	1.0
2281.0	1.0
2284.0	2.0
2285.0	1.0
2286.0	1.0
2287.0	1.0
2292.0	1.0
2293.0	2.0
2294.0	2.0
2295.0	1.0
2297.0	1.0
2298.0	1.0
2299.0	1.0
2300.0	2.0
2303.0	1.0
2310.0	1.0
2311.0	1.0
2312.0	1.0
2314.0	2.0
2317.0	1.0
2318.0	1.0
2319.0	1.0
2322.0	1.0
2323.0	1.0
2325.0	1.0
2326.0	1.0
2328.0	3.0
2329.0	1.0
2331.0	1.0
2332.0	1.0
2334.0	1.0
2335.0	2.0
2336.0	2.0
2337.0	3.0
2338.0	1.0
2339.0	1.0
2341.0	2.0
2344.0	1.0
2345.0	3.0
2346.0	1.0
2347.0	1.0
2349.0	1.0
2351.0	1.0
2354.0	1.0
2355.0	1.0
2359.0	1.0
2361.0	2.0
2362.0	1.0
2363.0	2.0
2365.0	1.0
2367.0	3.0
2371.0	1.0
2374.0	1.0
2379.0	1.0
2382.0	2.0
2385.0	1.0
2387.0	1.0
2389.0	1.0
2390.0	1.0
2393.0	2.0
2397.0	1.0
2398.0	2.0
2400.0	1.0
2412.0	1.0
2413.0	1.0
2418.0	1.0
2421.0	1.0
2422.0	1.0
2424.0	1.0
2425.0	2.0
2426.0	1.0
2427.0	1.0
2428.0	1.0
2430.0	1.0
2436.0	1.0
2438.0	1.0
2443.0	1.0
2445.0	1.0
2447.0	3.0
2455.0	1.0
2459.0	2.0
2464.0	2.0
2466.0	1.0
2468.0	1.0
2473.0	1.0
2476.0	1.0
2478.0	1.0
2483.0	1.0
2486.0	2.0
2492.0	1.0
2494.0	1.0
2498.0	1.0
2501.0	2.0
2504.0	1.0
2506.0	1.0
2507.0	1.0
2509.0	1.0
2510.0	1.0
2514.0	1.0
2520.0	2.0
2523.0	1.0
2524.0	1.0
2525.0	2.0
2526.0	1.0
2528.0	1.0
2530.0	2.0
2536.0	2.0
2539.0	1.0
2541.0	2.0
2544.0	1.0
2545.0	1.0
2546.0	1.0
2547.0	1.0
2548.0	1.0
2549.0	1.0
2553.0	1.0
2554.0	1.0
2557.0	1.0
2559.0	1.0
2561.0	1.0
2562.0	1.0
2565.0	1.0
2567.0	1.0
2569.0	1.0
2570.0	1.0
2571.0	2.0
2572.0	1.0
2575.0	1.0
2586.0	1.0
2590.0	1.0
2591.0	1.0
2592.0	1.0
2593.0	1.0
2595.0	1.0
2597.0	1.0
2601.0	2.0
2605.0	1.0
2606.0	1.0
2609.0	1.0
2611.0	1.0
2612.0	1.0
2614.0	1.0
2619.0	1.0
2621.0	1.0
2626.0	1.0
2630.0	1.0
2633.0	1.0
2635.0	2.0
2636.0	1.0
2637.0	2.0
2644.0	1.0
2645.0	2.0
2655.0	1.0
2657.0	1.0
2663.0	1.0
2668.0	1.0
2673.0	1.0
2675.0	1.0
2678.0	3.0
2683.0	1.0
2684.0	2.0
2688.0	1.0
2690.0	1.0
2693.0	1.0
2699.0	1.0
2700.0	1.0
2706.0	1.0
2712.0	1.0
2714.0	1.0
2724.0	2.0
2729.0	1.0
2732.0	1.0
2737.0	1.0
2738.0	2.0
2742.0	1.0
2743.0	1.0
2744.0	1.0
2746.0	1.0
2747.0	1.0
2748.0	1.0
2749.0	1.0
2761.0	1.0
2763.0	1.0
2764.0	1.0
2766.0	1.0
2773.0	1.0
2782.0	1.0
2783.0	2.0
2784.0	1.0
2786.0	1.0
2788.0	1.0
2790.0	1.0
2791.0	2.0
2799.0	2.0
2801.0	1.0
2802.0	2.0
2805.0	1.0
2808.0	1.0
2812.0	1.0
2813.0	1.0
2814.0	1.0
2818.0	1.0
2825.0	1.0
2828.0	1.0
2829.0	1.0
2832.0	1.0
2835.0	1.0
2837.0	1.0
2838.0	1.0
2840.0	1.0
2841.0	2.0
2847.0	2.0
2848.0	1.0
2853.0	2.0
2856.0	1.0
2859.0	1.0
2864.0	1.0
2866.0	3.0
2867.0	1.0
2868.0	2.0
2869.0	1.0
2873.0	1.0
2875.0	1.0
2876.0	1.0
2877.0	1.0
2878.0	1.0
2887.0	1.0
2889.0	1.0
2894.0	1.0
2901.0	2.0
2902.0	1.0
2903.0	1.0
2917.0	1.0
2921.0	2.0
2924.0	1.0
2930.0	1.0
2932.0	2.0
2933.0	1.0
2935.0	2.0
2937.0	1.0
2940.0	1.0
2943.0	1.0
2945.0	1.0
2946.0	1.0
2947.0	1.0
2948.0	1.0
2949.0	2.0
2955.0	2.0
2956.0	1.0
2957.0	1.0
2958.0	1.0
2960.0	3.0
2961.0	1.0
2969.0	1.0
2970.0	1.0
2973.0	1.0
2974.0	1.0
2975.0	2.0
2976.0	1.0
2977.0	1.0
2980.0	1.0
2984.0	1.0
2985.0	1.0
2987.0	1.0
2991.0	1.0
2994.0	1.0
2996.0	1.0
2998.0	1.0
3000.0	1.0
3007.0	1.0
3008.0	1.0
3009.0	1.0
3015.0	1.0
3017.0	3.0
3019.0	1.0
3022.0	1.0
3024.0	1.0
3029.0	1.0
3030.0	1.0
3031.0	1.0
3038.0	1.0
3040.0	1.0
3043.0	1.0
3046.0	1.0
3047.0	1.0
3050.0	1.0
3053.0	1.0
3054.0	2.0
3055.0	2.0
3057.0	1.0
3058.0	1.0
3059.0	1.0
3061.0	1.0
3063.0	1.0
3064.0	1.0
3065.0	2.0
3067.0	1.0
3069.0	2.0
3071.0	2.0
3072.0	1.0
3073.0	2.0
3074.0	3.0
3075.0	1.0
3076.0	1.0
3077.0	1.0
3078.0	1.0
3083.0	1.0
3085.0	1.0
3090.0	1.0
3092.0	1.0
3094.0	2.0
3095.0	1.0
3097.0	1.0
3099.0	1.0
3103.0	1.0
3104.0	1.0
3107.0	2.0
3108.0	2.0
3112.0	1.0
3114.0	1.0
3117.0	2.0
3124.0	1.0
3125.0	1.0
3136.0	2.0
3137.0	1.0
3143.0	2.0
3144.0	1.0
3149.0	1.0
3153.0	2.0
3156.0	1.0
3158.0	1.0
3163.0	1.0
3165.0	1.0
3166.0	1.0
3174.0	1.0
3177.0	2.0
3178.0	1.0
3179.0	1.0
3180.0	1.0
3184.0	1.0
3187.0	1.0
3188.0	1.0
3190.0	2.0
3191.0	2.0
3194.0	2.0
3196.0	2.0
3201.0	1.0
3202.0	1.0
3203.0	1.0
3205.0	1.0
3206.0	2.0
3207.0	2.0
3208.0	1.0
3211.0	2.0
3212.0	4.0
3216.0	2.0
3217.0	1.0
3226.0	1.0
3227.0	1.0
3229.0	1.0
3237.0	1.0
3238.0	1.0
3242.0	2.0
3248.0	1.0
3251.0	1.0
3263.0	1.0
3272.0	1.0
3273.0	2.0
3283.0	1.0
3288.0	1.0
3293.0	1.0
3300.0	2.0
3301.0	1.0
3304.0	1.0
3305.0	1.0
3310.0	1.0
3314.0	1.0
3321.0	2.0
3325.0	1.0
3330.0	1.0
3332.0	1.0
3340.0	1.0
3346.0	1.0
3355.0	2.0
3360.0	1.0
3362.0	1.0
3364.0	1.0
3368.0	1.0
3381.0	1.0
3382.0	1.0
3384.0	1.0
3386.0	1.0
3388.0	1.0
3394.0	1.0
3404.0	1.0
3423.0	1.0
3425.0	1.0
3442.0	1.0
3461.0	1.0
3462.0	1.0
3463.0	1.0
3464.0	1.0
3465.0	1.0
3468.0	2.0
3469.0	1.0
3479.0	1.0
3480.0	3.0
3489.0	1.0
3493.0	1.0
3496.0	1.0
3498.0	1.0
3516.0	1.0
3530.0	1.0
3535.0	1.0
3542.0	1.0
3550.0	1.0
3556.0	1.0
3560.0	1.0
3565.0	1.0
3567.0	1.0
3569.0	1.0
3571.0	1.0
3573.0	3.0
3583.0	1.0
3585.0	1.0
3588.0	1.0
3590.0	2.0
3593.0	1.0
3595.0	1.0
3598.0	1.0
3613.0	1.0
3615.0	1.0
3618.0	1.0
3621.0	1.0
3626.0	1.0
3628.0	1.0
3631.0	2.0
3632.0	1.0
3637.0	1.0
3638.0	1.0
3639.0	1.0
3642.0	1.0
3643.0	1.0
3646.0	1.0
3648.0	1.0
3650.0	2.0
3661.0	1.0
3663.0	1.0
3664.0	1.0
3666.0	1.0
3669.0	1.0
3675.0	1.0
3678.0	1.0
3685.0	1.0
3687.0	1.0
3691.0	1.0
3692.0	1.0
3696.0	1.0
3699.0	1.0
3713.0	1.0
3714.0	1.0
3718.0	1.0
3732.0	1.0
3735.0	1.0
3738.0	1.0
3739.0	1.0
3748.0	1.0
3749.0	1.0
3750.0	1.0
3752.0	1.0
3757.0	2.0
3769.0	1.0
3770.0	1.0
3777.0	2.0
3778.0	2.0
3779.0	1.0
3782.0	2.0
3783.0	1.0
3785.0	1.0
3787.0	1.0
3789.0	1.0
3797.0	1.0
3821.0	1.0
3822.0	1.0
3830.0	1.0
3837.0	1.0
3838.0	1.0
3839.0	1.0
3847.0	1.0
3849.0	1.0
3863.0	1.0
3864.0	1.0
3871.0	1.0
3875.0	1.0
3881.0	1.0
3882.0	1.0
3883.0	1.0
3888.0	1.0
3899.0	2.0
3904.0	1.0
3910.0	1.0
3926.0	1.0
3929.0	1.0
3931.0	1.0
3935.0	1.0
3942.0	1.0
3944.0	1.0
3945.0	1.0
3952.0	1.0
3953.0	1.0
3957.0	1.0
3959.0	1.0
3969.0	1.0
3977.0	1.0
3979.0	1.0
3980.0	1.0
3983.0	1.0
3987.0	1.0
3988.0	1.0
3989.0	1.0
3994.0	1.0
4002.0	1.0
4003.0	1.0
4004.0	2.0
4005.0	1.0
4023.0	2.0
4025.0	1.0
4026.0	1.0
4028.0	1.0
4029.0	1.0
4036.0	1.0
4040.0	1.0
4041.0	1.0
4046.0	1.0
4050.0	1.0
4053.0	1.0
4058.0	1.0
4063.0	2.0
4070.0	1.0
4074.0	1.0
4082.0	1.0
4090.0	1.0
4094.0	1.0
4096.0	1.0
4098.0	1.0
4103.0	2.0
4113.0	1.0
4114.0	1.0
4116.0	1.0
4118.0	1.0
4123.0	1.0
4128.0	1.0
4131.0	2.0
4133.0	1.0
4134.0	1.0
4137.0	1.0
4141.0	1.0
4142.0	1.0
4143.0	1.0
4144.0	1.0
4147.0	1.0
4154.0	1.0
4155.0	1.0
4159.0	1.0
4165.0	1.0
4169.0	1.0
4176.0	2.0
4177.0	1.0
4181.0	1.0
4182.0	1.0
4188.0	1.0
4189.0	1.0
4194.0	1.0
4196.0	1.0
4200.0	2.0
4204.0	1.0
4208.0	1.0
4213.0	1.0
4214.0	1.0
4215.0	1.0
4216.0	1.0
4225.0	1.0
4227.0	2.0
4236.0	1.0
4238.0	2.0
4255.0	1.0
4258.0	1.0
4260.0	1.0
4268.0	2.0
4269.0	1.0
4271.0	2.0
4279.0	1.0
4282.0	1.0
4283.0	1.0
4285.0	1.0
4286.0	2.0
4287.0	3.0
4289.0	1.0
4291.0	2.0
4292.0	1.0
4295.0	2.0
4301.0	1.0
4306.0	1.0
4309.0	1.0
4316.0	1.0
4318.0	1.0
4320.0	1.0
4324.0	1.0
4329.0	1.0
4332.0	1.0
4333.0	1.0
4338.0	2.0
4345.0	1.0
4347.0	1.0
4348.0	1.0
4350.0	2.0
4351.0	1.0
4355.0	1.0
4356.0	1.0
4364.0	1.0
4365.0	1.0
4371.0	1.0
4376.0	2.0
4378.0	2.0
4387.0	3.0
4389.0	1.0
4392.0	1.0
4397.0	1.0
4399.0	1.0
4409.0	1.0
4410.0	1.0
4420.0	1.0
4425.0	1.0
4428.0	1.0
4432.0	1.0
4433.0	1.0
4436.0	1.0
4437.0	1.0
4438.0	1.0
4451.0	1.0
4452.0	1.0
4455.0	1.0
4461.0	1.0
4462.0	1.0
4463.0	2.0
4464.0	1.0
4467.0	1.0
4471.0	1.0
4476.0	1.0
4480.0	3.0
4481.0	1.0
4487.0	1.0
4490.0	1.0
4492.0	1.0
4494.0	1.0
4497.0	1.0
4499.0	1.0
4500.0	1.0
4501.0	1.0
4502.0	1.0
4504.0	1.0
4510.0	2.0
4513.0	1.0
4514.0	1.0
4515.0	1.0
4520.0	1.0
4523.0	2.0
4524.0	1.0
4536.0	1.0
4546.0	2.0
4557.0	1.0
4558.0	1.0
4560.0	1.0
4563.0	2.0
4566.0	1.0
4567.0	1.0
4568.0	1.0
4583.0	1.0
4588.0	1.0
4591.0	2.0
4594.0	1.0
4595.0	1.0
4596.0	1.0
4598.0	2.0
4604.0	1.0
4605.0	1.0
4611.0	1.0
4614.0	1.0
4620.0	1.0
4621.0	1.0
4625.0	1.0
4626.0	2.0
4627.0	2.0
4638.0	2.0
4643.0	2.0
4648.0	1.0
4655.0	1.0
4656.0	1.0
4662.0	1.0
4665.0	1.0
4668.0	1.0
4683.0	1.0
4689.0	1.0
4690.0	2.0
4704.0	1.0
4706.0	1.0
4713.0	1.0
4720.0	1.0
4726.0	1.0
4728.0	1.0
4729.0	2.0
4730.0	6.0
4731.0	10.0
4732.0	2.0
4733.0	7.0
4734.0	2.0
4744.0	1.0
4751.0	1.0
4759.0	1.0
4760.0	1.0
4765.0	1.0
4766.0	1.0
4767.0	1.0
4788.0	1.0
4790.0	1.0
4791.0	1.0
4796.0	1.0
4803.0	2.0
4815.0	1.0
4829.0	1.0
4831.0	2.0
4832.0	1.0
4857.0	1.0
4863.0	1.0
4871.0	1.0
4876.0	1.0
4878.0	2.0
4885.0	1.0
4897.0	1.0
4899.0	1.0
4909.0	1.0
4911.0	1.0
4913.0	1.0
4924.0	1.0
4928.0	1.0
4931.0	1.0
4935.0	1.0
4939.0	1.0
4943.0	2.0
4949.0	1.0
4951.0	1.0
4952.0	1.0
4953.0	1.0
4967.0	1.0
4979.0	3.0
4991.0	1.0
4995.0	1.0
5024.0	1.0
5030.0	1.0
5038.0	1.0
5039.0	1.0
5040.0	1.0
5053.0	1.0
5072.0	1.0
5076.0	1.0
5079.0	1.0
5091.0	1.0
5106.0	1.0
5118.0	1.0
5119.0	1.0
5127.0	1.0
5148.0	1.0
5158.0	1.0
5162.0	1.0
5163.0	1.0
5168.0	1.0
5169.0	1.0
5175.0	1.0
5177.0	1.0
5194.0	1.0
5217.0	1.0
5223.0	1.0
5224.0	2.0
5244.0	1.0
5254.0	1.0
5263.0	2.0
5266.0	1.0
5267.0	1.0
5269.0	2.0
5270.0	1.0
5274.0	1.0
5277.0	1.0
5279.0	2.0
5292.0	1.0
5301.0	1.0
5303.0	1.0
5315.0	1.0
5316.0	1.0
5323.0	1.0
5339.0	1.0
5342.0	2.0
5351.0	1.0
5354.0	1.0
5362.0	2.0
5364.0	1.0
5367.0	2.0
5368.0	1.0
5373.0	1.0
5391.0	1.0
5402.0	1.0
5411.0	1.0
5416.0	1.0
5420.0	1.0
5421.0	1.0
5438.0	1.0
5442.0	1.0
5448.0	1.0
5450.0	1.0
5463.0	1.0
5464.0	1.0
5485.0	1.0
5505.0	1.0
5506.0	1.0
5511.0	1.0
5520.0	1.0
5531.0	1.0
5537.0	1.0
5564.0	1.0
5565.0	1.0
5570.0	1.0
5577.0	1.0
5592.0	1.0
5594.0	2.0
5614.0	2.0
5615.0	1.0
5618.0	1.0
5619.0	1.0
5620.0	1.0
5622.0	1.0
5624.0	2.0
5625.0	1.0
5629.0	1.0
5636.0	1.0
5637.0	1.0
5642.0	1.0
5647.0	1.0
5651.0	1.0
5672.0	1.0
5673.0	1.0
5674.0	2.0
5682.0	1.0
5684.0	1.0
5686.0	1.0
5690.0	1.0
5694.0	1.0
5701.0	1.0
5715.0	1.0
5721.0	1.0
5726.0	1.0
5737.0	1.0
5739.0	1.0
5747.0	1.0
5748.0	1.0
5758.0	1.0
5760.0	1.0
5770.0	1.0
5773.0	1.0
5782.0	1.0
5787.0	1.0
5794.0	1.0
5795.0	1.0
5806.0	1.0
5808.0	1.0
5833.0	1.0
5837.0	1.0
5839.0	1.0
5840.0	1.0
5844.0	1.0
5852.0	1.0
5867.0	1.0
5868.0	1.0
5874.0	1.0
5875.0	1.0
5882.0	1.0
5885.0	1.0
5888.0	1.0
5890.0	1.0
5900.0	1.0
5903.0	1.0
5910.0	1.0
5916.0	1.0
5925.0	1.0
5930.0	1.0
5931.0	1.0
5934.0	1.0
5938.0	1.0
5944.0	1.0
5945.0	1.0
5947.0	1.0
5951.0	1.0
5952.0	1.0
5954.0	1.0
5957.0	1.0
5961.0	1.0
5964.0	1.0
5976.0	1.0
5983.0	1.0
5986.0	1.0
5989.0	1.0
5994.0	1.0
5998.0	1.0
6000.0	1.0
6002.0	1.0
6007.0	1.0
6008.0	1.0
6009.0	1.0
6011.0	1.0
6016.0	1.0
6024.0	1.0
6025.0	2.0
6027.0	1.0
6028.0	1.0
6030.0	1.0
6043.0	1.0
6045.0	1.0
6047.0	2.0
6050.0	1.0
6055.0	2.0
6061.0	2.0
6065.0	1.0
6069.0	1.0
6074.0	1.0
6075.0	1.0
6076.0	1.0
6078.0	1.0
6084.0	1.0
6095.0	1.0
6104.0	1.0
6107.0	1.0
6110.0	1.0
6117.0	1.0
6119.0	1.0
6128.0	2.0
6130.0	1.0
6132.0	1.0
6137.0	1.0
6141.0	1.0
6142.0	1.0
6144.0	2.0
6154.0	1.0
6155.0	1.0
6156.0	1.0
6158.0	1.0
6170.0	1.0
6171.0	1.0
6177.0	1.0
6178.0	1.0
6183.0	1.0
6195.0	1.0
6219.0	1.0
6224.0	1.0
6226.0	1.0
6237.0	1.0
6239.0	1.0
6240.0	1.0
6242.0	2.0
6244.0	1.0
6250.0	1.0
6251.0	1.0
6256.0	1.0
6265.0	1.0
6266.0	1.0
6270.0	1.0
6273.0	2.0
6281.0	1.0
6292.0	1.0
6306.0	2.0
6311.0	1.0
6317.0	1.0
6323.0	1.0
6329.0	1.0
6333.0	1.0
6336.0	1.0
6341.0	1.0
6350.0	1.0
6354.0	1.0
6356.0	1.0
6360.0	1.0
6364.0	1.0
6368.0	1.0
6369.0	1.0
6372.0	1.0
6374.0	1.0
6378.0	1.0
6386.0	1.0
6388.0	1.0
6389.0	1.0
6391.0	1.0
6393.0	1.0
6411.0	1.0
6412.0	1.0
6415.0	1.0
6420.0	1.0
6430.0	1.0
6431.0	1.0
6433.0	1.0
6438.0	1.0
6440.0	1.0
6444.0	2.0
6446.0	1.0
6451.0	1.0
6453.0	1.0
6458.0	1.0
6463.0	1.0
6464.0	2.0
6466.0	1.0
6482.0	1.0
6485.0	1.0
6491.0	1.0
6495.0	2.0
6502.0	1.0
6504.0	1.0
6506.0	1.0
6508.0	1.0
6512.0	1.0
6517.0	1.0
6520.0	1.0
6522.0	1.0
6523.0	1.0
6546.0	1.0
6548.0	2.0
6568.0	1.0
6579.0	1.0
6586.0	1.0
6617.0	1.0
6618.0	1.0
6626.0	1.0
6628.0	1.0
6645.0	1.0
6654.0	1.0
6658.0	1.0
6671.0	1.0
6675.0	1.0
6677.0	2.0
6688.0	1.0
6701.0	1.0
6721.0	1.0
6723.0	1.0
6737.0	1.0
6741.0	1.0
6742.0	1.0
6745.0	1.0
6746.0	2.0
6752.0	1.0
6757.0	1.0
6774.0	1.0
6784.0	1.0
6786.0	1.0
6791.0	1.0
6795.0	1.0
6799.0	1.0
6800.0	1.0
6802.0	1.0
6813.0	1.0
6827.0	1.0
6829.0	1.0
6830.0	1.0
6831.0	1.0
6833.0	1.0
6836.0	1.0
6837.0	1.0
6847.0	1.0
6848.0	1.0
6849.0	1.0
6861.0	1.0
6862.0	2.0
6863.0	1.0
6864.0	1.0
6865.0	1.0
6866.0	1.0
6867.0	1.0
6869.0	1.0
6870.0	2.0
6871.0	1.0
6872.0	1.0
6873.0	4.0
6875.0	1.0
6876.0	1.0
6878.0	1.0
6880.0	1.0
6881.0	1.0
6885.0	2.0
6888.0	1.0
6891.0	1.0
6907.0	1.0
6919.0	1.0
6944.0	1.0
6963.0	1.0
6967.0	1.0
6972.0	1.0
6975.0	1.0
6996.0	1.0
6998.0	1.0
7001.0	1.0
7008.0	1.0
7013.0	2.0
7014.0	1.0
7020.0	1.0
7035.0	1.0
7039.0	2.0
7049.0	1.0
7059.0	1.0
7097.0	1.0
7103.0	1.0
7105.0	1.0
7122.0	1.0
7141.0	2.0
7145.0	1.0
7147.0	1.0
7151.0	1.0
7173.0	1.0
7182.0	3.0
7183.0	1.0
7190.0	1.0
7195.0	2.0
7196.0	1.0
7198.0	1.0
7200.0	1.0
7207.0	1.0
7210.0	1.0
7226.0	1.0
7232.0	1.0
7236.0	1.0
7252.0	1.0
7261.0	1.0
7262.0	2.0
7263.0	1.0
7266.0	1.0
7286.0	1.0
7290.0	1.0
7295.0	1.0
7296.0	1.0
7322.0	1.0
7323.0	2.0
7326.0	1.0
7335.0	1.0
7347.0	1.0
7350.0	1.0
7354.0	1.0
7355.0	1.0
7366.0	1.0
7374.0	1.0
7394.0	1.0
7396.0	1.0
7399.0	1.0
7403.0	1.0
7405.0	2.0
7406.0	1.0
7410.0	1.0
7417.0	1.0
7419.0	1.0
7420.0	1.0
7438.0	1.0
7443.0	1.0
7497.0	1.0
7498.0	1.0
7499.0	1.0
7550.0	1.0
7570.0	1.0
7618.0	1.0
7637.0	1.0
7649.0	1.0
7674.0	1.0
7677.0	1.0
7690.0	1.0
7698.0	1.0
7728.0	2.0
7756.0	1.0
7764.0	1.0
7775.0	1.0
7808.0	1.0
7811.0	1.0
7819.0	1.0
7820.0	1.0
7821.0	1.0
7825.0	1.0
7832.0	1.0
7837.0	1.0
7859.0	2.0
7865.0	1.0
7898.0	1.0
7900.0	1.0
7925.0	1.0
7946.0	1.0
7957.0	1.0
7964.0	1.0
7979.0	1.0
7981.0	1.0
7992.0	1.0
7997.0	1.0
7999.0	1.0
8014.0	1.0
8016.0	1.0
8018.0	1.0
8021.0	1.0
8023.0	1.0
8027.0	1.0
8049.0	1.0
8066.0	1.0
8075.0	1.0
8076.0	2.0
8079.0	1.0
8081.0	1.0
8087.0	2.0
8091.0	1.0
8095.0	1.0
8098.0	1.0
8106.0	1.0
8109.0	2.0
8131.0	1.0
8135.0	1.0
8136.0	1.0
8141.0	1.0
8147.0	1.0
8149.0	1.0
8154.0	1.0
8155.0	1.0
8167.0	1.0
8188.0	1.0
8194.0	1.0
8200.0	1.0
8209.0	1.0
8213.0	1.0
8217.0	1.0
8233.0	1.0
8235.0	1.0
8249.0	1.0
8254.0	1.0
8274.0	1.0
8275.0	1.0
8285.0	1.0
8293.0	1.0
8295.0	1.0
8322.0	1.0
8425.0	1.0
8441.0	1.0
8450.0	1.0
8461.0	2.0
8462.0	1.0
8463.0	1.0
8477.0	1.0
8483.0	1.0
8488.0	1.0
8504.0	1.0
8513.0	1.0
8518.0	1.0
8519.0	1.0
8534.0	1.0
8552.0	1.0
8559.0	1.0
8576.0	1.0
8585.0	1.0
8588.0	1.0
8598.0	1.0
8603.0	1.0
8656.0	1.0
8670.0	1.0
8673.0	1.0
8677.0	1.0
8679.0	2.0
8681.0	1.0
8683.0	1.0
8689.0	1.0
8690.0	1.0
8696.0	1.0
8700.0	1.0
8703.0	2.0
8719.0	1.0
8725.0	1.0
8727.0	1.0
8738.0	1.0
8741.0	1.0
8744.0	1.0
8751.0	1.0
8753.0	1.0
8767.0	1.0
8770.0	1.0
8771.0	1.0
8776.0	1.0
8785.0	1.0
8794.0	1.0
8823.0	1.0
8856.0	1.0
8865.0	1.0
8874.0	1.0
8876.0	1.0
8877.0	1.0
8884.0	1.0
8886.0	1.0
8887.0	1.0
8891.0	1.0
8893.0	1.0
8895.0	1.0
8896.0	1.0
8900.0	1.0
8903.0	1.0
8904.0	1.0
8906.0	1.0
8921.0	1.0
8922.0	1.0
8930.0	1.0
8935.0	1.0
8939.0	1.0
8951.0	1.0
8952.0	1.0
8956.0	1.0
8960.0	1.0
8964.0	1.0
8966.0	1.0
9002.0	1.0
9013.0	1.0
9023.0	1.0
9039.0	1.0
9044.0	1.0
9056.0	1.0
9122.0	1.0
9123.0	1.0
9156.0	1.0
9228.0	1.0
9249.0	1.0
9253.0	1.0
9273.0	1.0
9302.0	1.0
9314.0	1.0
9329.0	2.0
9338.0	1.0
9349.0	1.0
9350.0	1.0
9353.0	1.0
9371.0	1.0
9396.0	1.0
9423.0	1.0
9425.0	1.0
9440.0	1.0
9453.0	1.0
9498.0	1.0
9502.0	1.0
9504.0	1.0
9526.0	1.0
9543.0	1.0
9545.0	1.0
9547.0	1.0
9562.0	1.0
9582.0	1.0
9584.0	1.0
9585.0	1.0
9602.0	1.0
9608.0	1.0
9624.0	1.0
9636.0	1.0
9638.0	1.0
9641.0	1.0
9653.0	1.0
9655.0	1.0
9658.0	1.0
9664.0	2.0
9665.0	1.0
9667.0	1.0
9682.0	1.0
9683.0	1.0
9694.0	1.0
9704.0	1.0
9718.0	1.0
9724.0	1.0
9729.0	1.0
9731.0	2.0
9740.0	1.0
9742.0	1.0
9771.0	1.0
9776.0	1.0
9791.0	1.0
9792.0	1.0
9793.0	1.0
9797.0	1.0
9798.0	1.0
9814.0	2.0
9826.0	1.0
9832.0	1.0
9838.0	1.0
9840.0	1.0
9850.0	1.0
9858.0	1.0
9859.0	1.0
9867.0	1.0
9874.0	1.0
9879.0	1.0
9885.0	1.0
9886.0	1.0
9892.0	1.0
9893.0	1.0
9900.0	1.0
9910.0	1.0
9914.0	1.0
9923.0	2.0
9929.0	1.0
9931.0	1.0
9932.0	1.0
9940.0	1.0
9947.0	1.0
9950.0	2.0
9955.0	1.0
9961.0	1.0
9966.0	1.0
9970.0	1.0
9983.0	1.0
9985.0	1.0
9992.0	1.0
10007.0	1.0
10008.0	1.0
10017.0	1.0
10022.0	1.0
10028.0	2.0
10029.0	1.0
10049.0	1.0
10050.0	1.0
10055.0	1.0
10077.0	1.0
10079.0	1.0
10083.0	1.0
10089.0	1.0
10090.0	1.0
10096.0	1.0
10120.0	1.0
10129.0	1.0
10134.0	1.0
10149.0	1.0
10155.0	1.0
10170.0	1.0
10171.0	2.0
10179.0	1.0
10181.0	2.0
10193.0	1.0
10199.0	1.0
10209.0	1.0
10213.0	1.0
10214.0	1.0
10222.0	1.0
10227.0	1.0
10247.0	1.0
10261.0	1.0
10276.0	1.0
10283.0	1.0
10298.0	2.0
10322.0	1.0
10330.0	1.0
10352.0	1.0
10370.0	1.0
10375.0	1.0
10381.0	1.0
10400.0	1.0
10416.0	1.0
10420.0	1.0
10421.0	1.0
10435.0	1.0
10436.0	1.0
10442.0	1.0
10450.0	1.0
10455.0	1.0
10456.0	1.0
10460.0	1.0
10466.0	1.0
10482.0	1.0
10505.0	1.0
10508.0	1.0
10509.0	1.0
10524.0	1.0
10528.0	1.0
10540.0	1.0
10547.0	1.0
10551.0	1.0
10624.0	1.0
10651.0	1.0
10662.0	1.0
10696.0	1.0
10705.0	1.0
10710.0	1.0
10714.0	1.0
10718.0	1.0
10720.0	1.0
10739.0	1.0
10741.0	1.0
10749.0	1.0
10751.0	1.0
10756.0	1.0
10759.0	1.0
10773.0	1.0
10779.0	1.0
10791.0	1.0
10800.0	1.0
10844.0	1.0
10848.0	1.0
10852.0	1.0
10886.0	1.0
10904.0	1.0
10927.0	1.0
10937.0	1.0
10944.0	1.0
10957.0	1.0
10981.0	1.0
10986.0	1.0
11015.0	1.0
11061.0	1.0
11169.0	1.0
11209.0	1.0
11244.0	1.0
11253.0	1.0
11272.0	1.0
11278.0	1.0
11287.0	1.0
11296.0	1.0
11322.0	1.0
11331.0	1.0
11373.0	1.0
11393.0	1.0
11406.0	1.0
11444.0	1.0
11452.0	1.0
11462.0	1.0
11465.0	1.0
11470.0	1.0
11474.0	1.0
11495.0	1.0
11515.0	1.0
11519.0	1.0
11529.0	1.0
11530.0	1.0
11532.0	1.0
11582.0	1.0
11623.0	1.0
11638.0	1.0
11641.0	1.0
11686.0	1.0
11711.0	1.0
11749.0	1.0
11797.0	1.0
11809.0	1.0
11847.0	2.0
11853.0	1.0
11868.0	1.0
11921.0	1.0
11925.0	1.0
11950.0	1.0
11985.0	1.0
11992.0	1.0
12007.0	1.0
12071.0	1.0
12107.0	1.0
12108.0	1.0
12119.0	1.0
12131.0	1.0
12160.0	1.0
12189.0	1.0
12213.0	1.0
12214.0	1.0
12218.0	1.0
12235.0	1.0
12239.0	1.0
12250.0	1.0
12277.0	2.0
12292.0	1.0
12295.0	1.0
12306.0	1.0
12311.0	1.0
12316.0	1.0
12331.0	1.0
12334.0	1.0
12344.0	1.0
12410.0	1.0
12413.0	1.0
12441.0	1.0
12452.0	1.0
12466.0	1.0
12474.0	1.0
12484.0	2.0
12493.0	1.0
12592.0	1.0
12593.0	1.0
12599.0	1.0
12652.0	1.0
12677.0	1.0
12710.0	1.0
12719.0	1.0
12720.0	2.0
12736.0	1.0
12751.0	1.0
12774.0	1.0
12824.0	2.0
12827.0	1.0
12838.0	1.0
12843.0	1.0
12850.0	1.0
12872.0	1.0
12900.0	1.0
12920.0	1.0
12939.0	1.0
12966.0	1.0
12972.0	1.0
12981.0	1.0
12996.0	1.0
13014.0	1.0
13021.0	1.0
13047.0	1.0
13059.0	1.0
13065.0	1.0
13078.0	1.0
13116.0	1.0
13124.0	1.0
13150.0	1.0
13258.0	1.0
13260.0	1.0
13277.0	1.0
13321.0	1.0
13355.0	1.0
13393.0	1.0
13410.0	1.0
13419.0	1.0
13480.0	1.0
13523.0	1.0
13601.0	1.0
13633.0	1.0
13705.0	1.0
13855.0	1.0
13915.0	1.0
13926.0	1.0
14007.0	1.0
14033.0	1.0
14042.0	1.0
14080.0	1.0
14150.0	1.0
14173.0	1.0
14216.0	1.0
14324.0	1.0
14334.0	1.0
14344.0	1.0
14359.0	1.0
14427.0	1.0
14447.0	1.0
14449.0	1.0
14537.0	1.0
14542.0	1.0
14610.0	1.0
14681.0	1.0
14738.0	1.0
14764.0	1.0
14841.0	1.0
14879.0	1.0
14883.0	1.0
14911.0	1.0
14994.0	1.0
15053.0	1.0
15074.0	1.0
15227.0	1.0
15254.0	1.0
15315.0	1.0
15320.0	1.0
15340.0	1.0
15344.0	1.0
15426.0	1.0
15437.0	1.0
15453.0	1.0
15523.0	1.0
15564.0	1.0
15602.0	1.0
15612.0	1.0
15635.0	1.0
15649.0	1.0
15657.0	1.0
15666.0	1.0
15672.0	1.0
15675.0	1.0
15681.0	1.0
15715.0	1.0
15760.0	1.0
15762.0	1.0
15771.0	1.0
15774.0	2.0
15779.0	1.0
15780.0	2.0
15781.0	5.0
15783.0	5.0
15784.0	2.0
15785.0	6.0
15808.0	1.0
15972.0	1.0
15985.0	1.0
16007.0	1.0
16050.0	1.0
16051.0	1.0
16069.0	1.0
16101.0	1.0
16125.0	1.0
16158.0	1.0
16170.0	1.0
16209.0	1.0
16213.0	1.0
16237.0	1.0
16245.0	1.0
16255.0	1.0
16290.0	1.0
16304.0	1.0
16354.0	1.0
16400.0	1.0
16406.0	1.0
16419.0	1.0
16425.0	1.0
16470.0	1.0
16501.0	1.0
16522.0	1.0
16524.0	1.0
16527.0	1.0
16546.0	1.0
16580.0	1.0
16659.0	1.0
16714.0	1.0
16753.0	1.0
16785.0	1.0
16807.0	1.0
16842.0	1.0
16917.0	1.0
16960.0	1.0
16971.0	1.0
16984.0	1.0
16999.0	1.0
17054.0	1.0
17055.0	1.0
17063.0	1.0
17083.0	1.0
17113.0	1.0
17121.0	1.0
17149.0	1.0
17227.0	1.0
17245.0	1.0
17258.0	1.0
17267.0	1.0
17276.0	1.0
17300.0	1.0
17321.0	1.0
17341.0	1.0
17440.0	1.0
17450.0	1.0
17486.0	1.0
17545.0	1.0
17620.0	1.0
17638.0	1.0
17656.0	1.0
17670.0	1.0
17687.0	1.0
17698.0	1.0
17700.0	1.0
17710.0	1.0
17714.0	1.0
17723.0	2.0
17766.0	1.0
17787.0	1.0
17848.0	1.0
17860.0	1.0
17880.0	1.0
17931.0	1.0
17966.0	1.0
17987.0	1.0
17991.0	1.0
17994.0	1.0
18019.0	1.0
18048.0	1.0
18087.0	1.0
18095.0	1.0
18139.0	1.0
18141.0	1.0
18173.0	1.0
18186.0	1.0
18220.0	1.0
18236.0	1.0
18270.0	1.0
18286.0	1.0
18293.0	1.0
18312.0	1.0
18321.0	1.0
18328.0	1.0
18354.0	1.0
18360.0	1.0
18375.0	1.0
18386.0	1.0
18394.0	1.0
18397.0	1.0
18409.0	1.0
18411.0	1.0
18421.0	1.0
18428.0	1.0
18466.0	1.0
18496.0	1.0
18535.0	1.0
18545.0	1.0
18551.0	1.0
18554.0	1.0
18567.0	1.0
18576.0	1.0
18580.0	1.0
18606.0	1.0
18616.0	1.0
18618.0	1.0
18620.0	1.0
18635.0	1.0
18638.0	1.0
18644.0	1.0
18659.0	1.0
18664.0	1.0
18668.0	1.0
18677.0	1.0
18681.0	1.0
18693.0	1.0
18702.0	1.0
18706.0	1.0
18709.0	1.0
18713.0	1.0
18732.0	1.0
18735.0	1.0
18757.0	1.0
18781.0	1.0
18794.0	1.0
18799.0	1.0
18803.0	1.0
18808.0	1.0
18836.0	1.0
18840.0	1.0
18850.0	1.0
18855.0	1.0
18874.0	1.0
18913.0	1.0
18920.0	1.0
18930.0	1.0
18968.0	1.0
18971.0	1.0
18984.0	1.0
19006.0	1.0
19008.0	1.0
19009.0	1.0
19019.0	1.0
19032.0	1.0
19036.0	1.0
19053.0	1.0
19070.0	1.0
19073.0	1.0
19078.0	1.0
19088.0	1.0
19094.0	1.0
19101.0	1.0
19125.0	1.0
19129.0	1.0
19141.0	2.0
19152.0	1.0
19157.0	1.0
19167.0	1.0
19185.0	1.0
19194.0	1.0
19196.0	1.0
19207.0	1.0
19261.0	1.0
19265.0	1.0
19286.0	1.0
19322.0	1.0
19365.0	1.0
19377.0	1.0
19413.0	1.0
19503.0	1.0
19542.0	1.0
19551.0	1.0
19560.0	1.0
19575.0	1.0
19594.0	1.0
19596.0	1.0
19670.0	2.0
19678.0	1.0
19681.0	1.0
19697.0	1.0
19734.0	1.0
19741.0	1.0
19774.0	1.0
19778.0	1.0
19783.0	1.0
19815.0	1.0
19835.0	1.0
19844.0	1.0
19875.0	1.0
19905.0	1.0
19918.0	1.0
19924.0	1.0
19965.0	1.0
19974.0	1.0
19984.0	1.0
19985.0	1.0
20012.0	1.0
20027.0	1.0
20084.0	1.0
20087.0	1.0
20091.0	1.0
20148.0	1.0
20185.0	1.0
20192.0	1.0
20246.0	1.0
20252.0	1.0
20291.0	1.0
20297.0	1.0
20339.0	1.0
20381.0	1.0
20423.0	1.0
20426.0	1.0
20449.0	1.0
20460.0	1.0
20470.0	1.0
20475.0	1.0
20483.0	1.0
20492.0	1.0
20494.0	2.0
20495.0	1.0
20496.0	4.0
20509.0	1.0
20518.0	1.0
20573.0	1.0
20598.0	1.0
20610.0	1.0
20680.0	1.0
20733.0	1.0
20752.0	1.0
20797.0	1.0
20803.0	1.0
20815.0	2.0
20832.0	1.0
20844.0	1.0
20859.0	2.0
20877.0	1.0
20888.0	1.0
21064.0	1.0
21090.0	1.0
21113.0	1.0
21184.0	1.0
21267.0	1.0
21287.0	1.0
21311.0	1.0
21341.0	1.0
21369.0	1.0
21392.0	1.0
21406.0	1.0
21425.0	1.0
21470.0	1.0
21484.0	1.0
21485.0	1.0
21491.0	1.0
21501.0	1.0
21543.0	1.0
21589.0	1.0
21596.0	1.0
21612.0	1.0
21615.0	1.0
21628.0	1.0
21640.0	1.0
21841.0	1.0
21844.0	1.0
21932.0	1.0
21942.0	1.0
21987.0	1.0
22018.0	1.0
22027.0	1.0
22038.0	1.0
22091.0	1.0
22133.0	1.0
22163.0	1.0
22209.0	1.0
22211.0	1.0
22258.0	1.0
22366.0	1.0
22421.0	1.0
22475.0	1.0
22485.0	1.0
22540.0	1.0
22545.0	1.0
22635.0	1.0
22677.0	1.0
22686.0	1.0
22747.0	1.0
22748.0	1.0
22761.0	1.0
22765.0	1.0
22774.0	1.0
22783.0	1.0
22821.0	1.0
22860.0	1.0
22882.0	1.0
22913.0	1.0
22935.0	1.0
22954.0	1.0
22985.0	1.0
23001.0	1.0
23024.0	1.0
23072.0	1.0
23076.0	1.0
23083.0	1.0
23107.0	1.0
23108.0	1.0
23126.0	1.0
23130.0	1.0
23181.0	1.0
23209.0	1.0
23236.0	1.0
23258.0	1.0
23276.0	2.0
23305.0	1.0
23310.0	1.0
23374.0	1.0
23428.0	1.0
23496.0	1.0
23560.0	1.0
23568.0	1.0
23634.0	1.0
23688.0	1.0
23695.0	1.0
23697.0	1.0
23728.0	1.0
23759.0	1.0
23805.0	1.0
23914.0	1.0
24117.0	1.0
24179.0	1.0
24300.0	1.0
24304.0	1.0
24330.0	1.0
24384.0	1.0
24467.0	1.0
24491.0	1.0
24519.0	1.0
24531.0	1.0
24532.0	1.0
24612.0	1.0
24648.0	1.0
24669.0	1.0
24673.0	1.0
24684.0	1.0
24685.0	1.0
24776.0	1.0
24789.0	1.0
24804.0	1.0
24813.0	1.0
24829.0	1.0
24915.0	1.0
24941.0	1.0
24944.0	1.0
24963.0	1.0
24986.0	1.0
25014.0	1.0
25116.0	1.0
25129.0	1.0
25140.0	1.0
25185.0	1.0
25186.0	1.0
25224.0	1.0
25327.0	1.0
25336.0	1.0
25356.0	1.0
25439.0	1.0
25440.0	1.0
25501.0	1.0
25502.0	1.0
25549.0	1.0
25571.0	1.0
25576.0	1.0
25580.0	1.0
25582.0	1.0
25598.0	1.0
25609.0	1.0
25662.0	1.0
25676.0	1.0
25708.0	1.0
25789.0	1.0
25857.0	1.0
25878.0	1.0
25883.0	1.0
25898.0	1.0
25917.0	1.0
25969.0	1.0
25973.0	1.0
25991.0	1.0
25993.0	1.0
25998.0	1.0
26019.0	1.0
26023.0	1.0
26090.0	1.0
26111.0	1.0
26140.0	1.0
26156.0	1.0
26230.0	1.0
26269.0	1.0
26308.0	1.0
26368.0	1.0
26372.0	1.0
26408.0	1.0
26424.0	1.0
26459.0	1.0
26479.0	1.0
26490.0	1.0
26578.0	1.0
26618.0	1.0
26624.0	1.0
26687.0	1.0
26751.0	1.0
26753.0	1.0
26765.0	1.0
26841.0	1.0
26855.0	1.0
26876.0	1.0
26948.0	1.0
26957.0	1.0
26965.0	1.0
27023.0	1.0
27031.0	1.0
27058.0	1.0
27130.0	1.0
27223.0	1.0
27243.0	1.0
27250.0	1.0
27261.0	1.0
27271.0	1.0
27284.0	1.0
27291.0	1.0
27316.0	1.0
27324.0	1.0
27337.0	1.0
27448.0	1.0
27469.0	1.0
27490.0	1.0
27522.0	1.0
27572.0	1.0
27579.0	1.0
27604.0	1.0
27626.0	1.0
27637.0	1.0
27640.0	1.0
27643.0	1.0
27656.0	1.0
27679.0	1.0
27726.0	1.0
27798.0	1.0
27800.0	1.0
27807.0	1.0
27809.0	1.0
27852.0	1.0
27866.0	1.0
27893.0	1.0
27917.0	1.0
27925.0	1.0
28032.0	1.0
28042.0	1.0
28059.0	1.0
28070.0	1.0
28094.0	1.0
28096.0	1.0
28127.0	1.0
28148.0	1.0
28230.0	1.0
28237.0	1.0
28241.0	1.0
28246.0	1.0
28248.0	1.0
28263.0	1.0
28298.0	1.0
28357.0	1.0
28360.0	1.0
28408.0	1.0
28431.0	1.0
28437.0	1.0
28532.0	1.0
28547.0	1.0
28564.0	1.0
28575.0	1.0
28643.0	1.0
28711.0	1.0
28714.0	1.0
28726.0	1.0
28727.0	1.0
28765.0	1.0
28780.0	1.0
28788.0	1.0
28805.0	1.0
28836.0	1.0
28881.0	2.0
28898.0	1.0
28910.0	1.0
29028.0	1.0
29043.0	1.0
29123.0	1.0
29146.0	1.0
29160.0	1.0
29164.0	1.0
29251.0	1.0
29285.0	1.0
29439.0	1.0
29461.0	1.0
29475.0	1.0
29477.0	1.0
29483.0	1.0
29611.0	1.0
29636.0	1.0
29638.0	1.0
29646.0	2.0
29669.0	1.0
29686.0	1.0
29770.0	1.0
29773.0	1.0
29792.0	1.0
29793.0	1.0
29845.0	1.0
29881.0	1.0
29882.0	1.0
29904.0	1.0
29905.0	1.0
29956.0	1.0
30032.0	1.0
30041.0	1.0
30052.0	1.0
30123.0	1.0
30150.0	1.0
30207.0	1.0
30249.0	1.0
30255.0	1.0
30279.0	1.0
30298.0	1.0
30318.0	1.0
30322.0	1.0
30363.0	1.0
30378.0	1.0
30396.0	1.0
30425.0	1.0
30457.0	1.0
30468.0	1.0
30478.0	1.0
30515.0	2.0
30536.0	1.0
30571.0	1.0
30585.0	1.0
30631.0	1.0
30642.0	1.0
30646.0	1.0
30653.0	1.0
30659.0	1.0
30672.0	1.0
30691.0	1.0
30744.0	1.0
30760.0	1.0
30766.0	1.0
30773.0	1.0
30793.0	1.0
30836.0	1.0
30864.0	1.0
30891.0	1.0
30906.0	1.0
30913.0	1.0
30983.0	1.0
31021.0	1.0
31075.0	1.0
31107.0	1.0
31130.0	1.0
31150.0	1.0
31187.0	1.0
31195.0	1.0
31209.0	1.0
31248.0	1.0
31269.0	1.0
31394.0	1.0
31442.0	1.0
31511.0	1.0
31516.0	1.0
31556.0	1.0
31601.0	1.0
31618.0	1.0
31623.0	1.0
31632.0	1.0
31683.0	1.0
31767.0	1.0
31796.0	1.0
31812.0	1.0
31842.0	1.0
31949.0	1.0
31951.0	1.0
31989.0	1.0
31991.0	2.0
32008.0	1.0
32045.0	1.0
32080.0	1.0
32081.0	1.0
32169.0	1.0
32213.0	1.0
32221.0	1.0
32223.0	1.0
32458.0	1.0
32501.0	1.0
32503.0	1.0
32535.0	1.0
32568.0	1.0
32607.0	1.0
32660.0	1.0
32756.0	1.0
32757.0	1.0
32769.0	1.0
32814.0	1.0
32832.0	1.0
32896.0	1.0
32919.0	1.0
32944.0	1.0
33006.0	1.0
33018.0	1.0
33021.0	1.0
33022.0	1.0
33025.0	1.0
33110.0	1.0
33151.0	1.0
33164.0	1.0
33191.0	1.0
33196.0	1.0
33198.0	2.0
33203.0	1.0
33318.0	1.0
33360.0	1.0
33384.0	1.0
33402.0	1.0
33411.0	1.0
33462.0	1.0
33476.0	1.0
33484.0	1.0
33488.0	1.0
33565.0	1.0
33587.0	1.0
33611.0	1.0
33642.0	1.0
33674.0	1.0
33685.0	1.0
33688.0	1.0
33694.0	1.0
33715.0	1.0
33828.0	1.0
33843.0	1.0
33850.0	1.0
33859.0	1.0
33892.0	1.0
33947.0	2.0
33960.0	1.0
33964.0	1.0
33995.0	1.0
34033.0	1.0
34050.0	1.0
34052.0	1.0
34058.0	1.0
34062.0	1.0
34082.0	1.0
34163.0	1.0
34173.0	1.0
34188.0	1.0
34204.0	1.0
34217.0	1.0
34220.0	1.0
34224.0	2.0
34244.0	1.0
34267.0	1.0
34290.0	1.0
34299.0	1.0
34326.0	1.0
34453.0	1.0
34488.0	1.0
34522.0	1.0
34537.0	1.0
34555.0	2.0
34574.0	1.0
34583.0	1.0
34624.0	1.0
34634.0	1.0
34639.0	1.0
34645.0	1.0
34658.0	1.0
34664.0	1.0
34665.0	1.0
34682.0	1.0
34695.0	1.0
34738.0	1.0
34743.0	1.0
34756.0	1.0
34762.0	1.0
34771.0	1.0
34783.0	1.0
34787.0	1.0
34800.0	1.0
34823.0	1.0
34860.0	1.0
34874.0	1.0
34877.0	1.0
34881.0	1.0
34953.0	1.0
34978.0	1.0
34990.0	1.0
34991.0	1.0
35016.0	1.0
35025.0	1.0
35031.0	1.0
35035.0	1.0
35075.0	1.0
35098.0	1.0
35106.0	1.0
35195.0	1.0
35209.0	1.0
35246.0	1.0
35264.0	1.0
35295.0	1.0
35319.0	1.0
35356.0	1.0
35440.0	1.0
35486.0	1.0
35648.0	1.0
35653.0	1.0
35713.0	1.0
35723.0	1.0
35795.0	1.0
35844.0	1.0
35845.0	1.0
35846.0	1.0
35853.0	1.0
35880.0	1.0
35936.0	1.0
35994.0	1.0
36029.0	1.0
36042.0	1.0
36045.0	1.0
36061.0	1.0
36107.0	1.0
36161.0	1.0
36178.0	1.0
36179.0	1.0
36180.0	1.0
36200.0	1.0
36251.0	1.0
36297.0	1.0
36309.0	1.0
36328.0	1.0
36426.0	1.0
36468.0	1.0
36537.0	1.0
36594.0	1.0
36624.0	1.0
36629.0	1.0
36641.0	1.0
36645.0	1.0
36664.0	2.0
36699.0	1.0
36715.0	1.0
36723.0	1.0
36733.0	1.0
36751.0	1.0
36758.0	1.0
36761.0	1.0
36767.0	1.0
36806.0	1.0
36831.0	1.0
36868.0	1.0
36896.0	1.0
36902.0	1.0
36931.0	1.0
36960.0	1.0
36975.0	1.0
36986.0	1.0
36991.0	1.0
37000.0	1.0
37043.0	1.0
37072.0	1.0
37119.0	1.0
37177.0	1.0
37190.0	1.0
37200.0	1.0
37205.0	1.0
37286.0	1.0
37305.0	1.0
37306.0	1.0
37308.0	1.0
37329.0	1.0
37362.0	1.0
37372.0	1.0
37399.0	1.0
37406.0	1.0
37438.0	1.0
37451.0	1.0
37479.0	1.0
37482.0	1.0
37544.0	1.0
37549.0	1.0
37601.0	1.0
37606.0	1.0
37616.0	1.0
37650.0	1.0
37679.0	1.0
37693.0	1.0
37698.0	1.0
37736.0	1.0
37739.0	1.0
37745.0	1.0
37776.0	1.0
37780.0	1.0
37791.0	1.0
37802.0	1.0
37811.0	1.0
37816.0	1.0
37825.0	1.0
37900.0	1.0
37904.0	1.0
37973.0	1.0
37982.0	1.0
37996.0	1.0
38017.0	1.0
38022.0	1.0
38083.0	1.0
38113.0	1.0
38122.0	1.0
38141.0	1.0
38200.0	1.0
38219.0	1.0
38241.0	1.0
38261.0	1.0
38299.0	1.0
38308.0	1.0
38310.0	1.0
38342.0	1.0
38370.0	1.0
38382.0	1.0
38400.0	1.0
38416.0	1.0
38434.0	1.0
38435.0	1.0
38486.0	1.0
38488.0	1.0
38506.0	1.0
38553.0	1.0
38561.0	1.0
38567.0	1.0
38606.0	1.0
38627.0	1.0
38650.0	1.0
38703.0	1.0
38716.0	1.0
38719.0	1.0
38720.0	1.0
38754.0	1.0
38800.0	1.0
38856.0	1.0
38858.0	1.0
38867.0	1.0
38868.0	1.0
38876.0	1.0
38913.0	1.0
38944.0	1.0
38974.0	1.0
38984.0	1.0
38988.0	1.0
38999.0	1.0
39037.0	1.0
39042.0	1.0
39058.0	1.0
39061.0	1.0
39062.0	1.0
39072.0	1.0
39087.0	1.0
39214.0	1.0
39246.0	1.0
39255.0	1.0
39268.0	1.0
39274.0	1.0
39290.0	1.0
39304.0	1.0
39320.0	1.0
39334.0	1.0
39342.0	1.0
39347.0	1.0
39361.0	1.0
39374.0	1.0
39401.0	1.0
39418.0	1.0
39425.0	1.0
39507.0	1.0
39511.0	1.0
39525.0	1.0
39550.0	1.0
39559.0	1.0
39581.0	1.0
39591.0	1.0
39636.0	1.0
39655.0	1.0
39673.0	1.0
39689.0	1.0
39708.0	1.0
39741.0	1.0
39852.0	1.0
39859.0	1.0
39883.0	1.0
39927.0	1.0
39933.0	1.0
39943.0	1.0
39945.0	1.0
39962.0	1.0
39976.0	1.0
40011.0	1.0
40016.0	1.0
40031.0	1.0
40041.0	1.0
40043.0	1.0
40048.0	1.0
40057.0	1.0
40065.0	1.0
40073.0	1.0
40089.0	1.0
40120.0	1.0
40297.0	1.0
40330.0	1.0
40355.0	1.0
40361.0	1.0
40386.0	1.0
40441.0	1.0
40465.0	1.0
40476.0	2.0
40477.0	1.0
40482.0	1.0
40514.0	1.0
40525.0	1.0
40529.0	1.0
40541.0	1.0
40547.0	1.0
40548.0	1.0
40568.0	1.0
40571.0	1.0
40579.0	1.0
40583.0	1.0
40586.0	1.0
40612.0	1.0
40615.0	1.0
40628.0	1.0
40634.0	1.0
40653.0	1.0
40699.0	1.0
40703.0	1.0
40716.0	1.0
40733.0	1.0
40759.0	1.0
40794.0	1.0
40799.0	1.0
40837.0	1.0
40875.0	1.0
40879.0	1.0
40893.0	1.0
40913.0	1.0
40928.0	1.0
40957.0	1.0
40969.0	1.0
40970.0	2.0
40977.0	1.0
40982.0	1.0
41003.0	1.0
41006.0	1.0
41040.0	1.0
41042.0	1.0
41049.0	1.0
41051.0	1.0
41063.0	1.0
41067.0	1.0
41078.0	1.0
41086.0	1.0
41103.0	1.0
41109.0	1.0
41124.0	1.0
41159.0	1.0
41191.0	1.0
41207.0	1.0
41241.0	1.0
41245.0	1.0
41249.0	1.0
41261.0	1.0
41272.0	1.0
41273.0	1.0
41315.0	1.0
41345.0	1.0
41346.0	1.0
41360.0	1.0
41367.0	1.0
41370.0	1.0
41377.0	1.0
41393.0	2.0
41410.0	1.0
41449.0	1.0
41451.0	1.0
41469.0	2.0
41471.0	1.0
41473.0	1.0
41485.0	1.0
41498.0	1.0
41514.0	1.0
41524.0	1.0
41540.0	1.0
41565.0	1.0
41653.0	1.0
41662.0	1.0
41738.0	1.0
41764.0	1.0
41783.0	1.0
41793.0	1.0
41852.0	1.0
41868.0	1.0
41886.0	1.0
41915.0	1.0
41919.0	1.0
41966.0	1.0
41968.0	1.0
41984.0	1.0
42014.0	1.0
42038.0	1.0
42045.0	1.0
42120.0	1.0
42121.0	1.0
42132.0	1.0
42138.0	1.0
42159.0	1.0
42175.0	1.0
42191.0	1.0
42208.0	1.0
42263.0	1.0
42279.0	1.0
42290.0	1.0
42292.0	1.0
42300.0	1.0
42415.0	1.0
42463.0	1.0
42491.0	1.0
42507.0	1.0
42511.0	1.0
42514.0	1.0
42518.0	1.0
42530.0	1.0
42561.0	1.0
42570.0	1.0
42582.0	1.0
42585.0	1.0
42592.0	1.0
42641.0	1.0
42702.0	1.0
42712.0	2.0
42714.0	1.0
42727.0	1.0
42732.0	1.0
42735.0	1.0
42737.0	1.0
42741.0	1.0
42749.0	1.0
42754.0	1.0
42780.0	1.0
42807.0	1.0
42812.0	1.0
42836.0	1.0
42862.0	1.0
42864.0	1.0
42876.0	1.0
42880.0	1.0
42885.0	1.0
42924.0	1.0
42932.0	1.0
42952.0	1.0
42969.0	1.0
42999.0	1.0
43019.0	1.0
43021.0	1.0
43022.0	1.0
43034.0	1.0
43059.0	1.0
43078.0	2.0
43086.0	1.0
43103.0	1.0
43125.0	1.0
43161.0	1.0
43172.0	1.0
43197.0	1.0
43198.0	1.0
43214.0	1.0
43256.0	1.0
43258.0	1.0
43289.0	1.0
43297.0	1.0
43300.0	1.0
43307.0	1.0
43320.0	1.0
43350.0	1.0
43356.0	1.0
43383.0	1.0
43413.0	1.0
43436.0	2.0
43506.0	1.0
43512.0	1.0
43527.0	1.0
43574.0	1.0
43575.0	1.0
43581.0	1.0
43587.0	1.0
43668.0	1.0
43675.0	2.0
43681.0	1.0
43683.0	1.0
43697.0	1.0
43719.0	1.0
43744.0	1.0
43748.0	1.0
43755.0	1.0
43769.0	1.0
43778.0	1.0
43785.0	1.0
43789.0	1.0
43793.0	1.0
43800.0	1.0
43827.0	2.0
43848.0	1.0
43851.0	1.0
43855.0	1.0
43864.0	1.0
43889.0	1.0
43949.0	1.0
43967.0	1.0
44029.0	2.0
44061.0	1.0
44079.0	1.0
44103.0	1.0
44108.0	1.0
44149.0	1.0
44199.0	1.0
44207.0	1.0
44225.0	1.0
44316.0	1.0
44383.0	1.0
44385.0	1.0
44430.0	1.0
44441.0	2.0
44453.0	1.0
44471.0	1.0
44531.0	1.0
44574.0	1.0
44582.0	1.0
44598.0	1.0
44609.0	1.0
44660.0	1.0
44694.0	1.0
44704.0	1.0
44717.0	1.0
44722.0	1.0
44772.0	2.0
44815.0	1.0
44884.0	1.0
44894.0	1.0
44909.0	1.0
44938.0	1.0
44973.0	1.0
45010.0	1.0
45028.0	2.0
45032.0	1.0
45087.0	1.0
45099.0	1.0
45101.0	1.0
45104.0	2.0
45113.0	1.0
45120.0	1.0
45128.0	1.0
45133.0	1.0
45143.0	1.0
45146.0	1.0
45153.0	1.0
45161.0	1.0
45166.0	1.0
45171.0	1.0
45186.0	1.0
45231.0	1.0
45234.0	1.0
45242.0	1.0
45249.0	1.0
45254.0	1.0
45260.0	1.0
45270.0	1.0
45293.0	1.0
45306.0	1.0
45322.0	1.0
45333.0	1.0
45368.0	1.0
45372.0	1.0
45405.0	1.0
45406.0	1.0
45413.0	1.0
45422.0	1.0
45446.0	1.0
45486.0	1.0
45492.0	1.0
45520.0	1.0
45526.0	1.0
45546.0	1.0
45548.0	1.0
45553.0	1.0
45580.0	1.0
45607.0	1.0
45638.0	2.0
45645.0	1.0
45653.0	1.0
45676.0	1.0
45693.0	1.0
45702.0	1.0
45711.0	1.0
45734.0	1.0
45737.0	1.0
45782.0	1.0
45796.0	1.0
45809.0	1.0
45817.0	1.0
45838.0	1.0
45864.0	1.0
45865.0	1.0
45886.0	1.0
45897.0	1.0
45913.0	1.0
45914.0	1.0
45917.0	1.0
45951.0	1.0
45968.0	1.0
45973.0	1.0
46010.0	1.0
46048.0	1.0
46054.0	1.0
46094.0	1.0
46097.0	2.0
46121.0	1.0
46124.0	1.0
46186.0	1.0
46241.0	1.0
46263.0	1.0
46269.0	1.0
46290.0	1.0
46292.0	1.0
46293.0	1.0
46302.0	1.0
46306.0	1.0
46315.0	1.0
46319.0	1.0
46321.0	1.0
46331.0	1.0
46332.0	1.0
46375.0	1.0
46392.0	1.0
46408.0	1.0
46414.0	1.0
46418.0	1.0
46425.0	1.0
46429.0	1.0
46451.0	1.0
46475.0	1.0
46485.0	1.0
46503.0	1.0
46522.0	2.0
46533.0	1.0
46542.0	1.0
46545.0	1.0
46552.0	1.0
46557.0	1.0
46564.0	1.0
46581.0	1.0
46584.0	1.0
46586.0	1.0
46595.0	1.0
46597.0	1.0
46618.0	1.0
46626.0	1.0
46629.0	1.0
46638.0	1.0
46640.0	1.0
46651.0	1.0
46660.0	1.0
46675.0	1.0
46700.0	1.0
46703.0	1.0
46706.0	1.0
46772.0	1.0
46773.0	1.0
46812.0	1.0
46813.0	1.0
46823.0	1.0
46835.0	1.0
46842.0	1.0
46873.0	1.0
46909.0	1.0
46977.0	1.0
47013.0	1.0
47039.0	1.0
47074.0	1.0
47111.0	1.0
47147.0	1.0
47156.0	1.0
47165.0	1.0
47166.0	1.0
47222.0	1.0
47236.0	1.0
47240.0	1.0
47276.0	1.0
47301.0	1.0
47307.0	1.0
47338.0	1.0
47378.0	1.0
47455.0	2.0
47470.0	2.0
47488.0	1.0
47500.0	1.0
47504.0	1.0
47519.0	1.0
47523.0	1.0
47599.0	1.0
47639.0	1.0
47671.0	1.0
47672.0	1.0
47681.0	1.0
47714.0	1.0
47736.0	1.0
47743.0	1.0
47748.0	1.0
47757.0	1.0
47769.0	1.0
47845.0	1.0
47884.0	1.0
47887.0	1.0
47943.0	1.0
47967.0	1.0
47976.0	1.0
47977.0	1.0
47985.0	1.0
47986.0	1.0
48000.0	1.0
48002.0	1.0
48004.0	1.0
48020.0	1.0
48025.0	1.0
48029.0	1.0
48033.0	1.0
48041.0	1.0
48051.0	1.0
48088.0	1.0
48105.0	2.0
48108.0	1.0
48125.0	1.0
48138.0	1.0
48162.0	1.0
48165.0	1.0
48167.0	1.0
48173.0	1.0
48190.0	1.0
48202.0	1.0
48203.0	1.0
48213.0	1.0
48230.0	1.0
48256.0	1.0
48268.0	1.0
48277.0	1.0
48322.0	1.0
48342.0	1.0
48346.0	1.0
48348.0	1.0
48349.0	1.0
48353.0	1.0
48372.0	1.0
48382.0	1.0
48383.0	1.0
48391.0	1.0
48412.0	1.0
48419.0	1.0
48420.0	1.0
48430.0	1.0
48433.0	1.0
48475.0	1.0
48501.0	2.0
48518.0	1.0
48522.0	1.0
48525.0	1.0
48528.0	1.0
48536.0	1.0
48549.0	1.0
48550.0	1.0
48554.0	1.0
48573.0	1.0
48575.0	1.0
48579.0	1.0
48581.0	1.0
48605.0	1.0
48615.0	1.0
48626.0	1.0
48648.0	1.0
48668.0	1.0
48696.0	1.0
48697.0	1.0
48710.0	1.0
48730.0	1.0
48735.0	1.0
48745.0	1.0
48751.0	1.0
48757.0	1.0
48761.0	1.0
48774.0	1.0
48780.0	1.0
48794.0	1.0
48795.0	1.0
48798.0	1.0
48823.0	1.0
48840.0	1.0
48843.0	1.0
48856.0	1.0
48858.0	1.0
48860.0	1.0
48863.0	1.0
48884.0	2.0
48910.0	1.0
48920.0	1.0
48929.0	2.0
48937.0	1.0
48958.0	1.0
48972.0	1.0
48989.0	1.0
48998.0	1.0
49041.0	1.0
49046.0	1.0
49052.0	1.0
49053.0	1.0
49107.0	1.0
49113.0	1.0
49139.0	1.0
49142.0	1.0
49159.0	1.0
49165.0	1.0
49176.0	1.0
49186.0	1.0
49211.0	1.0
49228.0	1.0
49272.0	1.0
49279.0	1.0
49281.0	1.0
49282.0	1.0
49284.0	1.0
49291.0	1.0
49320.0	1.0
49325.0	1.0
49331.0	1.0
49333.0	1.0
49336.0	1.0
49346.0	1.0
49362.0	1.0
49387.0	1.0
49388.0	1.0
49397.0	1.0
49408.0	1.0
49412.0	1.0
49422.0	1.0
49445.0	1.0
49461.0	1.0
49468.0	1.0
49477.0	1.0
49515.0	1.0
49527.0	1.0
49552.0	1.0
49553.0	1.0
49577.0	1.0
49579.0	1.0
49581.0	1.0
49592.0	1.0
49613.0	1.0
49621.0	1.0
49635.0	1.0
49682.0	1.0
49687.0	1.0
49699.0	1.0
49705.0	1.0
49710.0	1.0
49716.0	1.0
49726.0	1.0
49743.0	3.0
49752.0	1.0
49754.0	1.0
49763.0	1.0
49767.0	1.0
49826.0	1.0
49843.0	1.0
49847.0	1.0
49857.0	1.0
49866.0	1.0
49879.0	1.0
49895.0	1.0
49896.0	1.0
49900.0	2.0
49921.0	1.0
49931.0	1.0
49938.0	1.0
49944.0	1.0
49954.0	1.0
49963.0	1.0
49969.0	1.0
49975.0	1.0
49981.0	1.0
50009.0	1.0
50015.0	1.0
50039.0	1.0
50054.0	1.0
50089.0	1.0
50125.0	1.0
50129.0	1.0
50131.0	1.0
50173.0	1.0
50211.0	1.0
50213.0	1.0
50217.0	1.0
50233.0	1.0
50244.0	1.0
50245.0	1.0
50246.0	1.0
50267.0	1.0
50278.0	1.0
50280.0	1.0
50282.0	1.0
50283.0	1.0
50295.0	1.0
50314.0	1.0
50315.0	1.0
50326.0	1.0
50340.0	1.0
50361.0	1.0
50362.0	1.0
50375.0	1.0
50383.0	1.0
50394.0	2.0
50398.0	1.0
50417.0	1.0
50446.0	1.0
50450.0	1.0
50455.0	1.0
50459.0	1.0
50464.0	1.0
50480.0	1.0
50484.0	1.0
50508.0	1.0
50523.0	1.0
50525.0	1.0
50527.0	1.0
50540.0	1.0
50552.0	1.0
50584.0	1.0
50627.0	1.0
50662.0	1.0
50663.0	1.0
50672.0	1.0
50678.0	1.0
50681.0	1.0
50696.0	1.0
50700.0	1.0
50707.0	1.0
50717.0	1.0
50722.0	1.0
50736.0	1.0
50737.0	1.0
50745.0	1.0
50751.0	1.0
50752.0	1.0
50762.0	1.0
50778.0	1.0
50788.0	1.0
50790.0	1.0
50792.0	1.0
50801.0	1.0
50809.0	1.0
50827.0	1.0
50845.0	1.0
50877.0	1.0
50898.0	1.0
50904.0	1.0
50934.0	1.0
50966.0	1.0
50970.0	1.0
50973.0	1.0
50985.0	1.0
50996.0	1.0
51013.0	1.0
51015.0	1.0
51021.0	1.0
51050.0	2.0
51060.0	1.0
51078.0	1.0
51083.0	1.0
51086.0	1.0
51125.0	1.0
51126.0	1.0
51133.0	1.0
51150.0	1.0
51155.0	1.0
51206.0	1.0
51214.0	1.0
51244.0	1.0
51245.0	1.0
51264.0	1.0
51277.0	1.0
51299.0	1.0
51307.0	1.0
51318.0	1.0
51327.0	1.0
51356.0	1.0
51363.0	1.0
51372.0	1.0
51392.0	1.0
51407.0	1.0
51433.0	1.0
51444.0	1.0
51447.0	1.0
51453.0	1.0
51462.0	1.0
51465.0	1.0
51475.0	1.0
51499.0	1.0
51529.0	1.0
51542.0	1.0
51547.0	1.0
51607.0	1.0
51610.0	1.0
51612.0	1.0
51619.0	1.0
51622.0	1.0
51629.0	1.0
51633.0	1.0
51640.0	1.0
51650.0	1.0
51651.0	1.0
51661.0	1.0
51674.0	1.0
51687.0	1.0
51690.0	1.0
51694.0	1.0
51708.0	1.0
51716.0	1.0
51723.0	1.0
51773.0	1.0
51806.0	1.0
51827.0	1.0
51830.0	1.0
51874.0	1.0
51882.0	1.0
51890.0	1.0
51898.0	1.0
51899.0	1.0
51911.0	1.0
51912.0	1.0
51917.0	1.0
51923.0	1.0
51958.0	1.0
51960.0	1.0
51964.0	1.0
51973.0	1.0
51985.0	1.0
51988.0	1.0
52056.0	1.0
52074.0	1.0
52112.0	1.0
52170.0	1.0
52173.0	1.0
52226.0	1.0
52231.0	1.0
52234.0	1.0
52242.0	1.0
52254.0	1.0
52258.0	1.0
52271.0	1.0
52290.0	1.0
52329.0	1.0
52332.0	1.0
52339.0	1.0
52343.0	1.0
52351.0	1.0
52355.0	1.0
52361.0	1.0
52374.0	1.0
52388.0	1.0
52390.0	1.0
52402.0	1.0
52415.0	2.0
52416.0	1.0
52427.0	1.0
52429.0	2.0
52430.0	1.0
52440.0	1.0
52449.0	1.0
52461.0	1.0
52471.0	1.0
52486.0	1.0
52487.0	1.0
52499.0	1.0
52501.0	1.0
52515.0	1.0
52539.0	1.0
52565.0	1.0
52570.0	1.0
52573.0	1.0
52574.0	1.0
52577.0	1.0
52579.0	1.0
52592.0	1.0
52620.0	1.0
52648.0	1.0
52659.0	1.0
52677.0	1.0
52721.0	1.0
52723.0	1.0
52725.0	1.0
52731.0	1.0
52738.0	1.0
52771.0	1.0
52777.0	1.0
52780.0	1.0
52791.0	1.0
52819.0	1.0
52820.0	1.0
52847.0	1.0
52853.0	1.0
52878.0	1.0
52886.0	1.0
52899.0	1.0
52915.0	1.0
52929.0	1.0
53009.0	1.0
53022.0	1.0
53026.0	1.0
53057.0	1.0
53072.0	1.0
53079.0	1.0
53083.0	1.0
53088.0	1.0
53092.0	1.0
53109.0	1.0
53130.0	1.0
53139.0	1.0
53187.0	1.0
53198.0	1.0
53224.0	1.0
53229.0	1.0
53252.0	1.0
53257.0	1.0
53332.0	1.0
53354.0	1.0
53357.0	1.0
53377.0	1.0
53408.0	1.0
53428.0	1.0
53434.0	1.0
53451.0	1.0
53478.0	1.0
53496.0	1.0
53500.0	1.0
53521.0	1.0
53523.0	1.0
53529.0	1.0
53562.0	1.0
53580.0	1.0
53585.0	1.0
53603.0	1.0
53606.0	1.0
53622.0	1.0
53623.0	1.0
53637.0	1.0
53711.0	1.0
53757.0	1.0
53768.0	1.0
53777.0	1.0
53786.0	1.0
53788.0	1.0
53838.0	1.0
53841.0	1.0
53852.0	1.0
53900.0	1.0
53902.0	1.0
53912.0	1.0
53956.0	1.0
53974.0	1.0
54057.0	1.0
54117.0	1.0
54124.0	1.0
54136.0	1.0
54179.0	1.0
54215.0	1.0
54238.0	1.0
54240.0	1.0
54266.0	1.0
54277.0	1.0
54280.0	1.0
54350.0	1.0
54352.0	1.0
54378.0	1.0
54414.0	1.0
54419.0	1.0
54420.0	1.0
54446.0	1.0
54447.0	1.0
54466.0	1.0
54476.0	1.0
54499.0	1.0
54510.0	1.0
54528.0	1.0
54540.0	1.0
54542.0	1.0
54607.0	1.0
54608.0	1.0
54641.0	1.0
54699.0	2.0
54721.0	1.0
54747.0	1.0
54764.0	1.0
54775.0	2.0
54800.0	1.0
54810.0	1.0
54820.0	2.0
54823.0	1.0
54846.0	1.0
54872.0	1.0
54880.0	1.0
54882.0	1.0
54892.0	1.0
54919.0	1.0
54938.0	1.0
54967.0	1.0
54969.0	1.0
54986.0	1.0
54987.0	1.0
54997.0	1.0
55001.0	1.0
55005.0	1.0
55009.0	1.0
55014.0	1.0
55039.0	1.0
55063.0	1.0
55066.0	1.0
55075.0	1.0
55086.0	1.0
55099.0	1.0
55104.0	1.0
55125.0	1.0
55142.0	1.0
55143.0	1.0
55148.0	1.0
55156.0	1.0
55158.0	1.0
55173.0	1.0
55203.0	1.0
55204.0	1.0
55211.0	1.0
55221.0	1.0
55227.0	1.0
55243.0	1.0
55252.0	1.0
55279.0	1.0
55284.0	2.0
55292.0	1.0
55293.0	1.0
55340.0	1.0
55391.0	1.0
55415.0	1.0
55419.0	1.0
55493.0	1.0
55514.0	1.0
55529.0	1.0
55562.0	1.0
55563.0	1.0
55565.0	1.0
55616.0	1.0
55620.0	1.0
55691.0	1.0
55692.0	1.0
55694.0	2.0
55713.0	1.0
55793.0	1.0
55893.0	1.0
55919.0	1.0
55932.0	1.0
55939.0	1.0
55945.0	1.0
55973.0	1.0
56000.0	1.0
56009.0	1.0
56026.0	1.0
56049.0	1.0
56058.0	1.0
56064.0	1.0
56071.0	1.0
56108.0	1.0
56119.0	1.0
56138.0	1.0
56142.0	1.0
56201.0	1.0
56204.0	1.0
56229.0	1.0
56319.0	1.0
56340.0	1.0
56346.0	1.0
56356.0	1.0
56374.0	1.0
56386.0	1.0
56406.0	1.0
56447.0	1.0
56449.0	1.0
56484.0	1.0
56496.0	1.0
56503.0	1.0
56508.0	1.0
56517.0	1.0
56528.0	1.0
56551.0	2.0
56559.0	1.0
56566.0	1.0
56650.0	1.0
56672.0	1.0
56730.0	1.0
56731.0	1.0
56736.0	1.0
56749.0	1.0
56762.0	1.0
56792.0	1.0
56807.0	1.0
56816.0	1.0
56827.0	1.0
56875.0	1.0
56876.0	1.0
56891.0	1.0
56898.0	1.0
56903.0	1.0
56911.0	1.0
56927.0	1.0
56953.0	1.0
56955.0	1.0
56963.0	1.0
56967.0	1.0
56978.0	1.0
56982.0	1.0
56990.0	1.0
57004.0	1.0
57006.0	1.0
57017.0	1.0
57030.0	1.0
57034.0	2.0
57035.0	1.0
57043.0	1.0
57044.0	1.0
57050.0	1.0
57053.0	1.0
57061.0	1.0
57062.0	1.0
57077.0	1.0
57090.0	1.0
57095.0	1.0
57110.0	1.0
57117.0	1.0
57124.0	1.0
57134.0	1.0
57143.0	1.0
57151.0	1.0
57153.0	1.0
57195.0	1.0
57210.0	2.0
57218.0	1.0
57289.0	1.0
57292.0	1.0
57309.0	1.0
57311.0	1.0
57312.0	1.0
57325.0	1.0
57345.0	1.0
57365.0	1.0
57381.0	1.0
57402.0	1.0
57444.0	1.0
57455.0	1.0
57462.0	1.0
57465.0	1.0
57486.0	1.0
57578.0	1.0
57587.0	1.0
57606.0	1.0
57622.0	1.0
57625.0	1.0
57657.0	1.0
57665.0	1.0
57667.0	1.0
57719.0	1.0
57732.0	1.0
57758.0	1.0
57860.0	1.0
57864.0	1.0
57873.0	1.0
57881.0	1.0
57897.0	1.0
57930.0	1.0
57937.0	1.0
57941.0	1.0
57952.0	1.0
57956.0	1.0
57958.0	1.0
57959.0	1.0
57982.0	1.0
57989.0	1.0
58079.0	1.0
58115.0	1.0
58126.0	1.0
58145.0	1.0
58150.0	1.0
58158.0	1.0
58166.0	1.0
58177.0	1.0
58197.0	1.0
58200.0	1.0
58208.0	1.0
58216.0	1.0
58220.0	1.0
58222.0	1.0
58286.0	1.0
58305.0	1.0
58311.0	1.0
58337.0	1.0
58348.0	1.0
58357.0	1.0
58366.0	1.0
58384.0	1.0
58394.0	1.0
58423.0	1.0
58425.0	1.0
58440.0	1.0
58448.0	1.0
58453.0	1.0
58502.0	1.0
58525.0	1.0
58539.0	1.0
58565.0	1.0
58581.0	1.0
58585.0	1.0
58603.0	1.0
58606.0	2.0
58617.0	1.0
58629.0	1.0
58639.0	1.0
58670.0	1.0
58680.0	1.0
58735.0	1.0
58739.0	1.0
58794.0	1.0
58823.0	1.0
58841.0	1.0
58850.0	1.0
58859.0	1.0
58871.0	1.0
58909.0	1.0
58953.0	1.0
58959.0	1.0
58970.0	1.0
58980.0	1.0
59003.0	1.0
59015.0	1.0
59033.0	1.0
59044.0	1.0
59063.0	1.0
59076.0	1.0
59083.0	1.0
59090.0	1.0
59098.0	1.0
59166.0	1.0
59196.0	1.0
59259.0	1.0
59278.0	1.0
59282.0	1.0
59305.0	1.0
59317.0	1.0
59318.0	1.0
59356.0	1.0
59370.0	1.0
59375.0	1.0
59409.0	1.0
59424.0	1.0
59454.0	1.0
59457.0	1.0
59476.0	1.0
59483.0	1.0
59496.0	1.0
59503.0	1.0
59507.0	1.0
59528.0	2.0
59552.0	1.0
59581.0	1.0
59598.0	1.0
59603.0	1.0
59623.0	1.0
59624.0	1.0
59627.0	1.0
59656.0	1.0
59675.0	1.0
59676.0	1.0
59695.0	1.0
59718.0	1.0
59743.0	1.0
59753.0	1.0
59758.0	1.0
59764.0	1.0
59773.0	1.0
59778.0	1.0
59788.0	1.0
59817.0	1.0
59854.0	1.0
59865.0	1.0
59973.0	1.0
60002.0	1.0
60008.0	1.0
60032.0	1.0
60046.0	1.0
60085.0	1.0
60087.0	1.0
60104.0	1.0
60105.0	1.0
60113.0	1.0
60119.0	1.0
60125.0	1.0
60127.0	1.0
60142.0	1.0
60144.0	1.0
60145.0	1.0
60177.0	1.0
60179.0	1.0
60191.0	1.0
60200.0	1.0
60212.0	1.0
60220.0	1.0
60263.0	1.0
60286.0	1.0
60293.0	1.0
60302.0	1.0
60310.0	2.0
60340.0	1.0
60344.0	1.0
60361.0	1.0
60364.0	1.0
60375.0	1.0
60407.0	1.0
60451.0	1.0
60470.0	2.0
60484.0	1.0
60487.0	1.0
60490.0	1.0
60510.0	2.0
60521.0	1.0
60525.0	1.0
60527.0	1.0
60535.0	1.0
60549.0	1.0
60571.0	1.0
60578.0	1.0
60587.0	1.0
60592.0	1.0
60600.0	1.0
60618.0	1.0
60625.0	1.0
60633.0	1.0
60640.0	1.0
60658.0	1.0
60684.0	1.0
60706.0	1.0
60709.0	1.0
60717.0	1.0
60720.0	1.0
60748.0	1.0
60762.0	1.0
60777.0	2.0
60790.0	1.0
60799.0	1.0
60809.0	1.0
60810.0	1.0
60845.0	1.0
60848.0	1.0
60859.0	1.0
60866.0	1.0
60891.0	1.0
60914.0	1.0
60927.0	1.0
60938.0	1.0
60973.0	1.0
60979.0	1.0
61008.0	1.0
61010.0	1.0
61022.0	1.0
61025.0	1.0
61034.0	1.0
61041.0	1.0
61054.0	1.0
61065.0	1.0
61091.0	1.0
61105.0	1.0
61149.0	1.0
61153.0	1.0
61157.0	1.0
61165.0	1.0
61178.0	1.0
61181.0	1.0
61196.0	2.0
61204.0	1.0
61253.0	1.0
61281.0	1.0
61296.0	1.0
61392.0	1.0
61404.0	1.0
61415.0	1.0
61417.0	1.0
61420.0	1.0
61461.0	1.0
61473.0	1.0
61498.0	1.0
61543.0	1.0
61546.0	1.0
61548.0	1.0
61550.0	1.0
61588.0	1.0
61618.0	1.0
61635.0	1.0
61649.0	1.0
61677.0	1.0
61684.0	1.0
61697.0	1.0
61699.0	1.0
61717.0	1.0
61723.0	1.0
61736.0	1.0
61769.0	1.0
61786.0	1.0
61847.0	1.0
61858.0	1.0
61878.0	1.0
61881.0	1.0
61892.0	1.0
61896.0	1.0
61914.0	1.0
61954.0	1.0
61962.0	1.0
61977.0	1.0
62022.0	1.0
62033.0	1.0
62043.0	1.0
62063.0	1.0
62081.0	2.0
62099.0	1.0
62150.0	1.0
62156.0	1.0
62176.0	1.0
62188.0	1.0
62194.0	1.0
62204.0	1.0
62205.0	1.0
62257.0	1.0
62266.0	1.0
62270.0	1.0
62277.0	1.0
62278.0	1.0
62299.0	1.0
62313.0	1.0
62332.0	1.0
62354.0	1.0
62361.0	1.0
62390.0	1.0
62420.0	1.0
62435.0	1.0
62452.0	1.0
62469.0	1.0
62478.0	1.0
62479.0	1.0
62483.0	1.0
62513.0	1.0
62560.0	1.0
62569.0	1.0
62582.0	1.0
62595.0	1.0
62597.0	1.0
62603.0	1.0
62606.0	1.0
62610.0	1.0
62615.0	1.0
62638.0	1.0
62648.0	1.0
62662.0	1.0
62665.0	1.0
62683.0	1.0
62698.0	1.0
62707.0	1.0
62717.0	1.0
62723.0	1.0
62783.0	1.0
62784.0	1.0
62785.0	1.0
62795.0	1.0
62805.0	1.0
62808.0	1.0
62827.0	1.0
62830.0	1.0
62859.0	1.0
62872.0	1.0
62880.0	1.0
62884.0	1.0
62885.0	1.0
62924.0	1.0
62948.0	1.0
63020.0	1.0
63120.0	1.0
63131.0	1.0
63133.0	1.0
63143.0	1.0
63155.0	1.0
63181.0	1.0
63189.0	1.0
63191.0	1.0
63215.0	1.0
63224.0	2.0
63228.0	1.0
63246.0	1.0
63263.0	1.0
63280.0	2.0
63287.0	1.0
63292.0	1.0
63312.0	1.0
63347.0	2.0
63362.0	1.0
63378.0	1.0
63389.0	1.0
63397.0	1.0
63420.0	1.0
63440.0	1.0
63452.0	1.0
63482.0	1.0
63519.0	1.0
63520.0	1.0
63532.0	1.0
63544.0	1.0
63547.0	1.0
63561.0	1.0
63571.0	1.0
63574.0	1.0
63578.0	1.0
63582.0	1.0
63585.0	2.0
63589.0	1.0
63615.0	1.0
63618.0	1.0
63633.0	1.0
63640.0	1.0
63665.0	1.0
63667.0	1.0
63683.0	1.0
63714.0	1.0
63760.0	1.0
63761.0	1.0
63766.0	1.0
63791.0	1.0
63802.0	1.0
63804.0	1.0
63826.0	1.0
63831.0	1.0
63854.0	1.0
63856.0	1.0
63860.0	1.0
63866.0	1.0
63869.0	1.0
63875.0	1.0
63883.0	1.0
63914.0	1.0
63944.0	1.0
63953.0	2.0
63965.0	1.0
63966.0	2.0
63988.0	1.0
63990.0	1.0
63991.0	1.0
64001.0	1.0
64023.0	1.0
64065.0	1.0
64080.0	1.0
64103.0	1.0
64107.0	1.0
64130.0	1.0
64186.0	1.0
64206.0	1.0
64222.0	1.0
64242.0	1.0
64254.0	1.0
64269.0	1.0
64335.0	1.0
64364.0	1.0
64390.0	1.0
64393.0	1.0
64396.0	1.0
64411.0	1.0
64436.0	1.0
64456.0	1.0
64461.0	1.0
64462.0	1.0
64473.0	1.0
64476.0	1.0
64483.0	1.0
64504.0	1.0
64507.0	1.0
64512.0	1.0
64516.0	1.0
64529.0	1.0
64563.0	1.0
64569.0	1.0
64589.0	1.0
64596.0	1.0
64598.0	1.0
64618.0	1.0
64635.0	1.0
64636.0	1.0
64645.0	1.0
64659.0	1.0
64670.0	1.0
64676.0	1.0
64690.0	1.0
64706.0	1.0
64730.0	1.0
64737.0	1.0
64740.0	1.0
64753.0	1.0
64762.0	1.0
64769.0	1.0
64776.0	1.0
64788.0	1.0
64791.0	1.0
64805.0	1.0
64808.0	1.0
64818.0	1.0
64832.0	1.0
64834.0	2.0
64849.0	1.0
64874.0	1.0
64876.0	1.0
64879.0	1.0
64935.0	1.0
64954.0	1.0
64958.0	1.0
64966.0	1.0
64968.0	1.0
64987.0	1.0
65004.0	1.0
65045.0	1.0
65073.0	1.0
65081.0	1.0
65101.0	1.0
65125.0	1.0
65134.0	1.0
65155.0	1.0
65162.0	1.0
65166.0	1.0
65191.0	1.0
65193.0	1.0
65249.0	1.0
65290.0	1.0
65298.0	1.0
65394.0	1.0
65410.0	1.0
65480.0	1.0
65483.0	1.0
65490.0	1.0
65503.0	1.0
65543.0	1.0
65556.0	1.0
65558.0	1.0
65560.0	1.0
65594.0	1.0
65599.0	1.0
65611.0	1.0
65614.0	1.0
65630.0	1.0
65632.0	1.0
65635.0	1.0
65637.0	1.0
65657.0	1.0
65685.0	1.0
65710.0	1.0
65737.0	1.0
65769.0	1.0
65786.0	1.0
65811.0	1.0
65816.0	1.0
65843.0	1.0
65878.0	2.0
65886.0	1.0
65915.0	1.0
65927.0	1.0
65946.0	1.0
65986.0	1.0
66017.0	1.0
66077.0	1.0
66152.0	1.0
66236.0	1.0
66266.0	1.0
66376.0	1.0
66404.0	1.0
66421.0	1.0
66440.0	1.0
66450.0	1.0
66481.0	1.0
66501.0	1.0
66503.0	2.0
66505.0	1.0
66509.0	1.0
66555.0	1.0
66558.0	1.0
66561.0	1.0
66563.0	1.0
66595.0	1.0
66600.0	1.0
66602.0	1.0
66628.0	1.0
66676.0	2.0
66684.0	1.0
66702.0	1.0
66715.0	1.0
66736.0	1.0
66738.0	1.0
66747.0	1.0
66748.0	1.0
66763.0	1.0
66784.0	1.0
66802.0	1.0
66897.0	1.0
66909.0	1.0
66921.0	1.0
66960.0	1.0
66978.0	1.0
66988.0	1.0
67038.0	1.0
67067.0	1.0
67070.0	1.0
67074.0	1.0
67089.0	1.0
67103.0	1.0
67112.0	1.0
67152.0	1.0
67154.0	1.0
67157.0	1.0
67160.0	1.0
67206.0	1.0
67212.0	1.0
67213.0	1.0
67247.0	1.0
67264.0	1.0
67288.0	1.0
67314.0	1.0
67361.0	1.0
67393.0	1.0
67437.0	1.0
67500.0	1.0
67533.0	1.0
67550.0	1.0
67554.0	1.0
67654.0	1.0
67661.0	1.0
67665.0	1.0
67672.0	1.0
67692.0	1.0
67732.0	1.0
67746.0	1.0
67763.0	1.0
67764.0	1.0
67771.0	1.0
67791.0	1.0
67802.0	1.0
67834.0	1.0
67846.0	1.0
67878.0	1.0
67890.0	1.0
67900.0	1.0
67910.0	1.0
67911.0	1.0
67965.0	1.0
67978.0	1.0
68016.0	1.0
68040.0	1.0
68079.0	1.0
68116.0	1.0
68129.0	1.0
68155.0	1.0
68183.0	1.0
68185.0	1.0
68214.0	1.0
68233.0	1.0
68350.0	1.0
68401.0	1.0
68416.0	1.0
68426.0	1.0
68475.0	1.0
68487.0	1.0
68492.0	1.0
68520.0	1.0
68527.0	1.0
68542.0	1.0
68551.0	1.0
68577.0	1.0
68580.0	1.0
68616.0	1.0
68622.0	1.0
68628.0	1.0
68630.0	1.0
68650.0	1.0
68667.0	1.0
68669.0	1.0
68696.0	1.0
68700.0	1.0
68711.0	1.0
68722.0	1.0
68729.0	1.0
68731.0	1.0
68761.0	1.0
68766.0	1.0
68849.0	1.0
68872.0	1.0
68874.0	1.0
68883.0	1.0
68886.0	1.0
68891.0	1.0
68960.0	1.0
69044.0	1.0
69055.0	1.0
69096.0	1.0
69104.0	1.0
69124.0	1.0
69134.0	1.0
69138.0	1.0
69149.0	1.0
69173.0	1.0
69182.0	1.0
69216.0	1.0
69223.0	1.0
69253.0	1.0
69274.0	1.0
69278.0	1.0
69319.0	1.0
69329.0	1.0
69371.0	1.0
69388.0	1.0
69415.0	1.0
69418.0	1.0
69425.0	1.0
69432.0	1.0
69442.0	1.0
69450.0	1.0
69477.0	1.0
69582.0	1.0
69590.0	1.0
69622.0	1.0
69625.0	1.0
69638.0	1.0
69656.0	1.0
69659.0	1.0
69673.0	1.0
69683.0	1.0
69688.0	1.0
69719.0	2.0
69735.0	1.0
69758.0	1.0
69766.0	1.0
69786.0	1.0
69819.0	1.0
69822.0	1.0
69830.0	1.0
69831.0	1.0
69835.0	1.0
69852.0	1.0
69886.0	1.0
69899.0	1.0
69921.0	1.0
69938.0	1.0
69944.0	1.0
69964.0	1.0
69967.0	1.0
69983.0	1.0
70000.0	1.0
70023.0	1.0
70041.0	1.0
70048.0	1.0
70053.0	1.0
70073.0	1.0
70111.0	1.0
70128.0	1.0
70136.0	1.0
70137.0	1.0
70143.0	1.0
70184.0	1.0
70196.0	1.0
70200.0	2.0
70232.0	1.0
70297.0	1.0
70299.0	1.0
70306.0	1.0
70336.0	1.0
70341.0	1.0
70353.0	1.0
70356.0	1.0
70368.0	1.0
70378.0	1.0
70385.0	1.0
70407.0	1.0
70482.0	1.0
70485.0	1.0
70523.0	1.0
70541.0	1.0
70545.0	1.0
70562.0	1.0
70582.0	1.0
70587.0	1.0
70590.0	1.0
70611.0	1.0
70619.0	1.0
70638.0	1.0
70650.0	1.0
70665.0	1.0
70667.0	1.0
70705.0	1.0
70713.0	1.0
70715.0	1.0
70717.0	1.0
70722.0	1.0
70738.0	1.0
70749.0	1.0
70793.0	1.0
70794.0	1.0
70802.0	1.0
70836.0	1.0
70851.0	1.0
70903.0	1.0
70919.0	1.0
70927.0	1.0
70960.0	1.0
70972.0	1.0
71033.0	1.0
71090.0	1.0
71092.0	1.0
71124.0	1.0
71128.0	1.0
71130.0	1.0
71148.0	1.0
71248.0	1.0
71261.0	1.0
71284.0	1.0
71315.0	1.0
71330.0	1.0
71355.0	1.0
71386.0	1.0
71409.0	1.0
71478.0	1.0
71507.0	2.0
71541.0	1.0
71569.0	1.0
71583.0	1.0
71588.0	1.0
71633.0	1.0
71634.0	1.0
71695.0	1.0
71720.0	1.0
71746.0	1.0
71792.0	1.0
71795.0	1.0
71868.0	1.0
71890.0	1.0
71893.0	1.0
71920.0	1.0
71927.0	1.0
71945.0	1.0
71953.0	1.0
71973.0	1.0
71975.0	1.0
71992.0	1.0
72016.0	1.0
72051.0	1.0
72102.0	1.0
72286.0	1.0
72289.0	1.0
72350.0	1.0
72357.0	1.0
72358.0	1.0
72426.0	1.0
72428.0	1.0
72431.0	1.0
72434.0	1.0
72442.0	1.0
72462.0	1.0
72493.0	1.0
72511.0	1.0
72526.0	1.0
72595.0	1.0
72743.0	1.0
72757.0	1.0
72761.0	1.0
72792.0	1.0
72907.0	1.0
72920.0	1.0
72929.0	1.0
72962.0	1.0
73012.0	1.0
73025.0	1.0
73086.0	1.0
73152.0	2.0
73176.0	1.0
73182.0	1.0
73194.0	1.0
73200.0	1.0
73220.0	1.0
73242.0	1.0
73243.0	1.0
73320.0	1.0
73343.0	1.0
73370.0	1.0
73399.0	1.0
73441.0	1.0
73450.0	1.0
73465.0	1.0
73494.0	1.0
73499.0	1.0
73508.0	1.0
73527.0	1.0
73531.0	1.0
73539.0	1.0
73544.0	1.0
73572.0	1.0
73623.0	1.0
73641.0	1.0
73646.0	1.0
73659.0	1.0
73660.0	2.0
73663.0	1.0
73674.0	1.0
73706.0	1.0
73722.0	1.0
73732.0	1.0
73741.0	1.0
73759.0	1.0
73794.0	2.0
73803.0	1.0
73809.0	1.0
73822.0	1.0
73869.0	1.0
73872.0	1.0
73900.0	1.0
73920.0	1.0
73927.0	1.0
73937.0	1.0
73974.0	1.0
73989.0	1.0
74013.0	1.0
74130.0	1.0
74132.0	1.0
74135.0	1.0
74145.0	1.0
74158.0	1.0
74162.0	1.0
74210.0	1.0
74236.0	1.0
74239.0	1.0
74282.0	1.0
74288.0	1.0
74293.0	1.0
74301.0	1.0
74316.0	1.0
74369.0	1.0
74390.0	1.0
74407.0	1.0
74417.0	1.0
74435.0	1.0
74451.0	1.0
74457.0	1.0
74463.0	1.0
74505.0	1.0
74525.0	1.0
74553.0	1.0
74560.0	1.0
74563.0	1.0
74564.0	1.0
74617.0	1.0
74638.0	2.0
74646.0	1.0
74694.0	1.0
74734.0	1.0
74747.0	1.0
74751.0	1.0
74792.0	1.0
74805.0	1.0
74820.0	1.0
74825.0	1.0
74838.0	1.0
74858.0	1.0
74862.0	1.0
74864.0	1.0
74899.0	1.0
74902.0	1.0
74904.0	1.0
74951.0	2.0
74960.0	1.0
74989.0	1.0
75020.0	1.0
75048.0	1.0
75071.0	1.0
75111.0	1.0
75145.0	1.0
75146.0	1.0
75164.0	1.0
75171.0	1.0
75228.0	1.0
75260.0	1.0
75282.0	1.0
75297.0	1.0
75298.0	1.0
75351.0	2.0
75370.0	1.0
75460.0	1.0
75466.0	2.0
75468.0	1.0
75520.0	1.0
75528.0	1.0
75536.0	1.0
75553.0	1.0
75564.0	1.0
75644.0	1.0
75669.0	1.0
75710.0	1.0
75714.0	1.0
75734.0	1.0
75744.0	1.0
75754.0	1.0
75765.0	1.0
75802.0	1.0
75810.0	1.0
75821.0	1.0
75847.0	1.0
75896.0	1.0
75913.0	1.0
75932.0	1.0
75964.0	1.0
75973.0	1.0
75993.0	1.0
76022.0	1.0
76032.0	1.0
76038.0	1.0
76039.0	1.0
76059.0	1.0
76084.0	1.0
76103.0	1.0
76147.0	1.0
76150.0	1.0
76153.0	1.0
76162.0	1.0
76163.0	1.0
76172.0	1.0
76177.0	1.0
76204.0	1.0
76207.0	1.0
76208.0	2.0
76210.0	1.0
76232.0	1.0
76248.0	1.0
76250.0	1.0
76253.0	1.0
76255.0	1.0
76256.0	1.0
76259.0	1.0
76279.0	1.0
76280.0	1.0
76288.0	1.0
76300.0	1.0
76334.0	2.0
76344.0	1.0
76355.0	1.0
76373.0	1.0
76381.0	1.0
76392.0	1.0
76459.0	1.0
76496.0	1.0
76533.0	1.0
76555.0	1.0
76582.0	1.0
76586.0	1.0
76610.0	1.0
76631.0	1.0
76633.0	1.0
76653.0	1.0
76660.0	1.0
76664.0	1.0
76687.0	1.0
76690.0	1.0
76701.0	1.0
76716.0	1.0
76725.0	1.0
76731.0	1.0
76762.0	1.0
76790.0	1.0
76795.0	1.0
76800.0	1.0
76815.0	1.0
76818.0	1.0
76819.0	1.0
76826.0	1.0
76836.0	1.0
76841.0	1.0
76856.0	1.0
76873.0	1.0
76881.0	1.0
76884.0	1.0
76885.0	1.0
76920.0	1.0
76928.0	1.0
76954.0	1.0
76962.0	1.0
76967.0	1.0
77001.0	1.0
77019.0	1.0
77031.0	1.0
77060.0	1.0
77068.0	1.0
77070.0	1.0
77073.0	1.0
77089.0	1.0
77102.0	1.0
77105.0	1.0
77118.0	1.0
77127.0	1.0
77132.0	1.0
77183.0	1.0
77184.0	1.0
77187.0	2.0
77191.0	1.0
77203.0	1.0
77213.0	1.0
77214.0	1.0
77222.0	1.0
77229.0	1.0
77264.0	1.0
77272.0	1.0
77274.0	1.0
77336.0	1.0
77337.0	1.0
77342.0	1.0
77344.0	1.0
77398.0	1.0
77418.0	1.0
77494.0	1.0
77511.0	1.0
77530.0	1.0
77600.0	1.0
77648.0	1.0
77687.0	1.0
77738.0	1.0
77748.0	1.0
77749.0	1.0
77804.0	1.0
77807.0	1.0
77843.0	1.0
77844.0	1.0
77867.0	1.0
77878.0	1.0
77889.0	1.0
77895.0	1.0
77941.0	1.0
77960.0	1.0
78026.0	1.0
78048.0	1.0
78072.0	1.0
78104.0	1.0
78114.0	1.0
78173.0	1.0
78176.0	1.0
78206.0	1.0
78232.0	1.0
78295.0	1.0
78312.0	1.0
78355.0	1.0
78356.0	1.0
78387.0	1.0
78389.0	1.0
78421.0	1.0
78423.0	1.0
78430.0	1.0
78438.0	1.0
78475.0	1.0
78491.0	1.0
78506.0	1.0
78514.0	1.0
78535.0	1.0
78536.0	1.0
78540.0	1.0
78544.0	1.0
78596.0	1.0
78605.0	1.0
78612.0	1.0
78625.0	1.0
78638.0	1.0
78643.0	1.0
78677.0	1.0
78686.0	1.0
78703.0	1.0
78706.0	1.0
78708.0	1.0
78758.0	1.0
78764.0	1.0
78832.0	1.0
78844.0	1.0
78851.0	1.0
78858.0	1.0
78894.0	1.0
78907.0	1.0
79010.0	1.0
79026.0	1.0
79054.0	1.0
79084.0	1.0
79146.0	1.0
79215.0	1.0
79217.0	1.0
79224.0	1.0
79227.0	1.0
79258.0	1.0
79263.0	1.0
79304.0	1.0
79338.0	1.0
79346.0	2.0
79383.0	1.0
79385.0	1.0
79417.0	1.0
79466.0	1.0
79472.0	1.0
79506.0	1.0
79512.0	1.0
79518.0	1.0
79533.0	1.0
79539.0	1.0
79585.0	1.0
79586.0	1.0
79591.0	1.0
79592.0	1.0
79635.0	1.0
79759.0	1.0
79760.0	1.0
79777.0	1.0
79797.0	1.0
79865.0	1.0
79891.0	1.0
79934.0	1.0
80036.0	1.0
80047.0	1.0
80081.0	1.0
80109.0	1.0
80176.0	1.0
80181.0	1.0
80211.0	1.0
80231.0	1.0
80244.0	1.0
80279.0	1.0
80280.0	1.0
80282.0	1.0
80305.0	1.0
80315.0	2.0
80326.0	1.0
80329.0	1.0
80362.0	1.0
80363.0	1.0
80435.0	1.0
80476.0	1.0
80478.0	1.0
80494.0	1.0
80519.0	1.0
80522.0	1.0
80538.0	1.0
80559.0	1.0
80576.0	1.0
80581.0	1.0
80585.0	1.0
80587.0	1.0
80598.0	1.0
80635.0	2.0
80706.0	1.0
80717.0	1.0
80720.0	1.0
80722.0	1.0
80760.0	1.0
80829.0	1.0
80835.0	1.0
80845.0	1.0
80848.0	1.0
80850.0	1.0
80864.0	1.0
80873.0	1.0
80889.0	1.0
80891.0	1.0
80902.0	1.0
80914.0	1.0
80922.0	1.0
80924.0	1.0
80953.0	1.0
80962.0	1.0
80979.0	1.0
80993.0	1.0
80994.0	1.0
81008.0	1.0
81011.0	1.0
81012.0	1.0
81039.0	1.0
81060.0	1.0
81076.0	1.0
81093.0	1.0
81106.0	1.0
81114.0	1.0
81130.0	1.0
81140.0	1.0
81143.0	1.0
81171.0	1.0
81211.0	1.0
81234.0	1.0
81240.0	1.0
81269.0	1.0
81290.0	1.0
81306.0	1.0
81333.0	1.0
81336.0	1.0
81358.0	1.0
81426.0	1.0
81442.0	1.0
81473.0	1.0
81486.0	1.0
81508.0	1.0
81511.0	1.0
81512.0	1.0
81544.0	1.0
81552.0	1.0
81560.0	1.0
81577.0	1.0
81587.0	1.0
81619.0	1.0
81620.0	1.0
81625.0	1.0
81677.0	1.0
81694.0	1.0
81712.0	1.0
81743.0	1.0
81747.0	1.0
81763.0	1.0
81768.0	1.0
81796.0	1.0
81830.0	1.0
81842.0	1.0
81844.0	1.0
81853.0	1.0
81920.0	1.0
81924.0	1.0
81930.0	1.0
81983.0	1.0
82008.0	1.0
82015.0	1.0
82079.0	1.0
82090.0	1.0
82092.0	1.0
82096.0	1.0
82099.0	1.0
82121.0	1.0
82137.0	1.0
82138.0	1.0
82157.0	1.0
82169.0	1.0
82195.0	1.0
82204.0	1.0
82266.0	1.0
82285.0	1.0
82290.0	1.0
82307.0	1.0
82350.0	1.0
82363.0	1.0
82374.0	1.0
82382.0	1.0
82387.0	1.0
82419.0	1.0
82422.0	1.0
82427.0	1.0
82441.0	1.0
82459.0	1.0
82476.0	1.0
82481.0	1.0
82503.0	1.0
82553.0	1.0
82600.0	1.0
82657.0	1.0
82661.0	1.0
82665.0	1.0
82685.0	1.0
82693.0	1.0
82738.0	1.0
82743.0	1.0
82745.0	1.0
82747.0	1.0
82765.0	2.0
82783.0	1.0
82785.0	1.0
82805.0	1.0
82808.0	1.0
82828.0	1.0
82839.0	1.0
82847.0	1.0
82929.0	1.0
82949.0	1.0
82966.0	2.0
83025.0	1.0
83028.0	1.0
83041.0	2.0
83059.0	1.0
83066.0	1.0
83099.0	2.0
83109.0	1.0
83112.0	2.0
83113.0	1.0
83118.0	1.0
83135.0	1.0
83175.0	1.0
83188.0	1.0
83192.0	1.0
83193.0	1.0
83206.0	1.0
83231.0	1.0
83264.0	1.0
83278.0	1.0
83315.0	1.0
83335.0	1.0
83411.0	1.0
83416.0	1.0
83419.0	1.0
83427.0	1.0
83460.0	1.0
83467.0	1.0
83473.0	1.0
83480.0	1.0
83534.0	1.0
83540.0	1.0
83554.0	1.0
83563.0	1.0
83571.0	1.0
83581.0	1.0
83583.0	1.0
83584.0	1.0
83609.0	1.0
83622.0	1.0
83637.0	1.0
83640.0	1.0
83680.0	1.0
83695.0	1.0
83743.0	1.0
83744.0	1.0
83769.0	1.0
83786.0	1.0
83799.0	1.0
83801.0	1.0
83848.0	1.0
83882.0	1.0
83894.0	2.0
83906.0	1.0
83933.0	1.0
83964.0	1.0
83981.0	1.0
83984.0	1.0
83998.0	1.0
84017.0	1.0
84045.0	1.0
84047.0	1.0
84055.0	1.0
84069.0	1.0
84090.0	1.0
84126.0	1.0
84132.0	1.0
84134.0	1.0
84146.0	1.0
84147.0	1.0
84179.0	1.0
84188.0	1.0
84189.0	1.0
84211.0	1.0
84219.0	1.0
84230.0	1.0
84244.0	1.0
84305.0	1.0
84354.0	1.0
84385.0	1.0
84440.0	1.0
84460.0	1.0
84477.0	1.0
84480.0	1.0
84513.0	1.0
84526.0	1.0
84529.0	1.0
84544.0	1.0
84549.0	1.0
84606.0	1.0
84608.0	1.0
84638.0	1.0
84662.0	1.0
84694.0	1.0
84757.0	1.0
84797.0	1.0
84814.0	1.0
84815.0	1.0
84816.0	1.0
84819.0	1.0
84821.0	1.0
84826.0	1.0
84845.0	1.0
84852.0	1.0
84856.0	1.0
84880.0	1.0
84885.0	1.0
84887.0	1.0
84913.0	1.0
84939.0	1.0
84950.0	1.0
84970.0	1.0
84975.0	1.0
85010.0	2.0
85020.0	1.0
85026.0	1.0
85060.0	1.0
85094.0	1.0
85101.0	1.0
85106.0	1.0
85122.0	1.0
85136.0	1.0
85142.0	1.0
85178.0	1.0
85179.0	2.0
85221.0	1.0
85242.0	1.0
85252.0	1.0
85258.0	1.0
85296.0	1.0
85352.0	1.0
85402.0	1.0
85405.0	1.0
85419.0	1.0
85470.0	2.0
85477.0	1.0
85481.0	1.0
85503.0	1.0
85512.0	1.0
85543.0	1.0
85555.0	1.0
85564.0	1.0
85566.0	1.0
85586.0	1.0
85609.0	1.0
85792.0	1.0
85808.0	1.0
85817.0	1.0
85818.0	1.0
85820.0	1.0
85838.0	1.0
85849.0	1.0
85931.0	1.0
85950.0	1.0
85977.0	1.0
85979.0	1.0
85980.0	1.0
85997.0	1.0
85999.0	1.0
86005.0	1.0
86106.0	1.0
86119.0	1.0
86143.0	1.0
86172.0	1.0
86194.0	1.0
86239.0	1.0
86244.0	1.0
86285.0	1.0
86293.0	1.0
86297.0	1.0
86359.0	1.0
86382.0	1.0
86394.0	1.0
86438.0	1.0
86503.0	1.0
86535.0	1.0
86539.0	1.0
86545.0	1.0
86555.0	1.0
86621.0	1.0
86786.0	1.0
86796.0	1.0
86802.0	1.0
86822.0	1.0
86833.0	1.0
86873.0	1.0
86898.0	1.0
86908.0	1.0
86913.0	2.0
86978.0	1.0
87033.0	1.0
87085.0	1.0
87092.0	1.0
87136.0	1.0
87153.0	1.0
87157.0	1.0
87254.0	1.0
87308.0	1.0
87317.0	1.0
87329.0	1.0
87331.0	2.0
87407.0	1.0
87420.0	1.0
87422.0	1.0
87426.0	1.0
87434.0	1.0
87440.0	1.0
87464.0	1.0
87477.0	1.0
87488.0	1.0
87535.0	1.0
87551.0	1.0
87573.0	1.0
87595.0	1.0
87666.0	1.0
87682.0	1.0
87686.0	1.0
87695.0	1.0
87744.0	1.0
87811.0	1.0
87861.0	1.0
87862.0	1.0
87884.0	1.0
87900.0	1.0
87914.0	1.0
87938.0	1.0
87982.0	1.0
87991.0	1.0
88013.0	1.0
88025.0	1.0
88040.0	1.0
88067.0	1.0
88068.0	1.0
88080.0	1.0
88134.0	1.0
88211.0	1.0
88217.0	1.0
88237.0	1.0
88238.0	1.0
88245.0	1.0
88251.0	1.0
88262.0	1.0
88279.0	1.0
88306.0	1.0
88349.0	1.0
88353.0	1.0
88397.0	1.0
88436.0	1.0
88478.0	1.0
88495.0	1.0
88499.0	1.0
88582.0	1.0
88591.0	1.0
88688.0	1.0
88691.0	1.0
88703.0	2.0
88729.0	1.0
88750.0	1.0
88754.0	1.0
88758.0	1.0
88894.0	1.0
88992.0	1.0
88995.0	1.0
89003.0	1.0
89043.0	1.0
89054.0	1.0
89073.0	1.0
89118.0	1.0
89121.0	1.0
89171.0	1.0
89182.0	1.0
89209.0	1.0
89224.0	1.0
89246.0	1.0
89249.0	1.0
89275.0	1.0
89277.0	1.0
89286.0	1.0
89311.0	1.0
89357.0	1.0
89363.0	1.0
89422.0	1.0
89434.0	1.0
89461.0	1.0
89505.0	1.0
89527.0	1.0
89529.0	1.0
89533.0	1.0
89563.0	1.0
89614.0	1.0
89702.0	1.0
89706.0	1.0
89716.0	1.0
89718.0	1.0
89746.0	1.0
89792.0	1.0
89815.0	1.0
89821.0	1.0
89865.0	1.0
89892.0	1.0
89905.0	1.0
89965.0	1.0
89974.0	1.0
89976.0	1.0
90003.0	1.0
90006.0	1.0
90016.0	1.0
90043.0	1.0
90058.0	1.0
90180.0	1.0
90182.0	1.0
90183.0	1.0
90258.0	1.0
90381.0	1.0
90388.0	1.0
90397.0	1.0
90419.0	1.0
90488.0	1.0
90520.0	1.0
90537.0	1.0
90541.0	1.0
90567.0	1.0
90660.0	1.0
90661.0	1.0
90696.0	1.0
90705.0	1.0
90719.0	1.0
90727.0	1.0
90745.0	1.0
90749.0	1.0
90776.0	1.0
90794.0	1.0
90804.0	1.0
90809.0	1.0
90825.0	1.0
90837.0	1.0
90838.0	1.0
90868.0	1.0
90910.0	1.0
90917.0	1.0
90976.0	1.0
90986.0	1.0
91028.0	1.0
91081.0	1.0
91119.0	1.0
91192.0	1.0
91239.0	1.0
91320.0	1.0
91360.0	1.0
91362.0	1.0
91368.0	1.0
91371.0	1.0
91373.0	1.0
91386.0	1.0
91424.0	1.0
91431.0	1.0
91436.0	1.0
91447.0	1.0
91469.0	1.0
91507.0	1.0
91514.0	1.0
91595.0	1.0
91598.0	1.0
91609.0	1.0
91617.0	1.0
91621.0	1.0
91652.0	1.0
91675.0	1.0
91755.0	1.0
91759.0	1.0
91765.0	1.0
91811.0	1.0
91813.0	1.0
91816.0	1.0
91834.0	1.0
91899.0	1.0
91902.0	1.0
91935.0	1.0
91952.0	1.0
91986.0	1.0
92002.0	1.0
92014.0	1.0
92042.0	1.0
92075.0	1.0
92083.0	1.0
92112.0	1.0
92114.0	1.0
92120.0	1.0
92135.0	1.0
92138.0	1.0
92150.0	1.0
92159.0	1.0
92174.0	2.0
92193.0	1.0
92201.0	1.0
92207.0	1.0
92254.0	1.0
92310.0	2.0
92317.0	1.0
92351.0	1.0
92370.0	1.0
92425.0	1.0
92456.0	1.0
92458.0	1.0
92459.0	1.0
92465.0	1.0
92500.0	1.0
92542.0	1.0
92551.0	1.0
92561.0	1.0
92577.0	1.0
92609.0	1.0
92626.0	1.0
92650.0	1.0
92686.0	1.0
92730.0	1.0
92731.0	1.0
92798.0	1.0
92974.0	1.0
93005.0	1.0
93071.0	1.0
93083.0	2.0
93084.0	1.0
93100.0	1.0
93147.0	1.0
93154.0	1.0
93166.0	1.0
93180.0	1.0
93187.0	1.0
93220.0	1.0
93255.0	1.0
93334.0	1.0
93342.0	1.0
93377.0	1.0
93415.0	1.0
93422.0	1.0
93485.0	1.0
93557.0	1.0
93584.0	1.0
93595.0	1.0
93678.0	1.0
93684.0	1.0
93690.0	1.0
93695.0	1.0
93712.0	1.0
93768.0	1.0
93794.0	1.0
93818.0	1.0
93859.0	1.0
93917.0	1.0
93918.0	1.0
93921.0	1.0
93981.0	1.0
93998.0	2.0
94063.0	1.0
94161.0	1.0
94204.0	1.0
94318.0	1.0
94343.0	1.0
94357.0	1.0
94435.0	1.0
94467.0	1.0
94511.0	1.0
94572.0	1.0
94749.0	1.0
94760.0	1.0
94806.0	1.0
94823.0	1.0
94826.0	1.0
94838.0	1.0
94892.0	1.0
94910.0	1.0
94917.0	3.0
94964.0	1.0
95022.0	1.0
95147.0	1.0
95149.0	1.0
95185.0	1.0
95210.0	1.0
95217.0	1.0
95237.0	1.0
95257.0	1.0
95262.0	1.0
95339.0	1.0
95343.0	1.0
95360.0	1.0
95412.0	1.0
95418.0	1.0
95438.0	1.0
95444.0	1.0
95464.0	1.0
95581.0	1.0
95588.0	1.0
95685.0	1.0
95698.0	1.0
95756.0	1.0
95775.0	1.0
95783.0	1.0
95794.0	1.0
95803.0	1.0
95832.0	1.0
95842.0	1.0
95875.0	1.0
95877.0	1.0
95879.0	1.0
95885.0	1.0
95923.0	1.0
96015.0	1.0
96034.0	1.0
96047.0	1.0
96062.0	1.0
96065.0	1.0
96083.0	1.0
96122.0	1.0
96200.0	1.0
96289.0	1.0
96343.0	1.0
96456.0	1.0
96475.0	1.0
96496.0	2.0
96503.0	1.0
96529.0	1.0
96569.0	1.0
96595.0	1.0
96622.0	1.0
96673.0	1.0
96725.0	1.0
96765.0	1.0
96856.0	1.0
96861.0	1.0
96878.0	1.0
97009.0	1.0
97018.0	1.0
97028.0	1.0
97120.0	1.0
97227.0	1.0
97253.0	1.0
97293.0	1.0
97327.0	1.0
97397.0	1.0
97454.0	1.0
97501.0	1.0
97517.0	1.0
97526.0	1.0
97529.0	1.0
97533.0	1.0
97581.0	1.0
97588.0	1.0
97623.0	1.0
97635.0	1.0
97648.0	1.0
97670.0	1.0
97672.0	1.0
97678.0	1.0
97810.0	1.0
97851.0	1.0
97904.0	1.0
97927.0	1.0
97968.0	1.0
97993.0	1.0
98050.0	1.0
98086.0	1.0
98133.0	1.0
98233.0	1.0
98268.0	1.0
98326.0	1.0
98351.0	1.0
98384.0	1.0
98393.0	1.0
98402.0	1.0
98403.0	1.0
98501.0	1.0
98514.0	1.0
98541.0	1.0
98572.0	1.0
98575.0	1.0
98756.0	1.0
98766.0	1.0
98809.0	1.0
98871.0	1.0
98873.0	1.0
98954.0	1.0
98990.0	1.0
99005.0	1.0
99044.0	1.0
99047.0	1.0
99057.0	1.0
99168.0	1.0
99208.0	1.0
99220.0	1.0
99226.0	1.0
99250.0	1.0
99255.0	2.0
99263.0	1.0
99282.0	1.0
99283.0	1.0
99295.0	1.0
99306.0	1.0
99318.0	1.0
99370.0	1.0
99433.0	2.0
99477.0	1.0
99486.0	1.0
99550.0	1.0
99574.0	1.0
99625.0	1.0
99635.0	1.0
99653.0	1.0
99661.0	1.0
99672.0	1.0
99691.0	1.0
99746.0	1.0
99786.0	1.0
99813.0	1.0
99855.0	1.0
99868.0	1.0
99906.0	1.0
99924.0	1.0
99931.0	1.0
99960.0	1.0
100028.0	1.0
100040.0	1.0
100083.0	1.0
100132.0	1.0
100160.0	1.0
100174.0	1.0
100203.0	1.0
100205.0	1.0
100294.0	1.0
100331.0	1.0
100353.0	1.0
100364.0	1.0
100458.0	1.0
100464.0	1.0
100541.0	1.0
100545.0	1.0
100564.0	1.0
100567.0	1.0
100588.0	1.0
100590.0	1.0
100644.0	1.0
100699.0	1.0
100708.0	1.0
100724.0	1.0
100730.0	1.0
100737.0	1.0
100739.0	1.0
100782.0	1.0
100825.0	1.0
100861.0	1.0
100985.0	1.0
101053.0	1.0
101084.0	1.0
101102.0	1.0
101108.0	1.0
101113.0	1.0
101194.0	1.0
101200.0	1.0
101221.0	1.0
101224.0	1.0
101264.0	1.0
101323.0	2.0
101338.0	1.0
101447.0	1.0
101465.0	1.0
101488.0	1.0
101526.0	1.0
101560.0	1.0
101740.0	1.0
101797.0	1.0
101843.0	1.0
101853.0	1.0
101925.0	1.0
101977.0	1.0
102019.0	1.0
102059.0	1.0
102159.0	1.0
102549.0	1.0
102803.0	1.0
102846.0	1.0
102877.0	1.0
102896.0	1.0
102950.0	1.0
102976.0	1.0
103068.0	1.0
103092.0	1.0
103138.0	1.0
103142.0	1.0
103225.0	1.0
103294.0	1.0
103370.0	1.0
103439.0	1.0
103546.0	1.0
103740.0	1.0
103756.0	1.0
103854.0	1.0
103885.0	1.0
104010.0	1.0
104062.0	1.0
104065.0	1.0
104086.0	1.0
104146.0	1.0
104172.0	1.0
104177.0	1.0
104183.0	1.0
104229.0	1.0
104355.0	1.0
104582.0	1.0
104674.0	1.0
104836.0	1.0
104892.0	1.0
104895.0	1.0
105005.0	1.0
105047.0	1.0
105182.0	1.0
105261.0	1.0
105270.0	1.0
105318.0	1.0
105459.0	1.0
105562.0	1.0
105728.0	1.0
105829.0	1.0
106095.0	1.0
106133.0	1.0
106264.0	1.0
106322.0	1.0
106331.0	1.0
106491.0	1.0
106538.0	1.0
106541.0	1.0
106622.0	1.0
106625.0	1.0
106703.0	1.0
106737.0	1.0
106765.0	1.0
106817.0	1.0
106888.0	1.0
106906.0	1.0
106918.0	1.0
106931.0	1.0
106948.0	1.0
107010.0	1.0
107106.0	1.0
107164.0	1.0
107172.0	1.0
107201.0	1.0
107204.0	1.0
107277.0	1.0
107521.0	1.0
107563.0	1.0
107603.0	1.0
107636.0	1.0
107724.0	1.0
107841.0	1.0
107846.0	1.0
107847.0	1.0
107940.0	1.0
107974.0	1.0
108189.0	1.0
108330.0	1.0
108484.0	1.0
108630.0	1.0
108686.0	1.0
108903.0	1.0
108976.0	1.0
109020.0	1.0
109044.0	1.0
109048.0	1.0
109240.0	1.0
109270.0	1.0
109288.0	1.0
109316.0	1.0
109479.0	1.0
109515.0	1.0
109698.0	1.0
109834.0	1.0
109845.0	1.0
109929.0	1.0
109938.0	1.0
109939.0	1.0
110045.0	1.0
110098.0	1.0
110298.0	1.0
110321.0	1.0
110383.0	1.0
110390.0	1.0
110482.0	1.0
110563.0	1.0
110564.0	1.0
110620.0	1.0
110624.0	2.0
110752.0	1.0
110773.0	1.0
110797.0	1.0
110883.0	1.0
111036.0	1.0
111064.0	1.0
111188.0	1.0
111284.0	1.0
111408.0	1.0
111431.0	1.0
111435.0	1.0
111463.0	1.0
111520.0	1.0
111570.0	1.0
111615.0	1.0
111892.0	1.0
111912.0	1.0
111917.0	1.0
111945.0	1.0
112010.0	1.0
112035.0	1.0
112052.0	1.0
112159.0	1.0
112322.0	1.0
112397.0	1.0
112493.0	1.0
112656.0	1.0
112677.0	1.0
112690.0	1.0
112714.0	1.0
112736.0	1.0
112788.0	1.0
112789.0	1.0
112865.0	1.0
112920.0	1.0
112930.0	1.0
112961.0	1.0
112989.0	1.0
113032.0	1.0
113060.0	1.0
113092.0	1.0
113116.0	1.0
113182.0	1.0
113236.0	1.0
113267.0	1.0
113288.0	1.0
113306.0	1.0
113312.0	1.0
113319.0	1.0
113342.0	1.0
113354.0	1.0
113543.0	1.0
113560.0	1.0
113695.0	1.0
113696.0	1.0
113708.0	1.0
113745.0	1.0
113822.0	1.0
113932.0	2.0
113936.0	1.0
114058.0	1.0
114117.0	1.0
114120.0	1.0
114122.0	1.0
114150.0	1.0
114192.0	1.0
114246.0	1.0
114264.0	1.0
114273.0	1.0
114283.0	1.0
114343.0	1.0
114407.0	1.0
114417.0	1.0
114456.0	1.0
114578.0	1.0
114616.0	1.0
114625.0	1.0
114648.0	2.0
114712.0	1.0
114804.0	1.0
114806.0	1.0
114961.0	1.0
114972.0	1.0
115006.0	1.0
115070.0	1.0
115306.0	1.0
115369.0	1.0
115438.0	1.0
115453.0	1.0
115611.0	1.0
115637.0	1.0
115641.0	1.0
115650.0	1.0
115753.0	1.0
115772.0	2.0
115828.0	1.0
116021.0	1.0
116026.0	1.0
116170.0	1.0
116400.0	1.0
116414.0	1.0
116457.0	1.0
116530.0	1.0
116617.0	1.0
116664.0	1.0
116704.0	1.0
116728.0	1.0
116740.0	1.0
117017.0	1.0
117047.0	1.0
117164.0	1.0
117293.0	1.0
117302.0	1.0
117328.0	1.0
117419.0	1.0
117479.0	1.0
117547.0	1.0
117582.0	1.0
117674.0	1.0
117736.0	1.0
117801.0	1.0
117830.0	1.0
118018.0	1.0
118058.0	1.0
118113.0	1.0
118698.0	1.0
118719.0	1.0
119079.0	1.0
119312.0	1.0
119489.0	1.0
119781.0	1.0
119974.0	1.0
120122.0	1.0
120329.0	1.0
120385.0	1.0
120532.0	1.0
120706.0	1.0
120897.0	1.0
120943.0	1.0
121221.0	1.0
121261.0	1.0
121271.0	1.0
121415.0	1.0
121468.0	1.0
121487.0	1.0
121594.0	1.0
121671.0	1.0
121674.0	1.0
121762.0	1.0
121783.0	1.0
121819.0	1.0
121837.0	1.0
121879.0	1.0
121994.0	1.0
122027.0	1.0
122156.0	1.0
122168.0	1.0
122271.0	1.0
122284.0	1.0
122760.0	1.0
122788.0	1.0
123142.0	1.0
123397.0	1.0
123474.0	1.0
123478.0	1.0
123498.0	1.0
123724.0	1.0
123760.0	1.0
124169.0	1.0
124201.0	1.0
124377.0	1.0
124433.0	1.0
124600.0	1.0
124633.0	1.0
124781.0	1.0
124932.0	1.0
125114.0	1.0
125159.0	1.0
125319.0	1.0
126263.0	1.0
127379.0	1.0
127407.0	1.0
127620.0	1.0
127754.0	1.0
127852.0	1.0
127898.0	1.0
127913.0	1.0
128057.0	1.0
128129.0	1.0
128153.0	1.0
128348.0	1.0
128737.0	1.0
128805.0	1.0
128868.0	1.0
128919.0	1.0
129264.0	1.0
129376.0	1.0
129394.0	1.0
129747.0	1.0
130060.0	1.0
130514.0	1.0
131280.0	1.0
131359.0	1.0
131384.0	1.0
131416.0	1.0
131459.0	1.0
131538.0	1.0
131550.0	1.0
131687.0	1.0
131731.0	1.0
131789.0	1.0
132078.0	1.0
132168.0	1.0
132527.0	1.0
132555.0	1.0
132986.0	1.0
133012.0	1.0
133180.0	1.0
133506.0	1.0
133695.0	1.0
133878.0	1.0
134359.0	1.0
134589.0	1.0
134915.0	1.0
135327.0	1.0
135546.0	1.0
135555.0	1.0
135591.0	1.0
135656.0	1.0
135787.0	1.0
135934.0	1.0
136197.0	1.0
136492.0	1.0
137287.0	1.0
137309.0	1.0
137360.0	1.0
137609.0	1.0
137942.0	1.0
138074.0	1.0
138092.0	1.0
138215.0	1.0
138317.0	1.0
138325.0	1.0
138417.0	1.0
138442.0	1.0
138650.0	1.0
138913.0	1.0
139018.0	1.0
139110.0	1.0
139138.0	1.0
139255.0	1.0
139415.0	1.0
139420.0	1.0
139458.0	1.0
139948.0	1.0
140159.0	1.0
140252.0	1.0
140293.0	1.0
140421.0	1.0
140516.0	1.0
140760.0	1.0
141322.0	1.0
141451.0	1.0
142215.0	1.0
142404.0	1.0
142415.0	1.0
142534.0	1.0
142678.0	1.0
142758.0	1.0
142789.0	1.0
142818.0	1.0
142859.0	1.0
142879.0	1.0
142951.0	1.0
142980.0	1.0
143015.0	1.0
143091.0	1.0
143296.0	1.0
143301.0	1.0
143416.0	1.0
144039.0	1.0
145470.0	1.0
145799.0	1.0
145803.0	1.0
146213.0	1.0
146295.0	1.0
146525.0	1.0
146560.0	1.0
146614.0	1.0
147791.0	1.0
148201.0	1.0
148324.0	1.0
149508.0	1.0
149580.0	1.0
149824.0	1.0
150982.0	1.0
