#Position (bp)	insert size
3406923.0	232.91579968259566
1.0220768E7	241.10514182620025
1.7034613E7	232.2021718654773
2.3848458E7	243.73771140342203
3.0662303E7	230.40310268406796
3.7476148E7	228.74922824802775
4.4289993E7	231.9876336318983
5.1103838E7	248.3113039841054
5.7917683E7	242.53195277979293
6.4731528E7	241.69071028209135
7.1545373E7	238.1978371501272
7.8359218E7	248.45821673150866
8.5173063E7	233.3522905378174
9.1986908E7	236.49422615476905
9.8800753E7	240.88470051646655
1.05614598E8	247.86998504011967
1.12428443E8	251.57448361433472
1.19242288E8	246.48683708508202
1.26056133E8	252.2903445690331
1.300790245E8	246.24184782608697
1.33485947E8	248.08037279689952
1.39683823E8	240.40966148547605
1.46497668E8	257.5880195599022
1.53311513E8	236.1082570478663
1.60125358E8	240.42209811146938
1.66939203E8	235.7685185185185
1.73753048E8	236.92071881606765
1.80566893E8	247.30635768745873
1.87380738E8	233.88529435691623
1.94194583E8	234.3609781342994
2.01008428E8	251.98603236942958
2.07822273E8	242.0010585824005
2.14636118E8	240.26872056345331
2.21449963E8	232.50503496503495
2.28263808E8	242.85987261146497
2.35077653E8	243.6865908243193
2.41891498E8	240.46607369758576
2.48705343E8	237.40698640852645
2.52444901E8	235.8055666003976
2.558518235E8	232.40798150209815
2.62333033E8	239.93263384977448
2.69146878E8	236.07130753067173
2.75960723E8	249.41949632144878
2.82774568E8	237.8221093889186
2.89588413E8	254.90362060173382
2.96402258E8	237.40890321281097
3.03216103E8	250.6725021349274
3.10029948E8	244.6425864160097
3.16843793E8	261.59809225512527
3.23657638E8	232.9023692090893
3.30471483E8	225.9519953905871
3.37285328E8	238.21834583697702
3.44099173E8	250.96322033898306
3.50913018E8	244.47873618452667
3.57726863E8	239.23245695241621
3.64540708E8	244.2931109420841
3.704270945E8	250.52569010679025
3.73834017E8	0.0
3.78168398E8	257.49189426026
3.84982243E8	262.63940298507464
3.91796088E8	225.27150594358866
3.98609933E8	242.05001035411058
4.05423778E8	237.65924096328314
4.12237623E8	232.73643861689754
4.19051468E8	230.0802114099176
4.25865313E8	247.55439093484418
4.32679158E8	240.03857176976356
4.39493003E8	239.28003475993918
4.46306848E8	254.8847112986764
4.53120693E8	240.25969494566843
4.59934538E8	252.73032159264932
4.66748383E8	232.46709457891887
4.73562228E8	245.59963685882886
4.80376073E8	234.31780685535486
4.87189918E8	241.20221507681316
4.91962519E8	271.70176453572464
4.953694415E8	260.0
5.00817608E8	255.0028235993461
5.07631453E8	247.81528597598208
5.14445298E8	303.39340917521946
5.21259143E8	232.81452574108962
5.28072988E8	240.7748088531187
5.34886833E8	262.28683620044876
5.41700678E8	238.4469544846051
5.48514523E8	246.80843176135875
5.55328368E8	235.33133466577837
5.62142213E8	245.10368271954675
5.68956058E8	240.69139556096079
5.75769903E8	248.0851391024745
5.82583748E8	255.16348821081831
5.89397593E8	254.18420190101605
5.96211438E8	249.6301707156927
6.03025283E8	261.2620622568093
6.09839128E8	243.6584998631262
6.15738246E8	235.57023728299598
6.191451685E8	0.0
6.23466818E8	254.86203065985336
6.30280663E8	243.2491349480969
6.37094508E8	262.07760395224375
6.43908353E8	241.32418876036442
6.50722198E8	240.58942268873636
6.57536043E8	239.68338878935245
6.64349888E8	265.7312435765673
6.71163733E8	253.14245392661465
6.77977578E8	224.06106740233642
6.84791423E8	248.63795785603168
6.91605268E8	247.83528906697194
6.98419113E8	242.77417497499926
7.05232958E8	234.15553094003323
7.12046803E8	236.9493981275078
7.18860648E8	240.97029992209815
7.222708485E8	0.0
7.25677771E8	240.3540193768002
7.32488338E8	234.12561060711792
7.39302183E8	238.62112370790263
7.46116028E8	259.5344614558152
7.52929873E8	234.58069033693056
7.59743718E8	232.69267568459253
7.66557563E8	238.47842497194736
7.73371408E8	230.4607156431558
7.80185253E8	243.9865923897649
7.86999098E8	259.95054629097183
7.93812943E8	256.31381689352975
8.00626788E8	253.83391576236895
8.07440633E8	235.87529137529137
8.14254478E8	235.52409521966325
8.190716475E8	239.58966033966033
8.2247857E8	231.19247572815533
8.27882168E8	253.6603488127758
8.34696013E8	244.17550170390004
8.41509858E8	246.69918787222522
8.48323703E8	236.42253548664607
8.55137548E8	259.8992834296199
8.61951393E8	239.31946112922603
8.68765238E8	237.36333042502804
8.75579083E8	248.8694944465722
8.82392928E8	255.8437004754358
8.89206773E8	246.13401883694806
8.96020618E8	246.83800296223154
9.02834463E8	235.81049361408353
9.09648308E8	235.15047334329844
9.14262198E8	267.8007834359261
9.176691205E8	243.5471574104502
9.23275998E8	235.17976561660038
9.30089843E8	241.54845557796412
9.36903688E8	248.56646168401136
9.43717533E8	249.0095818815331
9.50531378E8	233.06527400200315
9.57345223E8	244.0471973789073
9.64159068E8	236.98694694015936
9.70972913E8	244.1649983500165
9.77786758E8	234.77066088556037
9.84600603E8	244.087275307474
9.91414448E8	237.75697453954496
9.98228293E8	223.95509849362688
1.00390351E9	236.10438879246217
1.0073104325E9	0.0
1.011855983E9	249.57253944686312
1.018669828E9	246.9182636549401
1.025483673E9	239.68667679837893
1.032297518E9	237.98200534339148
1.039111363E9	240.76843296247407
1.045925208E9	234.9178882725832
1.052739053E9	255.2358881636973
1.059552898E9	231.14917074561612
1.0652815955E9	241.26681461249572
1.068688518E9	0.0
1.073180588E9	255.93995206257097
1.079994433E9	253.03229135948098
1.086808278E9	255.2508389261745
1.093622123E9	249.19779701022816
1.100435968E9	253.25805985253723
1.107249813E9	240.80306633608257
1.114063658E9	259.37812693818483
1.120877503E9	245.42906660064372
1.127691348E9	235.40516320474777
1.134505193E9	249.27856863001176
1.141319038E9	243.61735761332818
1.148132883E9	236.09157272223248
1.154946728E9	236.37711438619996
1.161760573E9	241.63095736661361
1.168574418E9	262.5731892301858
1.175388263E9	245.10107577727865
1.182202108E9	261.933471541651
1.189015953E9	246.28263809424737
1.195829798E9	236.2548310171861
1.202643643E9	247.7214463840399
1.209457488E9	249.4713987473904
1.216271333E9	265.2740688131313
1.223085178E9	233.6233023042881
1.229899023E9	237.91067669172932
1.236712868E9	231.56924128503076
1.243526713E9	240.53433423578636
1.250340558E9	244.61943956908553
1.257154403E9	246.22319413092552
1.2618183335E9	239.95510057471265
1.265225256E9	222.35814554857777
1.270782093E9	240.52469856087126
1.277595938E9	226.2479504253108
1.284409783E9	237.22233041220383
1.291223628E9	239.12619614635202
1.298037473E9	245.1556791730777
1.304851318E9	238.19282232133597
1.311665163E9	244.50575168583896
1.318479008E9	256.2738940809969
1.325292853E9	234.23251216545012
1.332106698E9	237.63692282457149
1.338920543E9	239.24941302027747
1.345734388E9	251.7289618560755
1.352548233E9	245.38682816048447
1.359362078E9	263.9876685300888
1.366175923E9	233.09236575105172
1.372989768E9	247.6966220522626
1.379803613E9	239.2139153316307
1.386617458E9	239.2494620350446
1.393431303E9	248.29062558707497
1.400245148E9	248.93898708361658
1.407058993E9	244.77777777777777
1.413872838E9	231.15342768163362
1.420686683E9	229.60597049067826
1.427500528E9	240.75967653293554
1.434314373E9	243.62861005284503
1.441128218E9	248.80804111245465
1.444861853E9	232.08661825726142
1.4482687755E9	258.78690386071156
1.454755908E9	256.29932309724285
1.461569753E9	250.11618406824462
1.468383598E9	248.2353166496425
1.475197443E9	240.61402302801167
1.482011288E9	245.64802454516095
1.488825133E9	253.0013936203159
1.495638978E9	238.01502616917102
1.502452823E9	230.7152610441767
1.509266668E9	245.4730887898526
1.516080513E9	259.65646351462146
1.522894358E9	265.54476453337935
1.529708203E9	238.20017622556873
1.536522048E9	246.17203489347426
1.543335893E9	236.7746585326351
1.550149738E9	240.19380338479496
1.556963583E9	254.44733112895608
1.563777428E9	247.42664194915255
1.570591273E9	244.70160673297627
1.577405118E9	233.77948883334676
1.584218963E9	236.76669040413032
1.591032808E9	247.94636269037935
1.597846653E9	241.26255748142907
1.6032409105E9	246.54421630412685
1.606647833E9	0.0
1.611474343E9	242.36463315917285
1.618288188E9	246.00997202967287
1.625102033E9	251.1580663948748
1.631915878E9	259.35871463499825
1.638729723E9	247.89987469879517
1.645543568E9	246.48665168539327
1.652357413E9	230.07960414635028
1.659171258E9	248.01441922563419
1.665985103E9	233.57152179587575
1.672798948E9	259.71984290256216
1.679612793E9	258.9050488599349
1.686426638E9	251.83576051779934
1.693240483E9	237.5802541088705
1.700054328E9	256.58511016346836
1.706868173E9	239.17407174323475
1.713682018E9	240.3531397704254
1.720495863E9	238.2757113929447
1.727309708E9	228.4543057533091
1.734123553E9	228.10947038706172
1.740937398E9	231.3152720889409
1.747751243E9	271.1183979630458
1.754565088E9	243.5183396655186
1.759854186E9	261.7039689507
1.7632611085E9	221.38679245283018
1.768192778E9	240.4201602240025
1.775006623E9	262.64867638005336
1.781820468E9	243.0134690520255
1.788634313E9	238.77094632267222
1.795448158E9	240.27265699333967
1.802262003E9	252.38664215686273
1.809075848E9	251.70802438622508
1.815889693E9	238.80732630717281
1.822703538E9	254.54894941634242
1.829517383E9	236.4799885920715
1.836331228E9	239.2491186839013
1.843145073E9	262.93519055910235
1.849958918E9	244.97011494252874
1.856772763E9	236.34417383695492
1.863586608E9	236.81213784690453
1.870400453E9	234.45850468215826
1.877214298E9	255.10738853976872
1.884028143E9	241.27339746688583
1.890841988E9	241.11259738350728
1.897655833E9	245.78661995328662
1.904469678E9	251.01626687585153
1.910723823E9	225.38651759289706
1.9141307455E9	0.0
1.918097368E9	238.73496692723992
1.924911213E9	251.16043768651414
1.931725058E9	238.76830373323668
1.938538903E9	259.57024952015354
1.945352748E9	224.40843922687108
1.952166593E9	238.57379583256045
1.958980438E9	237.92944474729381
1.965794283E9	233.01388364898514
1.972608128E9	255.20688
1.979421973E9	239.38412613096838
1.986235818E9	247.99293508124657
1.993049663E9	260.77979524821325
1.999863508E9	241.1335279940675
2.006677353E9	236.3498875093742
2.013491198E9	239.48651026392963
2.020305043E9	246.37073219861014
2.027118888E9	242.8006136779371
2.033932733E9	238.22107854106065
2.040746578E9	248.70290198556907
2.047560423E9	233.89015405224382
2.054374268E9	241.46871118012422
2.060544391E9	239.71322827125118
2.0639513135E9	0.0
2.068001958E9	256.00129819550824
2.074815803E9	258.74615384615385
2.081629648E9	259.2377975866942
2.088443493E9	246.05626975763963
2.095257338E9	246.4601211348422
2.102071183E9	248.46610424826756
2.108885028E9	244.8971621694115
2.115698873E9	243.5113023522662
2.122512718E9	263.47759685569906
2.129326563E9	229.36802448787378
2.136140408E9	241.77610101632277
2.142954253E9	236.41328308326814
2.149768098E9	251.94865756005652
2.156581943E9	238.02635174702323
2.163395788E9	238.52120118004493
2.170209633E9	255.24291330436583
2.177023478E9	238.15666318719553
2.183837323E9	233.01362826292063
2.190651168E9	245.95979600289945
2.197465013E9	240.82316053511707
2.204278858E9	242.43189414091808
2.2082174155E9	249.17493472584857
2.211624338E9	251.57903331156106
2.217906548E9	243.90354279803466
2.224720393E9	236.29190281129004
2.231534238E9	233.41978246091094
2.238348083E9	247.17913925438597
2.245161928E9	232.73650984518264
2.251975773E9	251.45878693623638
2.258789618E9	242.6636888549951
2.265603463E9	257.6432811656773
2.272417308E9	244.36114775725594
2.279231153E9	256.9410061283588
2.286044998E9	232.09759562266532
2.292858843E9	232.3392000816243
2.299672688E9	232.39529607083563
2.306486533E9	255.14424227161115
2.313300378E9	239.49364376517642
2.320114223E9	239.97426846736238
2.326928068E9	227.8618427431083
2.333741913E9	242.12435709037473
2.3376495495E9	238.09299250771264
2.341056472E9	738.6721527989434
2.347369603E9	254.25105386416863
2.354183448E9	228.34262100229427
2.360997293E9	252.30874598070739
2.367811138E9	244.02245745943807
2.374624983E9	246.50210970464136
2.381438828E9	254.50909578749665
2.388252673E9	245.75273307947427
2.395066518E9	239.17301619028584
2.401880363E9	241.92635855764348
2.408694208E9	232.25377572210687
2.415508053E9	242.55897699084767
2.422321898E9	254.48414249210882
2.429135743E9	249.78607250322395
2.435949588E9	232.81856911008927
2.442763433E9	241.4937021486787
2.449577278E9	238.86264453562103
2.456391123E9	238.24463669842754
2.4612717095E9	240.17724206844866
2.462753523E9	0.0
2.4646867815E9	263.18210361067503
2.470018813E9	258.29285269062956
2.476832658E9	258.21958381207713
2.483646503E9	254.32397037572255
2.490460348E9	269.0274237157204
2.497274193E9	257.17313705054715
2.504088038E9	249.5118845500849
2.510901883E9	253.11343322818087
2.517715728E9	249.08894803193724
2.524529573E9	262.88385752178857
2.531343418E9	260.8639534883721
2.538157263E9	251.661334455904
2.544971108E9	265.316172554589
2.551784953E9	261.6697939661516
2.558598798E9	251.35148286973106
2.565412643E9	261.4503398018505
2.572226488E9	254.5347332086869
2.579040333E9	268.36066818526956
2.585854178E9	268.1660746003552
2.592668023E9	255.53111432706223
2.599481868E9	252.74989822228252
2.606295713E9	247.4308574476597
2.613109558E9	278.3251626470395
2.619923403E9	246.4135368956743
2.626737248E9	252.28735980600183
2.631968571E9	439.02817728206634
2.6353754935E9	272.17426273458443
2.640364938E9	293.6878306878307
2.647178783E9	251.4574780058651
2.653992628E9	248.12418300653596
2.660806473E9	250.0
2.667620318E9	250.49579831932772
2.674434163E9	274.5347432024169
2.681248008E9	275.87254901960785
2.688061853E9	248.50295857988166
2.694875698E9	264.63125
2.701689543E9	258.56048387096774
2.708503388E9	263.3968253968254
2.715317233E9	260.22137404580155
2.7221309125E9	394.07517475199865
