# Position (bp)	A	C	G	T	N
0.0	22.580464889389585	26.10891360506503	28.582568123340284	22.72525916774366	0.002794214461443888
1.0	26.568287685357177	18.477121781528467	23.67904381807035	31.27314421289024	0.0024025021537648385
2.0	27.91077281095276	20.74262037950307	23.385459795823877	27.96075530141261	3.917123076790497E-4
3.0	31.147674408381672	19.576928075439962	23.894590043909208	25.379614925910225	0.0011925463589339959
4.0	30.344725110665255	19.70264161205109	24.19201284677094	25.75960197851275	0.0010184519999655293
5.0	31.36502251083585	20.529850958689757	21.799851897928825	26.304290999417397	9.83633128171836E-4
6.0	22.88921253030221	21.86197746992672	20.94612798041926	34.3016026343262	0.0010793850256044927
7.0	25.661464988362226	23.183127331830725	22.58240604149208	28.572087642930384	9.139953845844495E-4
8.0	25.02112852664031	23.3610343572606	22.678514832360623	28.93894798086668	3.743028717822031E-4
9.0	31.56671953041877	19.728111616768178	22.3810572106271	26.323484902493664	6.267396922864796E-4
10.0	26.708424939608843	22.92765256476245	25.043194986639563	25.320527300476332	2.0020851281373652E-4
11.0	24.868282384183946	23.260207609264015	24.20259778379622	27.66834641608917	5.658066666475162E-4
12.0	26.0867426884504	22.66744243113023	22.353942014217765	28.891785819022125	8.704717948423328E-5
13.0	27.241388705436957	21.25871440194714	22.271012166323136	29.228797679113285	8.704717948423328E-5
14.0	26.93183152575513	21.45033135814578	22.933815505069933	28.68389104025993	1.305707692263499E-4
15.0	27.122586714876878	21.5242344135279	23.011783663733958	28.34124722765614	1.4798020512319656E-4
16.0	27.169583487080413	21.666260591574375	22.82042784907377	28.343292836374022	4.3523589742116637E-4
17.0	27.458397323891155	21.478386664093552	22.748805429794142	28.31425389729808	1.566849230716199E-4
18.0	27.03300646246965	21.702097915368032	22.88242285030244	28.3812367019112	0.0012360699486761125
19.0	27.229985524924523	21.59201805219227	23.01973107122087	28.153416823765063	0.004848527897271793
20.0	27.130325209133026	21.75091397362279	22.907309638916985	28.200613804481417	0.010837373845787044
21.0	27.392284991072874	21.586708174243732	22.893721574199493	28.11318361740745	0.01410164307644579
22.0	27.256413048615936	21.62598386162702	22.828349142406836	28.271618188786707	0.017635758563505664
23.0	27.389186111483237	21.58340908614128	22.829437232150386	28.187077968071616	0.010889602153477583
24.0	27.351945676258538	21.787019609188153	22.84699972335325	28.007697708846095	0.006337282353959156
25.0	27.62976913565243	21.677662196837982	22.772795760667712	27.918336511973614	0.0014363948682573448
26.0	27.926133034641758	21.2877121765628	22.60401781493508	28.181309919033943	8.27054826422086E-4
27.0	27.82856499586146	21.49758065056762	23.247903371243744	27.42568108711008	2.698952170997948E-4
28.0	27.106172313655296	22.385926522700025	23.7947648657965	26.71310147043932	3.482740885732403E-5
29.0	24.8357820572311	22.926711737548043	23.44778919986371	28.789699590248617	1.7415108529650224E-5
30.0	26.62588550929842	20.55432683963476	20.799443981976616	32.020326252161766	1.7416928435844004E-5
31.0	29.4981907721979	20.7739293522367	23.960985199570725	25.76685112841363	4.3547581045096655E-5
32.0	28.65910734447726	20.970986787881554	23.799330291463107	26.5705668655421	8.710635982696495E-6
33.0	32.349868819318104	19.188099872609158	21.367709984490414	27.094155790411307	1.6553317101789482E-4
34.0	25.38709805897341	21.941577382267432	22.15332034952231	30.51620889102584	0.0017953182110020062
35.0	25.193952176443503	23.21182744305028	21.07378858662883	30.52020485734944	2.2693652794793167E-4
36.0	24.023311747828814	23.045795963028038	22.82625616599611	30.104478079780115	1.5804336692428028E-4
37.0	25.363011603849962	22.492102185841503	24.25135378249528	27.89288477107133	6.476567419267788E-4
38.0	30.24530568930285	23.386042921917895	22.51574746088101	23.852207727695667	6.962002025852174E-4
39.0	22.394242327265733	26.695063275242305	29.58039967097832	21.326030256881694	0.004264469631950909
