# Position (bp)	A	C	G	T	N
0.0	22.878486724064903	24.01599052906282	27.32994209479967	25.77315753217981	0.0024231198928053007
1.0	25.05737970001481	18.75088979687553	23.15489915439008	33.0347470237054	0.002084325014175988
2.0	26.87591276680005	20.04146996616544	21.640235633311107	31.442160680541694	2.2095318171476902E-4
3.0	30.34937779952284	19.226226376698513	23.364583723837395	27.058839905941706	9.721939995449838E-4
4.0	30.210221485678883	18.997768151911497	23.7068696627378	27.084359998429758	7.807012420588506E-4
5.0	31.422724165656852	19.819183700254325	21.337684441589076	27.419847944439407	5.597480603440816E-4
6.0	22.470231530210523	21.027694492749312	20.471614255221695	36.02942124186441	0.0010384799540594145
7.0	25.130242694238287	22.719761323427072	21.67963895071691	30.469510044421167	8.469871965732813E-4
8.0	24.774353404450306	22.45357166030923	22.33799841606029	30.433767184725774	3.093344544006766E-4
9.0	31.358853965929168	19.086024217794435	22.009566241653403	27.545054747411108	5.008272118868099E-4
10.0	26.859893661125728	22.2373395115771	24.04533311159454	26.857330604217832	1.0311148480022554E-4
11.0	24.931591053664594	22.222579839038552	23.26569244480792	29.57973158165579	4.050808331437432E-4
12.0	25.839340375209435	21.659451195014235	21.810288567064852	30.69081675122668	1.0311148480022554E-4
13.0	26.63061054446031	20.889628214601807	21.766768155373097	30.71289733918604	9.574637874306659E-5
14.0	26.47693760657769	20.91581116663501	22.313936614571553	30.29318204030672	1.3257190902886144E-4
15.0	26.593004312932457	21.01426790440711	22.47428233854196	29.91827604667916	1.6939743931465625E-4
16.0	26.750300882995198	21.078285406255937	22.28587556049378	29.885133069421943	4.050808331437432E-4
17.0	26.92060423035489	20.950228307240113	22.31700786379739	29.811946010531955	2.1358807565761008E-4
18.0	26.62264149970646	21.094694862551286	22.39521792501836	29.88602424725486	0.0014214654690316807
19.0	26.728154009081322	21.125930277339698	22.5054441022698	29.635625371523567	0.004846239785610601
20.0	26.693398073597592	21.19399858751996	22.408511941451533	29.693736058314553	0.010355339116365509
21.0	26.90262600646936	21.13235264982154	22.388442027445773	29.56279920283038	0.01378011343294443
22.0	26.791589667551634	21.108533896832686	22.282148816828855	29.800566921673642	0.017160697113180395
23.0	26.905630969740685	21.087874774342357	22.371826348180825	29.624290473301603	0.010377434434536986
24.0	26.869560913424053	21.240199756086746	22.37935036699679	29.50518076287781	0.005708200614600119
25.0	27.104435770036613	21.24612423014017	22.315543922568203	29.332761750501884	0.0011343267531333013
26.0	27.324310951809515	20.89643314974233	22.190625610698334	29.58784947781863	7.808099311951761E-4
27.0	27.321423375394982	21.068382380294832	22.590874417998197	29.019076730867194	2.4309544479652356E-4
28.0	26.619186066856663	21.779583194740816	23.123589901697848	28.47758190035115	5.893635352676981E-5
29.0	24.405558679501958	22.199492565007557	22.768411832801675	30.62650008369819	3.68389906234454E-5
30.0	26.212770987155825	19.980360240584844	20.317689246568513	33.489164787765404	1.473792542034958E-5
31.0	29.138754365757542	20.338054901160753	23.331268685383325	27.19186308583403	5.8961864350566015E-5
32.0	28.525337343358988	20.27879448296625	23.097442576603168	28.098388738411362	3.685866023340525E-5
33.0	31.604848356665315	18.576348136792973	20.76084607084838	29.057868941038294	8.84946550334543E-5
34.0	25.156097176798774	21.56993462788336	21.62768429091806	31.644401725965004	0.0018821784347966522
35.0	24.789161549503792	22.901588508367052	20.934859989542574	31.374205061720268	1.8489086631724757E-4
36.0	23.72324638894055	22.57894945470499	23.195513416593943	30.50215662150756	1.3411825295775453E-4
37.0	25.79271406006584	21.375462314599947	25.066918399588662	27.764187704479248	7.175212662998505E-4
38.0	29.787206305861748	23.555206388680244	24.03706434498812	22.61989415335915	6.288071107348492E-4
39.0	23.002684048471504	27.18423169112503	28.489485097344346	21.319458875523285	0.004140287535830936
