# Position (bp)	A	C	G	T	N
0.0	21.33833488243305	27.412622643672552	27.68943744076826	23.555757077362554	0.0038479557635831847
1.0	22.767473586957255	22.175340633341783	24.505726115203036	30.55003155720423	0.0014281072937009757
2.0	26.604623338684767	23.276451026432284	22.328449603085346	27.78988098709189	5.950447057087399E-4
3.0	29.772855567972158	21.833229597206305	23.849264861935744	24.54414220140359	5.077714822047914E-4
4.0	30.112245266320194	20.612316870033112	24.26278126275627	25.011966349031802	6.902518586221382E-4
5.0	30.668516859004953	21.72351922133243	22.35346528251334	25.25311813343203	0.0013805037172442765
6.0	24.727844402949994	21.824573680220595	20.36041461128308	33.086675401922946	4.919036233858917E-4
7.0	25.622069652759677	24.021446997979627	21.830206770101306	28.525752939818368	5.236393410236911E-4
8.0	24.93960097888821	24.00231036024403	22.09446215694185	28.963483693196533	1.4281072937009757E-4
9.0	31.495240237399035	20.5746941767735	21.94132938541006	25.988498182535118	2.3801788228349594E-4
10.0	27.4590916682237	23.67883612429135	24.29046274246584	24.571545993583833	6.347143527559892E-5
11.0	25.37613370892555	23.865791236895628	23.740086059332306	27.0176399019525	3.490928940157941E-4
12.0	26.144622045454273	23.385772639765094	22.485152642851393	27.984024239741135	4.284321881102927E-4
13.0	27.054199448671245	22.545680590316085	22.260566903058095	28.138577184637214	9.758733173623335E-4
14.0	26.899130798363547	22.56450780480471	22.7895933821508	27.745205030587282	0.0015629840936616235
15.0	26.96915565933135	22.710016070174017	22.92343083735881	27.39404138099562	0.003356052140197293
16.0	27.178722470752557	22.722075642876383	22.695203423966575	27.39796074212389	0.006037720280591348
17.0	27.327182157862183	22.646782652780704	22.68580965154579	27.331648960119708	0.008576577691615305
18.0	27.061157504763333	22.764300015193477	22.789521976786116	27.377959306082666	0.007061197174410379
19.0	27.14789122106744	22.76852879956871	22.90384196564688	27.172446732589684	0.007291281127284427
20.0	27.110800101078258	22.878350250454314	22.81137995230915	27.191853123925203	0.00761657223307187
21.0	27.353570407078013	22.800058235041863	22.758865273548	27.07953248527562	0.007973599056497116
22.0	27.29324874177797	22.694045070272796	22.625845013069164	27.37743566674164	0.00942550813842644
23.0	27.377800627494477	22.673686607408147	22.724074993087566	27.2181302981293	0.006307473880512642
24.0	27.353737163963654	22.88373659982511	22.725246199662042	27.033876162623287	0.0034038739259052027
25.0	27.651966513444904	22.820811318070298	22.615898472286815	26.90995094517875	0.0013727510192279569
26.0	27.986280115706275	22.339298518818776	22.559382311592437	27.114110597700414	9.284561821056497E-4
27.0	27.830226562879446	22.54196052712193	23.34345079921261	26.284028794700465	3.333160855485891E-4
28.0	26.966614511348265	23.667979782763602	23.838541483955055	25.526673738879165	1.9048305391321243E-4
29.0	24.76467041475222	24.091932768146503	23.60576329274407	27.537506520836992	1.270035202200717E-4
30.0	26.229655395200997	21.87882142985019	20.752439661550376	31.138916792573966	1.6672082447099682E-4
31.0	28.82604775405696	22.07994054068433	23.942538542746508	25.15129846900997	1.7469350223548127E-4
32.0	28.472598330575316	21.885991613561426	23.82200481074519	25.81900812235193	3.9712276613480016E-4
33.0	32.53190362056948	20.52479234955136	21.80367056514168	25.139156710177406	4.7675456007790807E-4
34.0	25.263344254910177	22.461990017557877	21.72273956286333	30.550669531154806	0.0012566335138113566
35.0	25.06711538043101	24.27186098757464	20.758604051096558	29.90175008091784	6.694999799548518E-4
36.0	24.502729806875582	23.92734406491322	22.084035606134726	29.485328221863742	5.623002127262033E-4
37.0	27.798006982132346	22.401984758208364	23.302411268219576	26.49695402395021	6.429674895029375E-4
38.0	30.287723727424893	24.570540362590272	22.434014861957582	22.706130311021397	0.0015907370058534979
39.0	23.751025757960328	27.553019563173276	27.39327474217621	21.29918909233232	0.003490844357866919
