#Position (bp)	mapping quality
3406923.0	39.761665264529455
1.0220768E7	39.38569475151538
1.7034613E7	38.513065064996574
2.3848458E7	35.48444250375457
3.0662303E7	38.15667108194791
3.7476148E7	40.2443296579093
4.4289993E7	40.220079159367245
5.1103838E7	38.526286657124125
5.7917683E7	39.8001548801455
6.4731528E7	40.366866029103825
7.1545373E7	38.136378811620126
7.8359218E7	40.65836516264953
8.5173063E7	38.50261706248947
9.1986908E7	40.49089716340367
9.8800753E7	39.18359856112295
1.05614598E8	36.79094203751206
1.12428443E8	39.81495754466767
1.19242288E8	39.657216391271454
1.26056133E8	40.29394047247959
1.300790245E8	33.21852132440297
1.33485947E8	39.17555363697736
1.39683823E8	40.13055131439193
1.46497668E8	32.446207217750604
1.53311513E8	40.556145383987385
1.60125358E8	39.807741603874824
1.66939203E8	40.358313784089226
1.73753048E8	40.58033730019429
1.80566893E8	39.4405462196078
1.87380738E8	40.762767376486195
1.94194583E8	40.75537351620758
2.01008428E8	40.4136539828222
2.07822273E8	40.81310254804922
2.14636118E8	39.690677518852546
2.21449963E8	40.223298435631044
2.28263808E8	40.73403428466471
2.35077653E8	40.23253814861299
2.41891498E8	41.05552305300846
2.48705343E8	40.727521920451764
2.52444901E8	40.72907260292241
2.558518235E8	39.82216441152194
2.62333033E8	38.164333405125994
2.69146878E8	38.48860780808787
2.75960723E8	33.78410180028494
2.82774568E8	40.46005298957177
2.89588413E8	36.8944606221228
2.96402258E8	37.463207975034464
3.03216103E8	39.25946022757176
3.10029948E8	33.89170750703228
3.16843793E8	36.68718324939525
3.23657638E8	39.711599277902295
3.30471483E8	40.2404991228429
3.37285328E8	40.4769324863728
3.44099173E8	36.87582128062621
3.50913018E8	40.39307599363781
3.57726863E8	40.87809130207591
3.64540708E8	40.35026311865223
3.704270945E8	37.93587724478859
3.73834017E8	0.0
3.78168398E8	35.70972751572496
3.84982243E8	38.39446667243202
3.91796088E8	39.58024165843888
3.98609933E8	37.84359206651234
4.05423778E8	40.85785044936505
4.12237623E8	40.77570639874178
4.19051468E8	40.91432398765926
4.25865313E8	40.28992194580197
4.32679158E8	35.23954197386534
4.39493003E8	37.788229873488866
4.46306848E8	38.72983185385214
4.53120693E8	37.64970051015165
4.59934538E8	36.198587807939155
4.66748383E8	40.17801249696359
4.73562228E8	39.09309639941023
4.80376073E8	39.772258736941254
4.87189918E8	39.19652379338869
4.91962519E8	37.37986897667627
4.953694415E8	1.5611573871109163
5.00817608E8	33.52461031299163
5.07631453E8	38.11270319898587
5.14445298E8	38.59031235789891
5.21259143E8	40.70219999819697
5.28072988E8	39.883471547363754
5.34886833E8	30.009181043029944
5.41700678E8	39.13270226538952
5.48514523E8	39.46849740677309
5.55328368E8	40.51612605964865
5.62142213E8	29.0611372855452
5.68956058E8	39.938484674712
5.75769903E8	38.87174702159345
5.82583748E8	34.909018834772546
5.89397593E8	37.45818370796249
5.96211438E8	38.4649780854768
6.03025283E8	11.666128908350618
6.09839128E8	35.91173663480797
6.15738246E8	40.262736943605546
6.191451685E8	0.0
6.23466818E8	39.10814195965469
6.30280663E8	39.842665230227134
6.37094508E8	10.330875191317658
6.43908353E8	39.524433097512556
6.50722198E8	39.13857212048998
6.57536043E8	39.431797199755486
6.64349888E8	33.94341957626559
6.71163733E8	40.65541626628998
6.77977578E8	40.42786184436749
6.84791423E8	40.540848724363194
6.91605268E8	40.52326979346998
6.98419113E8	40.46447983957819
7.05232958E8	40.08271533371979
7.12046803E8	40.083005118090064
7.18860648E8	40.25744439067088
7.222708485E8	0.0
7.25677771E8	40.307580808030856
7.32488338E8	39.42417426755387
7.39302183E8	40.089736676237834
7.46116028E8	39.36272299434519
7.52929873E8	40.573720394976014
7.59743718E8	39.960673232475145
7.66557563E8	40.1371518412425
7.73371408E8	39.456994074340095
7.80185253E8	38.02920147869301
7.86999098E8	34.38955255945367
7.93812943E8	26.820577164366373
8.00626788E8	38.10542806670315
8.07440633E8	38.82317170263499
8.14254478E8	40.60870034874865
8.190716475E8	36.69513117511734
8.2247857E8	34.96112168039074
8.27882168E8	33.93761313636925
8.34696013E8	36.03665410526284
8.41509858E8	38.20702744002202
8.48323703E8	40.609003125408584
8.55137548E8	38.16318388509316
8.61951393E8	35.2449649140139
8.68765238E8	40.541522438132844
8.75579083E8	40.026197959063175
8.82392928E8	39.322750391103824
8.89206773E8	39.36258844713912
8.96020618E8	40.208128414444666
9.02834463E8	39.693410268187584
9.09648308E8	39.48633820025999
9.14262198E8	31.183288552828607
9.176691205E8	36.064503191355264
9.23275998E8	39.42701685480149
9.30089843E8	38.597344649264066
9.36903688E8	38.06436132995115
9.43717533E8	34.27084764896436
9.50531378E8	40.59851316800667
9.57345223E8	39.670113051845654
9.64159068E8	39.196271713239994
9.70972913E8	38.854648218524176
9.77786758E8	40.18691821011196
9.84600603E8	39.86892053755028
9.91414448E8	40.1051320326572
9.98228293E8	40.64045001762762
1.00390351E9	37.2338487918614
1.0073104325E9	0.0
1.011855983E9	40.25320098593822
1.018669828E9	39.81853672983323
1.025483673E9	38.95859327187339
1.032297518E9	40.2634698677584
1.039111363E9	39.443943332799314
1.045925208E9	40.26131059527674
1.052739053E9	40.7874104837758
1.059552898E9	40.125082820027274
1.0652815955E9	40.10339713622307
1.068688518E9	0.0
1.073180588E9	35.19793136547697
1.079994433E9	38.87229625035067
1.086808278E9	39.765253603725064
1.093622123E9	24.355654977882388
1.100435968E9	38.940045635005596
1.107249813E9	40.84913938360011
1.114063658E9	37.424398887690025
1.120877503E9	39.628300563593264
1.127691348E9	39.35908039135449
1.134505193E9	38.647175152818434
1.141319038E9	39.80420494263303
1.148132883E9	40.16880504994218
1.154946728E9	38.515563665225905
1.161760573E9	40.13631989395217
1.168574418E9	33.04715406403533
1.175388263E9	40.22621048009595
1.182202108E9	11.373856327565903
1.189015953E9	39.95484573491249
1.195829798E9	39.91224061904843
1.202643643E9	40.50406925048641
1.209457488E9	38.61552006710901
1.216271333E9	38.671738247181125
1.223085178E9	40.328163080643556
1.229899023E9	40.39578377519743
1.236712868E9	40.15795630576999
1.243526713E9	40.037545783294725
1.250340558E9	40.505719862275384
1.257154403E9	39.71414577859284
1.2618183335E9	39.51578914675715
1.265225256E9	40.657284209847184
1.270782093E9	39.646551301218985
1.277595938E9	40.020288140582
1.284409783E9	39.08854596693746
1.291223628E9	40.855905886340224
1.298037473E9	40.92537882773861
1.304851318E9	39.75119404735272
1.311665163E9	37.38357385784227
1.318479008E9	38.618325457845415
1.325292853E9	40.775246577181335
1.332106698E9	40.48444733196674
1.338920543E9	38.72326987715793
1.345734388E9	36.35083743881635
1.352548233E9	40.4203469289756
1.359362078E9	35.65534725047729
1.366175923E9	40.70983890278531
1.372989768E9	37.91506650914602
1.379803613E9	40.49005314392371
1.386617458E9	39.64685258391124
1.393431303E9	40.38457717986741
1.400245148E9	37.07500730135835
1.407058993E9	40.256578018049034
1.413872838E9	40.175107008039035
1.420686683E9	40.54486309764354
1.427500528E9	40.73872774227316
1.434314373E9	40.92917627746191
1.441128218E9	30.63613413000098
1.444861853E9	40.05891659903174
1.4482687755E9	23.04253681639902
1.454755908E9	36.329319644092834
1.461569753E9	36.91834724986152
1.468383598E9	36.92658732471529
1.475197443E9	40.40159981404334
1.482011288E9	39.942829925047945
1.488825133E9	36.91662175582739
1.495638978E9	39.85867702571671
1.502452823E9	38.31100186075082
1.509266668E9	37.1403088685497
1.516080513E9	38.69084292948672
1.522894358E9	37.390473778804406
1.529708203E9	40.312609967174865
1.536522048E9	38.52296305147715
1.543335893E9	39.5727419893874
1.550149738E9	40.59233510193391
1.556963583E9	38.97253920147582
1.563777428E9	39.40233877503763
1.570591273E9	38.52470671075442
1.577405118E9	40.33835309053868
1.584218963E9	40.258124486629555
1.591032808E9	39.57931459915471
1.597846653E9	39.18868524978293
1.6032409105E9	38.66723316595854
1.606647833E9	0.0
1.611474343E9	39.3916007483571
1.618288188E9	34.71257058246009
1.625102033E9	38.083929471478214
1.631915878E9	35.7394892946074
1.638729723E9	40.24562992534816
1.645543568E9	38.944307490613205
1.652357413E9	40.04963053883189
1.659171258E9	35.703053772621246
1.665985103E9	40.302525329458255
1.672798948E9	34.54772883904517
1.679612793E9	28.48236426740578
1.686426638E9	38.28641007482828
1.693240483E9	39.369521005382225
1.700054328E9	34.67482658087866
1.706868173E9	38.64838938693225
1.713682018E9	40.51712519449068
1.720495863E9	39.93406895895276
1.727309708E9	40.51444754051749
1.734123553E9	40.42192134085901
1.740937398E9	40.72156368931176
1.747751243E9	39.2305742926345
1.754565088E9	38.62916132218436
1.759854186E9	40.77301012711534
1.7632611085E9	1.0
1.768192778E9	36.58526948612865
1.775006623E9	9.154541184272333
1.781820468E9	37.52720271665909
1.788634313E9	39.38396780552614
1.795448158E9	40.12982606424987
1.802262003E9	38.29595216021623
1.809075848E9	37.80874389415456
1.815889693E9	39.61701445389389
1.822703538E9	37.456039226712726
1.829517383E9	40.03418747861477
1.836331228E9	40.27486916398326
1.843145073E9	9.317312521208008
1.849958918E9	39.11234698237941
1.856772763E9	39.3089492267246
1.863586608E9	38.747471113467476
1.870400453E9	39.839833496301935
1.877214298E9	40.657931347126016
1.884028143E9	40.54549393175209
1.890841988E9	39.8575645246212
1.897655833E9	40.53621169162955
1.904469678E9	40.40144088959583
1.910723823E9	40.41994704744906
1.9141307455E9	0.0
1.918097368E9	31.84174169594211
1.924911213E9	36.40250708999681
1.931725058E9	39.50064049788594
1.938538903E9	37.717469665230624
1.945352748E9	41.10486472818074
1.952166593E9	38.39302817803953
1.958980438E9	38.39596823478666
1.965794283E9	40.10169841903733
1.972608128E9	35.80533171812585
1.979421973E9	37.89236774463282
1.986235818E9	39.26043246632245
1.993049663E9	37.444783381120565
1.999863508E9	40.6935295479496
2.006677353E9	40.70547423980668
2.013491198E9	41.054825764302315
2.020305043E9	38.836439109280654
2.027118888E9	40.27529671603278
2.033932733E9	39.65504916865924
2.040746578E9	40.018103762598464
2.047560423E9	40.05960535909825
2.054374268E9	39.67785559211855
2.060544391E9	39.966462436823306
2.0639513135E9	0.0
2.068001958E9	38.85046373792286
2.074815803E9	35.308257336128555
2.081629648E9	40.16576343642966
2.088443493E9	39.29850618250784
2.095257338E9	40.217920279219435
2.102071183E9	38.96494220414078
2.108885028E9	40.03289065914982
2.115698873E9	35.932451570201486
2.122512718E9	38.70068253773316
2.129326563E9	40.07444608675425
2.136140408E9	40.502622655433576
2.142954253E9	40.34635374105187
2.149768098E9	37.269243587307095
2.156581943E9	38.899534440912845
2.163395788E9	40.821141966281914
2.170209633E9	28.45158071219332
2.177023478E9	39.74982775952867
2.183837323E9	40.69011246736346
2.190651168E9	40.71319429650253
2.197465013E9	40.043035541311674
2.204278858E9	40.47052537799333
2.2082174155E9	40.66012282291352
2.211624338E9	39.05440653499373
2.217906548E9	39.99191676619823
2.224720393E9	40.15498915199795
2.231534238E9	28.37340388935587
2.238348083E9	36.68343759163327
2.245161928E9	39.794626390923796
2.251975773E9	38.40422616902749
2.258789618E9	38.33688510947359
2.265603463E9	36.16452771972908
2.272417308E9	39.05383651774843
2.279231153E9	40.01827027642798
2.286044998E9	39.816784239946124
2.292858843E9	40.515787493367206
2.299672688E9	40.51976265139781
2.306486533E9	39.396295921621615
2.313300378E9	40.152640087907905
2.320114223E9	40.5877310306572
2.326928068E9	41.02714001150538
2.333741913E9	39.0445880850981
2.3376495495E9	36.39234032200055
2.341056472E9	11.48913275765179
2.347369603E9	35.34052356185602
2.354183448E9	39.2852353901626
2.360997293E9	40.3841509706659
2.367811138E9	40.50968439574918
2.374624983E9	36.859430704881675
2.381438828E9	40.20854507779347
2.388252673E9	39.7536033231891
2.395066518E9	40.13474938848264
2.401880363E9	40.72999505447707
2.408694208E9	40.646285057614065
2.415508053E9	38.574729183490575
2.422321898E9	38.47154521206198
2.429135743E9	35.32701504587469
2.435949588E9	40.348666658426325
2.442763433E9	40.52906494619469
2.449577278E9	40.56697947051232
2.456391123E9	39.87129306475437
2.4612717095E9	39.12564256211849
2.462753523E9	0.0
2.4646867815E9	2.727292965271594
2.470018813E9	37.00033165204173
2.476832658E9	37.55332053989385
2.483646503E9	37.916998147071055
2.490460348E9	3.8478651090251006
2.497274193E9	36.090989377175156
2.504088038E9	38.86381735566548
2.510901883E9	38.19638281193389
2.517715728E9	37.72794397478475
2.524529573E9	37.767253268254244
2.531343418E9	30.255728362045463
2.538157263E9	37.339348409452526
2.544971108E9	17.647556411547132
2.551784953E9	23.079945799457995
2.558598798E9	32.383078189731705
2.565412643E9	39.01132260084964
2.572226488E9	34.602146302337154
2.579040333E9	23.334025986433552
2.585854178E9	10.838947162681608
2.592668023E9	34.0257831475369
2.599481868E9	37.984804518522495
2.606295713E9	37.156423725009496
2.613109558E9	39.172121051229475
2.619923403E9	39.490181524894865
2.626737248E9	38.06679135134629
2.631968571E9	6.714982790991274
2.6353754935E9	1.846935674489279
2.640364938E9	1.535365706711652
2.647178783E9	1.416472778036296
2.653992628E9	1.387200507269351
2.660806473E9	1.3450785139793182
2.667620318E9	1.21571715421867
2.674434163E9	1.3751952382962556
2.681248008E9	1.0326894502228827
2.688061853E9	1.4900589906052
2.694875698E9	1.0729404504782474
2.701689543E9	1.0972701949860724
2.708503388E9	1.0096071993189832
2.715317233E9	1.1122768556216724
2.7221309125E9	12.232047459311715
