#Coverage	Number of genomic locations
0.0	2.541728391E9
1.0	7.1989672E7
2.0	3.5254967E7
3.0	2.2197286E7
4.0	1.4836053E7
5.0	1.0196562E7
6.0	7139066.0
7.0	5083346.0
8.0	3696004.0
9.0	2730485.0
10.0	2049759.0
11.0	1570429.0
12.0	1222391.0
13.0	960425.0
14.0	765618.0
15.0	614424.0
16.0	499440.0
17.0	407847.0
18.0	339397.0
19.0	281233.0
20.0	234905.0
21.0	198080.0
22.0	167973.0
23.0	142517.0
24.0	122632.0
25.0	104956.0
26.0	91387.0
27.0	80547.0
28.0	69841.0
29.0	61470.0
30.0	53870.0
31.0	48409.0
32.0	43115.0
33.0	38675.0
34.0	34834.0
35.0	31467.0
36.0	28479.0
37.0	25191.0
38.0	23128.0
39.0	21337.0
40.0	19845.0
41.0	18000.0
42.0	16439.0
43.0	15613.0
44.0	14400.0
45.0	13015.0
46.0	12140.0
47.0	11442.0
48.0	10610.0
49.0	9804.0
50.0	9407.0
51.0	8830.0
52.0	8235.0
53.0	7713.0
54.0	7150.0
55.0	6923.0
56.0	6502.0
57.0	6146.0
58.0	5599.0
59.0	5262.0
60.0	4915.0
61.0	4586.0
62.0	4397.0
63.0	4219.0
64.0	3927.0
65.0	3720.0
66.0	3607.0
67.0	3499.0
68.0	3304.0
69.0	3004.0
70.0	2944.0
71.0	2732.0
72.0	2710.0
73.0	2479.0
74.0	2340.0
75.0	2133.0
76.0	2111.0
77.0	2076.0
78.0	1909.0
79.0	1693.0
80.0	1641.0
81.0	1577.0
82.0	1457.0
83.0	1397.0
84.0	1308.0
85.0	1224.0
86.0	1186.0
87.0	1155.0
88.0	1065.0
89.0	1028.0
90.0	983.0
91.0	880.0
92.0	914.0
93.0	842.0
94.0	829.0
95.0	813.0
96.0	794.0
97.0	744.0
98.0	679.0
99.0	696.0
100.0	722.0
101.0	635.0
102.0	626.0
103.0	615.0
104.0	546.0
105.0	557.0
106.0	558.0
107.0	449.0
108.0	480.0
109.0	473.0
110.0	481.0
111.0	486.0
112.0	431.0
113.0	410.0
114.0	408.0
115.0	424.0
116.0	396.0
117.0	386.0
118.0	353.0
119.0	405.0
120.0	413.0
121.0	381.0
122.0	377.0
123.0	358.0
124.0	366.0
125.0	295.0
126.0	318.0
127.0	309.0
128.0	326.0
129.0	298.0
130.0	293.0
131.0	310.0
132.0	281.0
133.0	337.0
134.0	284.0
135.0	293.0
136.0	275.0
137.0	287.0
138.0	267.0
139.0	304.0
140.0	281.0
141.0	297.0
142.0	278.0
143.0	284.0
144.0	263.0
145.0	245.0
146.0	245.0
147.0	249.0
148.0	207.0
149.0	211.0
150.0	216.0
151.0	249.0
152.0	229.0
153.0	222.0
154.0	233.0
155.0	220.0
156.0	204.0
157.0	212.0
158.0	194.0
159.0	215.0
160.0	189.0
161.0	219.0
162.0	212.0
163.0	172.0
164.0	169.0
165.0	197.0
166.0	206.0
167.0	198.0
168.0	192.0
169.0	209.0
170.0	198.0
171.0	185.0
172.0	167.0
173.0	189.0
174.0	220.0
175.0	150.0
176.0	194.0
177.0	189.0
178.0	198.0
179.0	166.0
180.0	172.0
181.0	166.0
182.0	155.0
183.0	165.0
184.0	136.0
185.0	163.0
186.0	166.0
187.0	192.0
188.0	164.0
189.0	156.0
190.0	172.0
191.0	173.0
192.0	141.0
193.0	148.0
194.0	148.0
195.0	159.0
196.0	164.0
197.0	168.0
198.0	139.0
199.0	167.0
200.0	173.0
201.0	189.0
202.0	159.0
203.0	135.0
204.0	148.0
205.0	147.0
206.0	178.0
207.0	165.0
208.0	132.0
209.0	166.0
210.0	141.0
211.0	161.0
212.0	133.0
213.0	142.0
214.0	148.0
215.0	130.0
216.0	140.0
217.0	117.0
218.0	147.0
219.0	115.0
220.0	155.0
221.0	134.0
222.0	145.0
223.0	129.0
224.0	125.0
225.0	116.0
226.0	132.0
227.0	119.0
228.0	134.0
229.0	128.0
230.0	111.0
231.0	120.0
232.0	108.0
233.0	104.0
234.0	92.0
235.0	127.0
236.0	110.0
237.0	119.0
238.0	131.0
239.0	116.0
240.0	138.0
241.0	110.0
242.0	109.0
243.0	106.0
244.0	118.0
245.0	130.0
246.0	111.0
247.0	116.0
248.0	116.0
249.0	122.0
250.0	116.0
251.0	139.0
252.0	103.0
253.0	94.0
254.0	110.0
255.0	115.0
256.0	124.0
257.0	102.0
258.0	122.0
259.0	105.0
260.0	97.0
261.0	113.0
262.0	98.0
263.0	93.0
264.0	84.0
265.0	68.0
266.0	105.0
267.0	68.0
268.0	67.0
269.0	72.0
270.0	82.0
271.0	69.0
272.0	79.0
273.0	76.0
274.0	83.0
275.0	82.0
276.0	76.0
277.0	79.0
278.0	70.0
279.0	70.0
280.0	65.0
281.0	80.0
282.0	99.0
283.0	66.0
284.0	66.0
285.0	70.0
286.0	82.0
287.0	61.0
288.0	70.0
289.0	69.0
290.0	67.0
291.0	67.0
292.0	72.0
293.0	79.0
294.0	58.0
295.0	72.0
296.0	71.0
297.0	83.0
298.0	70.0
299.0	61.0
300.0	61.0
301.0	59.0
302.0	82.0
303.0	64.0
304.0	69.0
305.0	73.0
306.0	67.0
307.0	71.0
308.0	63.0
309.0	76.0
310.0	74.0
311.0	75.0
312.0	74.0
313.0	84.0
314.0	90.0
315.0	80.0
316.0	75.0
317.0	85.0
318.0	70.0
319.0	61.0
320.0	55.0
321.0	67.0
322.0	61.0
323.0	74.0
324.0	71.0
325.0	68.0
326.0	57.0
327.0	57.0
328.0	52.0
329.0	63.0
330.0	47.0
331.0	62.0
332.0	63.0
333.0	55.0
334.0	50.0
335.0	59.0
336.0	79.0
337.0	59.0
338.0	61.0
339.0	62.0
340.0	59.0
341.0	46.0
342.0	60.0
343.0	64.0
344.0	62.0
345.0	51.0
346.0	42.0
347.0	48.0
348.0	49.0
349.0	52.0
350.0	52.0
351.0	48.0
352.0	45.0
353.0	39.0
354.0	39.0
355.0	45.0
356.0	50.0
357.0	50.0
358.0	42.0
359.0	49.0
360.0	52.0
361.0	37.0
362.0	41.0
363.0	66.0
364.0	44.0
365.0	41.0
366.0	44.0
367.0	47.0
368.0	38.0
369.0	31.0
370.0	39.0
371.0	39.0
372.0	46.0
373.0	26.0
374.0	47.0
375.0	37.0
376.0	33.0
377.0	31.0
378.0	32.0
379.0	32.0
380.0	36.0
381.0	37.0
382.0	35.0
383.0	27.0
384.0	26.0
385.0	24.0
386.0	23.0
387.0	25.0
388.0	31.0
389.0	27.0
390.0	32.0
391.0	31.0
392.0	28.0
393.0	30.0
394.0	27.0
395.0	34.0
396.0	33.0
397.0	26.0
398.0	30.0
399.0	22.0
400.0	31.0
401.0	29.0
402.0	30.0
403.0	23.0
404.0	29.0
405.0	21.0
406.0	19.0
407.0	18.0
408.0	26.0
409.0	24.0
410.0	30.0
411.0	28.0
412.0	15.0
413.0	15.0
414.0	16.0
415.0	18.0
416.0	23.0
417.0	23.0
418.0	15.0
419.0	22.0
420.0	12.0
421.0	16.0
422.0	26.0
423.0	22.0
424.0	30.0
425.0	23.0
426.0	22.0
427.0	33.0
428.0	32.0
429.0	21.0
430.0	28.0
431.0	20.0
432.0	23.0
433.0	23.0
434.0	23.0
435.0	23.0
436.0	25.0
437.0	19.0
438.0	20.0
439.0	27.0
440.0	23.0
441.0	25.0
442.0	23.0
443.0	21.0
444.0	17.0
445.0	27.0
446.0	31.0
447.0	27.0
448.0	21.0
449.0	16.0
450.0	20.0
451.0	16.0
452.0	20.0
453.0	21.0
454.0	19.0
455.0	22.0
456.0	18.0
457.0	28.0
458.0	26.0
459.0	21.0
460.0	24.0
461.0	24.0
462.0	24.0
463.0	11.0
464.0	23.0
465.0	20.0
466.0	19.0
467.0	16.0
468.0	10.0
469.0	29.0
470.0	32.0
471.0	20.0
472.0	13.0
473.0	15.0
474.0	23.0
475.0	25.0
476.0	20.0
477.0	15.0
478.0	22.0
479.0	29.0
480.0	28.0
481.0	25.0
482.0	25.0
483.0	21.0
484.0	15.0
485.0	21.0
486.0	16.0
487.0	20.0
488.0	23.0
489.0	14.0
490.0	10.0
491.0	23.0
492.0	11.0
493.0	16.0
494.0	21.0
495.0	19.0
496.0	15.0
497.0	12.0
498.0	23.0
499.0	12.0
500.0	14.0
501.0	10.0
502.0	16.0
503.0	15.0
504.0	13.0
505.0	16.0
506.0	16.0
507.0	14.0
508.0	21.0
509.0	10.0
510.0	20.0
511.0	20.0
512.0	18.0
513.0	16.0
514.0	11.0
515.0	23.0
516.0	16.0
517.0	14.0
518.0	24.0
519.0	23.0
520.0	14.0
521.0	9.0
522.0	11.0
523.0	18.0
524.0	19.0
525.0	12.0
526.0	13.0
527.0	16.0
528.0	10.0
529.0	13.0
530.0	17.0
531.0	18.0
532.0	13.0
533.0	15.0
534.0	11.0
535.0	6.0
536.0	14.0
537.0	16.0
538.0	16.0
539.0	12.0
540.0	9.0
541.0	15.0
542.0	8.0
543.0	10.0
544.0	18.0
545.0	12.0
546.0	16.0
547.0	15.0
548.0	14.0
549.0	13.0
550.0	11.0
551.0	13.0
552.0	8.0
553.0	6.0
554.0	16.0
555.0	12.0
556.0	19.0
557.0	17.0
558.0	18.0
559.0	12.0
560.0	15.0
561.0	14.0
562.0	9.0
563.0	11.0
564.0	5.0
565.0	15.0
566.0	15.0
567.0	13.0
568.0	13.0
569.0	7.0
570.0	14.0
571.0	11.0
572.0	15.0
573.0	7.0
574.0	11.0
575.0	10.0
576.0	17.0
577.0	10.0
578.0	13.0
579.0	13.0
580.0	8.0
581.0	9.0
582.0	6.0
583.0	10.0
584.0	6.0
585.0	11.0
586.0	16.0
587.0	11.0
588.0	15.0
589.0	11.0
590.0	8.0
591.0	5.0
592.0	11.0
593.0	10.0
594.0	8.0
595.0	13.0
596.0	12.0
597.0	19.0
598.0	12.0
599.0	11.0
600.0	12.0
601.0	15.0
602.0	9.0
603.0	15.0
604.0	12.0
605.0	15.0
606.0	12.0
607.0	15.0
608.0	12.0
609.0	12.0
610.0	13.0
611.0	10.0
612.0	18.0
613.0	10.0
614.0	13.0
615.0	14.0
616.0	17.0
617.0	13.0
618.0	17.0
619.0	12.0
620.0	10.0
621.0	12.0
622.0	12.0
623.0	12.0
624.0	17.0
625.0	11.0
626.0	13.0
627.0	9.0
628.0	9.0
629.0	15.0
630.0	18.0
631.0	11.0
632.0	13.0
633.0	19.0
634.0	10.0
635.0	12.0
636.0	17.0
637.0	11.0
638.0	17.0
639.0	15.0
640.0	8.0
641.0	14.0
642.0	12.0
643.0	16.0
644.0	15.0
645.0	14.0
646.0	23.0
647.0	18.0
648.0	17.0
649.0	18.0
650.0	10.0
651.0	18.0
652.0	22.0
653.0	20.0
654.0	15.0
655.0	14.0
656.0	7.0
657.0	21.0
658.0	11.0
659.0	12.0
660.0	11.0
661.0	14.0
662.0	12.0
663.0	14.0
664.0	15.0
665.0	9.0
666.0	12.0
667.0	11.0
668.0	14.0
669.0	7.0
670.0	6.0
671.0	11.0
672.0	13.0
673.0	9.0
674.0	11.0
675.0	10.0
676.0	15.0
677.0	12.0
678.0	14.0
679.0	10.0
680.0	15.0
681.0	14.0
682.0	16.0
683.0	10.0
684.0	17.0
685.0	14.0
686.0	12.0
687.0	12.0
688.0	9.0
689.0	10.0
690.0	7.0
691.0	11.0
692.0	10.0
693.0	15.0
694.0	8.0
695.0	16.0
696.0	6.0
697.0	13.0
698.0	9.0
699.0	16.0
700.0	8.0
701.0	12.0
702.0	19.0
703.0	9.0
704.0	15.0
705.0	10.0
706.0	8.0
707.0	6.0
708.0	14.0
709.0	12.0
710.0	12.0
711.0	9.0
712.0	8.0
713.0	10.0
714.0	14.0
715.0	12.0
716.0	10.0
717.0	17.0
718.0	8.0
719.0	9.0
720.0	8.0
721.0	18.0
722.0	16.0
723.0	13.0
724.0	6.0
725.0	16.0
726.0	14.0
727.0	15.0
728.0	7.0
729.0	13.0
730.0	11.0
731.0	6.0
732.0	11.0
733.0	12.0
734.0	17.0
735.0	19.0
736.0	21.0
737.0	8.0
738.0	17.0
739.0	12.0
740.0	10.0
741.0	15.0
742.0	11.0
743.0	8.0
744.0	11.0
745.0	16.0
746.0	8.0
747.0	14.0
748.0	17.0
749.0	7.0
750.0	10.0
751.0	13.0
752.0	12.0
753.0	11.0
754.0	11.0
755.0	14.0
756.0	13.0
757.0	9.0
758.0	8.0
759.0	12.0
760.0	17.0
761.0	10.0
762.0	12.0
763.0	13.0
764.0	17.0
765.0	17.0
766.0	11.0
767.0	11.0
768.0	14.0
769.0	19.0
770.0	12.0
771.0	15.0
772.0	15.0
773.0	18.0
774.0	20.0
775.0	17.0
776.0	12.0
777.0	9.0
778.0	19.0
779.0	16.0
780.0	18.0
781.0	8.0
782.0	17.0
783.0	14.0
784.0	15.0
785.0	13.0
786.0	16.0
787.0	10.0
788.0	16.0
789.0	15.0
790.0	20.0
791.0	9.0
792.0	16.0
793.0	13.0
794.0	14.0
795.0	10.0
796.0	6.0
797.0	11.0
798.0	9.0
799.0	8.0
800.0	7.0
801.0	13.0
802.0	11.0
803.0	12.0
804.0	9.0
805.0	13.0
806.0	18.0
807.0	15.0
808.0	19.0
809.0	11.0
810.0	11.0
811.0	19.0
812.0	13.0
813.0	9.0
814.0	12.0
815.0	22.0
816.0	15.0
817.0	17.0
818.0	13.0
819.0	8.0
820.0	19.0
821.0	12.0
822.0	14.0
823.0	15.0
824.0	12.0
825.0	12.0
826.0	11.0
827.0	15.0
828.0	9.0
829.0	14.0
830.0	11.0
831.0	9.0
832.0	13.0
833.0	13.0
834.0	16.0
835.0	10.0
836.0	13.0
837.0	7.0
838.0	14.0
839.0	11.0
840.0	14.0
841.0	11.0
842.0	9.0
843.0	10.0
844.0	10.0
845.0	17.0
846.0	9.0
847.0	7.0
848.0	17.0
849.0	17.0
850.0	9.0
851.0	14.0
852.0	8.0
853.0	13.0
854.0	20.0
855.0	12.0
856.0	16.0
857.0	12.0
858.0	9.0
859.0	10.0
860.0	14.0
861.0	14.0
862.0	12.0
863.0	10.0
864.0	18.0
865.0	15.0
866.0	13.0
867.0	8.0
868.0	12.0
869.0	20.0
870.0	9.0
871.0	10.0
872.0	6.0
873.0	13.0
874.0	10.0
875.0	14.0
876.0	9.0
877.0	9.0
878.0	9.0
879.0	9.0
880.0	14.0
881.0	14.0
882.0	9.0
883.0	17.0
884.0	12.0
885.0	8.0
886.0	12.0
887.0	9.0
888.0	9.0
889.0	9.0
890.0	15.0
891.0	12.0
892.0	11.0
893.0	13.0
894.0	12.0
895.0	12.0
896.0	15.0
897.0	8.0
898.0	10.0
899.0	8.0
900.0	9.0
901.0	10.0
902.0	21.0
903.0	10.0
904.0	13.0
905.0	12.0
906.0	12.0
907.0	17.0
908.0	13.0
909.0	10.0
910.0	10.0
911.0	10.0
912.0	6.0
913.0	7.0
914.0	10.0
915.0	11.0
916.0	8.0
917.0	11.0
918.0	11.0
919.0	7.0
920.0	6.0
921.0	11.0
922.0	11.0
923.0	3.0
924.0	4.0
925.0	10.0
926.0	10.0
927.0	10.0
928.0	10.0
929.0	10.0
930.0	2.0
931.0	8.0
932.0	5.0
933.0	6.0
934.0	6.0
935.0	5.0
936.0	4.0
937.0	8.0
938.0	3.0
939.0	10.0
940.0	11.0
941.0	14.0
942.0	8.0
943.0	3.0
944.0	4.0
945.0	7.0
946.0	5.0
947.0	12.0
948.0	12.0
949.0	7.0
950.0	3.0
951.0	6.0
952.0	8.0
953.0	7.0
954.0	5.0
955.0	6.0
956.0	10.0
957.0	9.0
958.0	5.0
959.0	10.0
960.0	5.0
961.0	9.0
962.0	9.0
963.0	8.0
964.0	5.0
965.0	8.0
967.0	7.0
968.0	5.0
969.0	11.0
970.0	6.0
971.0	7.0
972.0	3.0
973.0	11.0
974.0	6.0
975.0	2.0
976.0	4.0
977.0	9.0
978.0	5.0
979.0	3.0
980.0	2.0
981.0	9.0
982.0	6.0
983.0	5.0
984.0	6.0
985.0	3.0
986.0	4.0
987.0	6.0
988.0	3.0
989.0	4.0
990.0	9.0
991.0	8.0
992.0	7.0
993.0	5.0
994.0	1.0
995.0	9.0
996.0	9.0
997.0	7.0
998.0	5.0
999.0	5.0
1000.0	6.0
1001.0	9.0
1002.0	8.0
1003.0	7.0
1004.0	7.0
1005.0	12.0
1006.0	8.0
1007.0	8.0
1008.0	6.0
1009.0	4.0
1010.0	7.0
1011.0	6.0
1012.0	5.0
1013.0	6.0
1014.0	11.0
1015.0	5.0
1016.0	22.0
1017.0	8.0
1018.0	4.0
1019.0	8.0
1020.0	3.0
1021.0	7.0
1022.0	9.0
1023.0	8.0
1024.0	6.0
1025.0	3.0
1026.0	5.0
1027.0	5.0
1028.0	5.0
1029.0	12.0
1030.0	2.0
1031.0	4.0
1032.0	5.0
1033.0	7.0
1034.0	7.0
1035.0	7.0
1036.0	6.0
1037.0	6.0
1038.0	2.0
1039.0	8.0
1040.0	7.0
1041.0	7.0
1042.0	5.0
1043.0	10.0
1044.0	5.0
1045.0	11.0
1046.0	9.0
1047.0	5.0
1048.0	4.0
1049.0	4.0
1050.0	7.0
1051.0	8.0
1052.0	4.0
1053.0	6.0
1054.0	1.0
1055.0	8.0
1056.0	7.0
1057.0	9.0
1058.0	10.0
1059.0	2.0
1060.0	6.0
1061.0	5.0
1062.0	8.0
1063.0	6.0
1064.0	3.0
1065.0	4.0
1067.0	3.0
1068.0	6.0
1069.0	4.0
1070.0	7.0
1071.0	6.0
1072.0	6.0
1073.0	6.0
1074.0	6.0
1075.0	6.0
1076.0	8.0
1077.0	4.0
1078.0	4.0
1079.0	9.0
1080.0	6.0
1081.0	9.0
1082.0	10.0
1083.0	5.0
1084.0	7.0
1085.0	9.0
1086.0	3.0
1087.0	6.0
1088.0	5.0
1089.0	7.0
1090.0	3.0
1091.0	8.0
1092.0	4.0
1093.0	3.0
1094.0	3.0
1095.0	8.0
1096.0	5.0
1097.0	4.0
1098.0	4.0
1099.0	1.0
1100.0	5.0
1101.0	5.0
1102.0	6.0
1103.0	7.0
1104.0	3.0
1105.0	3.0
1106.0	1.0
1107.0	8.0
1108.0	6.0
1109.0	5.0
1110.0	4.0
1111.0	5.0
1112.0	4.0
1113.0	3.0
1114.0	3.0
1115.0	1.0
1116.0	5.0
1117.0	6.0
1118.0	1.0
1119.0	2.0
1120.0	5.0
1121.0	1.0
1122.0	3.0
1123.0	1.0
1124.0	4.0
1125.0	1.0
1126.0	7.0
1127.0	1.0
1128.0	2.0
1129.0	5.0
1131.0	6.0
1132.0	1.0
1133.0	6.0
1135.0	3.0
1136.0	6.0
1137.0	2.0
1138.0	5.0
1139.0	2.0
1140.0	1.0
1141.0	1.0
1142.0	6.0
1143.0	3.0
1144.0	7.0
1145.0	23.0
1146.0	4.0
1147.0	3.0
1148.0	1.0
1149.0	2.0
1150.0	3.0
1151.0	1.0
1152.0	4.0
1153.0	1.0
1154.0	4.0
1155.0	4.0
1156.0	6.0
1158.0	1.0
1159.0	1.0
1160.0	4.0
1161.0	4.0
1162.0	5.0
1163.0	2.0
1164.0	2.0
1165.0	3.0
1166.0	5.0
1167.0	3.0
1168.0	3.0
1169.0	2.0
1170.0	2.0
1171.0	3.0
1172.0	1.0
1173.0	2.0
1174.0	3.0
1175.0	4.0
1176.0	2.0
1177.0	3.0
1178.0	2.0
1179.0	3.0
1180.0	2.0
1181.0	1.0
1182.0	7.0
1185.0	1.0
1188.0	4.0
1189.0	2.0
1190.0	3.0
1191.0	1.0
1192.0	5.0
1193.0	4.0
1194.0	2.0
1195.0	4.0
1197.0	3.0
1198.0	1.0
1199.0	3.0
1201.0	3.0
1202.0	4.0
1203.0	4.0
1204.0	2.0
1205.0	1.0
1206.0	2.0
1207.0	4.0
1208.0	2.0
1209.0	2.0
1210.0	5.0
1211.0	4.0
1212.0	3.0
1213.0	3.0
1214.0	2.0
1215.0	2.0
1216.0	8.0
1217.0	15.0
1218.0	8.0
1219.0	4.0
1220.0	2.0
1221.0	4.0
1222.0	3.0
1223.0	2.0
1224.0	1.0
1225.0	1.0
1227.0	2.0
1228.0	4.0
1229.0	1.0
1230.0	1.0
1231.0	1.0
1232.0	3.0
1233.0	1.0
1234.0	2.0
1235.0	2.0
1236.0	2.0
1238.0	3.0
1239.0	3.0
1241.0	2.0
1242.0	2.0
1243.0	1.0
1244.0	4.0
1245.0	1.0
1246.0	2.0
1247.0	3.0
1248.0	3.0
1249.0	3.0
1250.0	2.0
1252.0	4.0
1254.0	3.0
1255.0	4.0
1256.0	2.0
1257.0	6.0
1258.0	25.0
1260.0	2.0
1262.0	1.0
1263.0	1.0
1264.0	2.0
1266.0	2.0
1267.0	1.0
1269.0	1.0
1270.0	1.0
1271.0	2.0
1272.0	1.0
1273.0	1.0
1274.0	1.0
1276.0	2.0
1277.0	1.0
1278.0	2.0
1279.0	1.0
1281.0	2.0
1282.0	1.0
1283.0	1.0
1284.0	1.0
1286.0	3.0
1287.0	2.0
1290.0	1.0
1291.0	1.0
1292.0	2.0
1293.0	1.0
1294.0	1.0
1295.0	2.0
1296.0	3.0
1298.0	1.0
1299.0	1.0
1300.0	1.0
1301.0	1.0
1302.0	1.0
1303.0	1.0
1305.0	3.0
1309.0	1.0
1310.0	1.0
1312.0	1.0
1313.0	2.0
1314.0	2.0
1315.0	2.0
1316.0	3.0
1317.0	1.0
1320.0	1.0
1322.0	2.0
1324.0	3.0
1326.0	1.0
1327.0	1.0
1328.0	2.0
1329.0	3.0
1330.0	1.0
1331.0	1.0
1334.0	1.0
1335.0	1.0
1336.0	1.0
1337.0	4.0
1338.0	2.0
1339.0	1.0
1341.0	1.0
1343.0	3.0
1344.0	2.0
1349.0	5.0
1350.0	1.0
1351.0	2.0
1354.0	2.0
1355.0	2.0
1356.0	1.0
1357.0	2.0
1359.0	1.0
1360.0	5.0
1362.0	1.0
1364.0	3.0
1365.0	3.0
1366.0	2.0
1367.0	2.0
1368.0	1.0
1369.0	1.0
1370.0	2.0
1371.0	1.0
1375.0	1.0
1376.0	2.0
1377.0	1.0
1379.0	2.0
1380.0	1.0
1384.0	3.0
1385.0	1.0
1386.0	1.0
1387.0	1.0
1388.0	1.0
1389.0	3.0
1390.0	1.0
1391.0	2.0
1393.0	1.0
1395.0	2.0
1396.0	1.0
1397.0	2.0
1399.0	2.0
1401.0	2.0
1403.0	1.0
1404.0	4.0
1405.0	1.0
1406.0	1.0
1408.0	5.0
1409.0	1.0
1410.0	1.0
1411.0	2.0
1412.0	2.0
1413.0	1.0
1414.0	2.0
1415.0	2.0
1416.0	1.0
1420.0	1.0
1422.0	4.0
1423.0	2.0
1425.0	2.0
1427.0	1.0
1428.0	2.0
1429.0	1.0
1431.0	1.0
1432.0	1.0
1433.0	1.0
1435.0	4.0
1436.0	1.0
1438.0	2.0
1439.0	1.0
1440.0	2.0
1441.0	1.0
1442.0	2.0
1443.0	2.0
1444.0	1.0
1445.0	1.0
1446.0	1.0
1448.0	2.0
1450.0	1.0
1452.0	2.0
1453.0	3.0
1454.0	2.0
1455.0	2.0
1456.0	1.0
1457.0	2.0
1458.0	2.0
1459.0	1.0
1460.0	1.0
1463.0	1.0
1464.0	2.0
1465.0	3.0
1466.0	1.0
1469.0	2.0
1471.0	2.0
1472.0	4.0
1473.0	1.0
1476.0	2.0
1477.0	3.0
1478.0	1.0
1479.0	3.0
1481.0	1.0
1482.0	1.0
1483.0	4.0
1484.0	5.0
1485.0	1.0
1487.0	4.0
1490.0	1.0
1491.0	1.0
1492.0	1.0
1494.0	1.0
1495.0	2.0
1498.0	1.0
1499.0	1.0
1500.0	2.0
1502.0	1.0
1503.0	1.0
1504.0	3.0
1505.0	1.0
1506.0	2.0
1507.0	2.0
1509.0	6.0
1510.0	4.0
1511.0	1.0
1512.0	1.0
1514.0	1.0
1515.0	1.0
1516.0	5.0
1517.0	5.0
1518.0	1.0
1519.0	2.0
1520.0	6.0
1522.0	1.0
1523.0	3.0
1525.0	1.0
1526.0	1.0
1527.0	1.0
1528.0	1.0
1529.0	2.0
1530.0	1.0
1531.0	6.0
1532.0	1.0
1533.0	1.0
1534.0	4.0
1535.0	2.0
1536.0	3.0
1537.0	3.0
1539.0	1.0
1540.0	3.0
1541.0	1.0
1542.0	4.0
1543.0	10.0
1544.0	8.0
1545.0	3.0
1547.0	2.0
1549.0	1.0
1551.0	1.0
1552.0	1.0
1553.0	2.0
1554.0	3.0
1555.0	1.0
1558.0	1.0
1561.0	1.0
1565.0	1.0
1566.0	2.0
1567.0	1.0
1568.0	1.0
1570.0	1.0
1572.0	2.0
1576.0	1.0
1577.0	2.0
1582.0	2.0
1586.0	2.0
1588.0	4.0
1590.0	2.0
1592.0	1.0
1596.0	1.0
1598.0	1.0
1600.0	2.0
1603.0	1.0
1605.0	1.0
1607.0	1.0
1609.0	1.0
1610.0	1.0
1613.0	1.0
1615.0	1.0
1617.0	1.0
1618.0	1.0
1623.0	1.0
1624.0	1.0
1625.0	2.0
1626.0	2.0
1631.0	2.0
1632.0	2.0
1633.0	2.0
1634.0	1.0
1635.0	1.0
1636.0	2.0
1638.0	2.0
1640.0	1.0
1648.0	1.0
1649.0	1.0
1650.0	1.0
1651.0	1.0
1652.0	1.0
1653.0	2.0
1654.0	2.0
1656.0	2.0
1657.0	1.0
1658.0	3.0
1660.0	1.0
1663.0	1.0
1669.0	1.0
1670.0	1.0
1672.0	1.0
1673.0	2.0
1675.0	1.0
1678.0	1.0
1681.0	1.0
1685.0	1.0
1689.0	1.0
1691.0	2.0
1692.0	1.0
1696.0	1.0
1698.0	2.0
1700.0	3.0
1701.0	2.0
1702.0	1.0
1703.0	1.0
1709.0	1.0
1710.0	1.0
1711.0	1.0
1712.0	1.0
1714.0	1.0
1716.0	2.0
1718.0	2.0
1721.0	2.0
1725.0	2.0
1726.0	1.0
1728.0	2.0
1729.0	1.0
1731.0	1.0
1736.0	3.0
1737.0	1.0
1740.0	1.0
1741.0	2.0
1742.0	2.0
1747.0	1.0
1749.0	1.0
1752.0	1.0
1755.0	1.0
1756.0	1.0
1757.0	1.0
1758.0	2.0
1760.0	1.0
1763.0	2.0
1764.0	1.0
1765.0	1.0
1767.0	1.0
1768.0	1.0
1770.0	2.0
1771.0	1.0
1773.0	1.0
1775.0	1.0
1776.0	1.0
1779.0	1.0
1783.0	1.0
1784.0	2.0
1785.0	1.0
1786.0	2.0
1787.0	3.0
1789.0	3.0
1790.0	1.0
1792.0	1.0
1794.0	1.0
1796.0	1.0
1800.0	1.0
1801.0	2.0
1802.0	1.0
1803.0	1.0
1804.0	2.0
1805.0	2.0
1806.0	2.0
1807.0	1.0
1808.0	1.0
1809.0	1.0
1811.0	1.0
1812.0	2.0
1823.0	1.0
1825.0	2.0
1828.0	1.0
1831.0	1.0
1834.0	1.0
1835.0	3.0
1837.0	1.0
1841.0	3.0
1845.0	1.0
1849.0	1.0
1850.0	1.0
1851.0	1.0
1852.0	2.0
1854.0	1.0
1855.0	1.0
1856.0	2.0
1860.0	2.0
1863.0	3.0
1864.0	2.0
1865.0	1.0
1866.0	4.0
1867.0	1.0
1869.0	2.0
1870.0	1.0
1871.0	1.0
1873.0	1.0
1876.0	2.0
1877.0	1.0
1879.0	1.0
1881.0	1.0
1882.0	1.0
1883.0	2.0
1884.0	2.0
1885.0	1.0
1888.0	1.0
1891.0	2.0
1892.0	1.0
1893.0	2.0
1894.0	1.0
1895.0	1.0
1896.0	1.0
1897.0	1.0
1899.0	1.0
1904.0	2.0
1905.0	1.0
1906.0	1.0
1910.0	1.0
1912.0	1.0
1914.0	2.0
1916.0	3.0
1918.0	1.0
1919.0	1.0
1920.0	1.0
1922.0	1.0
1924.0	1.0
1925.0	1.0
1929.0	2.0
1930.0	2.0
1931.0	1.0
1932.0	1.0
1935.0	1.0
1936.0	1.0
1937.0	1.0
1939.0	3.0
1941.0	1.0
1942.0	1.0
1943.0	1.0
1944.0	1.0
1947.0	1.0
1950.0	1.0
1951.0	2.0
1952.0	1.0
1953.0	1.0
1954.0	1.0
1957.0	1.0
1959.0	2.0
1960.0	1.0
1961.0	2.0
1965.0	1.0
1966.0	1.0
1967.0	1.0
1969.0	1.0
1977.0	1.0
1980.0	2.0
1981.0	1.0
1982.0	1.0
1985.0	1.0
1986.0	1.0
1987.0	2.0
1988.0	1.0
1989.0	1.0
1990.0	1.0
1991.0	2.0
1992.0	2.0
1993.0	1.0
1995.0	1.0
1997.0	1.0
1999.0	1.0
2003.0	1.0
2004.0	1.0
2008.0	1.0
2009.0	1.0
2010.0	1.0
2014.0	1.0
2015.0	1.0
2016.0	1.0
2019.0	3.0
2021.0	1.0
2023.0	3.0
2024.0	2.0
2025.0	2.0
2029.0	1.0
2030.0	1.0
2031.0	1.0
2038.0	1.0
2043.0	1.0
2045.0	2.0
2046.0	2.0
2047.0	1.0
2048.0	1.0
2050.0	1.0
2053.0	2.0
2055.0	1.0
2059.0	3.0
2064.0	2.0
2065.0	2.0
2066.0	1.0
2068.0	1.0
2070.0	2.0
2071.0	1.0
2073.0	1.0
2076.0	1.0
2077.0	2.0
2078.0	1.0
2079.0	1.0
2080.0	1.0
2081.0	2.0
2083.0	1.0
2091.0	1.0
2092.0	1.0
2093.0	1.0
2095.0	2.0
2096.0	2.0
2101.0	1.0
2105.0	1.0
2106.0	1.0
2107.0	1.0
2109.0	1.0
2111.0	2.0
2112.0	1.0
2114.0	1.0
2115.0	1.0
2116.0	3.0
2119.0	2.0
2121.0	3.0
2123.0	3.0
2124.0	1.0
2126.0	2.0
2127.0	1.0
2129.0	1.0
2130.0	1.0
2131.0	1.0
2135.0	1.0
2136.0	3.0
2138.0	2.0
2140.0	1.0
2142.0	1.0
2148.0	1.0
2149.0	1.0
2150.0	1.0
2154.0	1.0
2157.0	1.0
2159.0	1.0
2161.0	1.0
2163.0	2.0
2167.0	1.0
2169.0	1.0
2170.0	1.0
2173.0	1.0
2178.0	1.0
2179.0	1.0
2180.0	1.0
2182.0	2.0
2185.0	3.0
2187.0	2.0
2188.0	2.0
2192.0	1.0
2194.0	2.0
2196.0	2.0
2204.0	1.0
2205.0	1.0
2208.0	1.0
2212.0	2.0
2220.0	1.0
2221.0	1.0
2223.0	2.0
2226.0	1.0
2228.0	1.0
2235.0	1.0
2241.0	1.0
2242.0	1.0
2243.0	1.0
2244.0	2.0
2253.0	2.0
2254.0	1.0
2257.0	1.0
2265.0	1.0
2267.0	1.0
2270.0	1.0
2272.0	3.0
2275.0	1.0
2276.0	1.0
2280.0	1.0
2281.0	1.0
2286.0	1.0
2289.0	1.0
2290.0	4.0
2296.0	1.0
2297.0	1.0
2298.0	2.0
2300.0	1.0
2301.0	1.0
2303.0	1.0
2304.0	2.0
2306.0	1.0
2308.0	1.0
2311.0	1.0
2312.0	1.0
2313.0	4.0
2315.0	1.0
2318.0	2.0
2319.0	1.0
2321.0	1.0
2322.0	1.0
2323.0	2.0
2324.0	1.0
2325.0	1.0
2326.0	2.0
2327.0	1.0
2328.0	1.0
2329.0	1.0
2330.0	2.0
2332.0	2.0
2334.0	3.0
2335.0	1.0
2336.0	2.0
2340.0	1.0
2342.0	2.0
2345.0	2.0
2346.0	2.0
2347.0	1.0
2349.0	1.0
2352.0	2.0
2353.0	1.0
2355.0	1.0
2359.0	1.0
2362.0	1.0
2365.0	1.0
2366.0	1.0
2368.0	1.0
2369.0	1.0
2371.0	2.0
2372.0	1.0
2373.0	1.0
2374.0	2.0
2376.0	1.0
2383.0	1.0
2384.0	1.0
2386.0	1.0
2391.0	1.0
2393.0	1.0
2395.0	1.0
2397.0	2.0
2398.0	1.0
2399.0	2.0
2400.0	1.0
2401.0	4.0
2406.0	1.0
2407.0	2.0
2409.0	2.0
2411.0	2.0
2412.0	1.0
2415.0	1.0
2417.0	1.0
2418.0	2.0
2419.0	1.0
2421.0	1.0
2422.0	1.0
2431.0	1.0
2433.0	3.0
2438.0	1.0
2440.0	2.0
2441.0	1.0
2444.0	1.0
2447.0	1.0
2455.0	1.0
2461.0	1.0
2462.0	1.0
2466.0	1.0
2468.0	1.0
2473.0	1.0
2476.0	1.0
2478.0	1.0
2481.0	1.0
2484.0	1.0
2488.0	1.0
2505.0	1.0
2508.0	2.0
2511.0	1.0
2513.0	1.0
2518.0	1.0
2519.0	1.0
2520.0	1.0
2526.0	1.0
2528.0	1.0
2534.0	1.0
2541.0	1.0
2543.0	3.0
2547.0	1.0
2549.0	1.0
2552.0	1.0
2554.0	1.0
2556.0	1.0
2563.0	2.0
2564.0	1.0
2567.0	1.0
2569.0	1.0
2570.0	1.0
2571.0	3.0
2572.0	1.0
2575.0	1.0
2576.0	1.0
2578.0	1.0
2582.0	1.0
2584.0	1.0
2586.0	1.0
2599.0	1.0
2600.0	1.0
2601.0	1.0
2604.0	1.0
2607.0	1.0
2608.0	1.0
2611.0	2.0
2613.0	1.0
2616.0	1.0
2619.0	1.0
2621.0	1.0
2622.0	1.0
2625.0	1.0
2630.0	1.0
2631.0	1.0
2632.0	1.0
2633.0	1.0
2634.0	2.0
2635.0	2.0
2642.0	1.0
2645.0	2.0
2648.0	2.0
2652.0	2.0
2653.0	1.0
2657.0	1.0
2665.0	1.0
2668.0	1.0
2669.0	1.0
2671.0	1.0
2672.0	1.0
2675.0	2.0
2680.0	1.0
2682.0	1.0
2684.0	1.0
2685.0	1.0
2689.0	1.0
2691.0	1.0
2693.0	1.0
2694.0	1.0
2695.0	1.0
2696.0	1.0
2699.0	2.0
2712.0	1.0
2717.0	3.0
2718.0	2.0
2720.0	2.0
2721.0	2.0
2723.0	1.0
2724.0	1.0
2727.0	1.0
2730.0	1.0
2731.0	1.0
2732.0	1.0
2738.0	1.0
2741.0	1.0
2743.0	1.0
2747.0	1.0
2748.0	2.0
2751.0	1.0
2756.0	1.0
2768.0	1.0
2771.0	1.0
2772.0	1.0
2773.0	2.0
2774.0	2.0
2775.0	1.0
2776.0	2.0
2778.0	1.0
2782.0	1.0
2784.0	1.0
2787.0	2.0
2792.0	1.0
2793.0	1.0
2794.0	1.0
2796.0	1.0
2798.0	2.0
2799.0	1.0
2803.0	1.0
2804.0	1.0
2805.0	1.0
2806.0	1.0
2807.0	1.0
2813.0	2.0
2815.0	1.0
2816.0	1.0
2818.0	1.0
2819.0	1.0
2822.0	1.0
2825.0	2.0
2827.0	1.0
2828.0	1.0
2829.0	1.0
2831.0	1.0
2835.0	1.0
2846.0	1.0
2853.0	1.0
2856.0	1.0
2862.0	1.0
2866.0	1.0
2876.0	1.0
2886.0	1.0
2893.0	1.0
2899.0	1.0
2900.0	1.0
2901.0	1.0
2903.0	2.0
2904.0	3.0
2907.0	1.0
2913.0	1.0
2915.0	1.0
2922.0	1.0
2924.0	1.0
2931.0	3.0
2935.0	1.0
2940.0	1.0
2942.0	1.0
2943.0	1.0
2944.0	2.0
2945.0	1.0
2952.0	1.0
2953.0	1.0
2957.0	1.0
2958.0	1.0
2963.0	2.0
2964.0	1.0
2966.0	2.0
2970.0	1.0
2973.0	1.0
2974.0	1.0
2975.0	1.0
2976.0	1.0
2979.0	1.0
2982.0	1.0
2983.0	1.0
2984.0	1.0
2985.0	1.0
2986.0	1.0
2993.0	1.0
2994.0	1.0
2995.0	1.0
3002.0	1.0
3003.0	1.0
3004.0	2.0
3005.0	2.0
3007.0	2.0
3010.0	1.0
3015.0	1.0
3018.0	1.0
3019.0	1.0
3024.0	1.0
3025.0	1.0
3029.0	2.0
3031.0	1.0
3032.0	1.0
3036.0	1.0
3037.0	1.0
3044.0	1.0
3045.0	1.0
3050.0	1.0
3054.0	1.0
3057.0	1.0
3060.0	1.0
3061.0	1.0
3063.0	1.0
3064.0	2.0
3066.0	3.0
3067.0	1.0
3068.0	1.0
3069.0	1.0
3073.0	2.0
3074.0	1.0
3075.0	1.0
3078.0	3.0
3079.0	2.0
3082.0	2.0
3086.0	1.0
3088.0	1.0
3090.0	1.0
3093.0	1.0
3098.0	1.0
3099.0	2.0
3105.0	1.0
3106.0	1.0
3113.0	1.0
3114.0	1.0
3115.0	1.0
3119.0	1.0
3120.0	1.0
3123.0	1.0
3130.0	1.0
3134.0	2.0
3136.0	1.0
3138.0	1.0
3140.0	1.0
3144.0	1.0
3146.0	1.0
3150.0	1.0
3152.0	1.0
3154.0	1.0
3155.0	1.0
3159.0	1.0
3162.0	4.0
3165.0	1.0
3167.0	1.0
3169.0	1.0
3170.0	1.0
3173.0	1.0
3174.0	1.0
3176.0	2.0
3177.0	1.0
3178.0	1.0
3189.0	1.0
3193.0	1.0
3197.0	1.0
3200.0	1.0
3204.0	1.0
3206.0	1.0
3210.0	1.0
3211.0	1.0
3213.0	2.0
3215.0	1.0
3216.0	2.0
3218.0	1.0
3221.0	1.0
3223.0	2.0
3227.0	1.0
3228.0	2.0
3229.0	1.0
3231.0	1.0
3233.0	1.0
3236.0	2.0
3239.0	1.0
3243.0	1.0
3246.0	1.0
3248.0	1.0
3249.0	1.0
3251.0	1.0
3253.0	1.0
3271.0	2.0
3278.0	2.0
3283.0	1.0
3298.0	1.0
3307.0	2.0
3310.0	1.0
3314.0	1.0
3317.0	1.0
3321.0	1.0
3327.0	2.0
3330.0	1.0
3337.0	1.0
3348.0	1.0
3349.0	1.0
3350.0	1.0
3352.0	1.0
3354.0	1.0
3355.0	1.0
3356.0	1.0
3361.0	1.0
3362.0	1.0
3363.0	1.0
3364.0	1.0
3372.0	1.0
3377.0	1.0
3388.0	2.0
3392.0	1.0
3396.0	1.0
3400.0	1.0
3411.0	1.0
3426.0	2.0
3433.0	1.0
3434.0	1.0
3440.0	1.0
3443.0	1.0
3451.0	1.0
3452.0	1.0
3453.0	1.0
3458.0	1.0
3460.0	1.0
3464.0	1.0
3471.0	1.0
3473.0	1.0
3474.0	2.0
3475.0	2.0
3481.0	1.0
3491.0	1.0
3497.0	1.0
3500.0	1.0
3501.0	1.0
3508.0	1.0
3516.0	1.0
3518.0	1.0
3526.0	1.0
3527.0	1.0
3529.0	1.0
3536.0	1.0
3549.0	1.0
3550.0	1.0
3552.0	1.0
3554.0	1.0
3555.0	1.0
3564.0	1.0
3566.0	1.0
3571.0	1.0
3576.0	1.0
3577.0	1.0
3583.0	2.0
3595.0	1.0
3598.0	1.0
3607.0	2.0
3609.0	1.0
3613.0	1.0
3618.0	1.0
3620.0	1.0
3628.0	1.0
3638.0	1.0
3649.0	1.0
3653.0	1.0
3655.0	1.0
3660.0	1.0
3662.0	2.0
3663.0	1.0
3664.0	1.0
3666.0	1.0
3667.0	1.0
3668.0	1.0
3669.0	1.0
3671.0	1.0
3677.0	1.0
3680.0	1.0
3681.0	1.0
3691.0	1.0
3698.0	1.0
3699.0	2.0
3710.0	1.0
3719.0	1.0
3722.0	2.0
3723.0	1.0
3725.0	1.0
3735.0	1.0
3743.0	1.0
3745.0	1.0
3760.0	2.0
3765.0	1.0
3773.0	1.0
3774.0	1.0
3779.0	1.0
3782.0	1.0
3794.0	2.0
3795.0	1.0
3797.0	1.0
3803.0	1.0
3804.0	1.0
3809.0	1.0
3811.0	1.0
3820.0	1.0
3824.0	1.0
3827.0	1.0
3829.0	2.0
3832.0	1.0
3835.0	1.0
3849.0	1.0
3852.0	1.0
3853.0	1.0
3861.0	1.0
3870.0	1.0
3883.0	1.0
3886.0	1.0
3889.0	1.0
3890.0	6.0
3891.0	5.0
3892.0	1.0
3893.0	1.0
3897.0	1.0
3899.0	2.0
3900.0	4.0
3901.0	1.0
3906.0	1.0
3910.0	1.0
3913.0	1.0
3914.0	1.0
3921.0	1.0
3926.0	1.0
3936.0	1.0
3937.0	1.0
3940.0	1.0
3943.0	1.0
3944.0	1.0
3947.0	1.0
3951.0	2.0
3952.0	1.0
3955.0	1.0
3957.0	1.0
3964.0	1.0
3974.0	1.0
3976.0	1.0
3979.0	1.0
3981.0	1.0
3982.0	1.0
3984.0	1.0
3990.0	1.0
3991.0	1.0
3992.0	1.0
3996.0	1.0
3999.0	1.0
4000.0	2.0
4001.0	1.0
4010.0	2.0
4011.0	2.0
4012.0	1.0
4021.0	1.0
4022.0	2.0
4024.0	2.0
4026.0	1.0
4029.0	2.0
4032.0	1.0
4041.0	1.0
4046.0	1.0
4047.0	1.0
4054.0	1.0
4056.0	1.0
4061.0	1.0
4062.0	1.0
4065.0	1.0
4068.0	1.0
4071.0	1.0
4072.0	1.0
4074.0	1.0
4075.0	2.0
4081.0	1.0
4084.0	1.0
4089.0	1.0
4092.0	1.0
4095.0	2.0
4097.0	1.0
4102.0	1.0
4108.0	2.0
4116.0	1.0
4136.0	1.0
4143.0	1.0
4147.0	1.0
4152.0	1.0
4177.0	1.0
4193.0	1.0
4207.0	1.0
4215.0	1.0
4228.0	1.0
4231.0	1.0
4232.0	1.0
4233.0	1.0
4235.0	1.0
4244.0	1.0
4251.0	1.0
4253.0	1.0
4255.0	1.0
4271.0	1.0
4279.0	1.0
4289.0	1.0
4292.0	1.0
4303.0	2.0
4310.0	1.0
4311.0	1.0
4312.0	2.0
4313.0	1.0
4332.0	3.0
4333.0	1.0
4334.0	1.0
4342.0	1.0
4345.0	1.0
4350.0	1.0
4357.0	1.0
4359.0	1.0
4364.0	1.0
4365.0	1.0
4378.0	1.0
4386.0	1.0
4391.0	1.0
4392.0	1.0
4397.0	1.0
4399.0	1.0
4402.0	1.0
4408.0	1.0
4410.0	1.0
4411.0	1.0
4413.0	1.0
4416.0	1.0
4419.0	1.0
4429.0	1.0
4430.0	1.0
4434.0	2.0
4435.0	1.0
4437.0	1.0
4438.0	1.0
4447.0	2.0
4461.0	1.0
4464.0	1.0
4466.0	1.0
4468.0	1.0
4469.0	1.0
4490.0	1.0
4491.0	1.0
4498.0	1.0
4500.0	1.0
4514.0	1.0
4522.0	1.0
4524.0	1.0
4531.0	1.0
4534.0	1.0
4535.0	1.0
4548.0	1.0
4549.0	1.0
4552.0	1.0
4557.0	1.0
4571.0	1.0
4596.0	1.0
4610.0	1.0
4616.0	1.0
4622.0	3.0
4633.0	1.0
4636.0	1.0
4641.0	1.0
4649.0	1.0
4655.0	1.0
4657.0	1.0
4689.0	1.0
4695.0	1.0
4697.0	1.0
4700.0	2.0
4706.0	1.0
4707.0	1.0
4717.0	2.0
4726.0	1.0
4732.0	1.0
4739.0	1.0
4744.0	1.0
4746.0	1.0
4761.0	1.0
4771.0	1.0
4773.0	1.0
4789.0	1.0
4797.0	1.0
4806.0	1.0
4814.0	1.0
4818.0	1.0
4822.0	1.0
4828.0	1.0
4830.0	1.0
4833.0	2.0
4857.0	2.0
4863.0	2.0
4887.0	1.0
4891.0	1.0
4901.0	1.0
4905.0	1.0
4907.0	1.0
4913.0	2.0
4919.0	1.0
4922.0	1.0
4930.0	1.0
4935.0	1.0
4946.0	1.0
4947.0	1.0
4954.0	1.0
4956.0	1.0
4968.0	1.0
4977.0	1.0
4985.0	1.0
4990.0	1.0
4991.0	1.0
5006.0	1.0
5035.0	1.0
5051.0	1.0
5052.0	1.0
5053.0	1.0
5055.0	1.0
5057.0	1.0
5059.0	1.0
5062.0	1.0
5068.0	1.0
5080.0	1.0
5090.0	1.0
5093.0	1.0
5094.0	1.0
5110.0	1.0
5123.0	1.0
5154.0	1.0
5161.0	1.0
5163.0	1.0
5164.0	1.0
5167.0	1.0
5168.0	1.0
5170.0	1.0
5172.0	1.0
5183.0	1.0
5187.0	1.0
5189.0	1.0
5199.0	2.0
5204.0	1.0
5209.0	1.0
5210.0	1.0
5215.0	1.0
5218.0	1.0
5222.0	1.0
5223.0	1.0
5228.0	1.0
5245.0	1.0
5248.0	1.0
5250.0	1.0
5255.0	1.0
5262.0	1.0
5271.0	1.0
5274.0	1.0
5283.0	1.0
5288.0	1.0
5291.0	2.0
5298.0	1.0
5299.0	2.0
5300.0	1.0
5301.0	1.0
5306.0	1.0
5308.0	1.0
5313.0	1.0
5317.0	1.0
5320.0	1.0
5322.0	2.0
5326.0	1.0
5327.0	1.0
5330.0	4.0
5331.0	1.0
5334.0	2.0
5337.0	1.0
5347.0	2.0
5351.0	1.0
5355.0	1.0
5357.0	2.0
5361.0	1.0
5363.0	1.0
5365.0	1.0
5374.0	1.0
5379.0	1.0
5381.0	1.0
5385.0	1.0
5392.0	1.0
5395.0	1.0
5400.0	1.0
5402.0	1.0
5403.0	1.0
5421.0	1.0
5428.0	1.0
5448.0	1.0
5449.0	1.0
5455.0	1.0
5461.0	1.0
5465.0	1.0
5483.0	1.0
5488.0	1.0
5489.0	1.0
5490.0	2.0
5502.0	1.0
5503.0	1.0
5507.0	1.0
5519.0	1.0
5543.0	2.0
5548.0	1.0
5556.0	1.0
5559.0	1.0
5570.0	1.0
5573.0	3.0
5589.0	1.0
5590.0	1.0
5604.0	1.0
5643.0	1.0
5645.0	1.0
5650.0	1.0
5656.0	1.0
5660.0	3.0
5690.0	1.0
5696.0	1.0
5705.0	1.0
5732.0	1.0
5737.0	1.0
5741.0	1.0
5746.0	1.0
5749.0	1.0
5755.0	1.0
5766.0	1.0
5770.0	2.0
5781.0	1.0
5794.0	1.0
5796.0	1.0
5798.0	1.0
5799.0	2.0
5802.0	1.0
5803.0	1.0
5805.0	1.0
5821.0	1.0
5826.0	1.0
5830.0	1.0
5837.0	1.0
5850.0	1.0
5856.0	1.0
5864.0	1.0
5873.0	1.0
5916.0	1.0
5929.0	1.0
5931.0	1.0
5932.0	1.0
5933.0	1.0
5955.0	1.0
6020.0	1.0
6056.0	1.0
6063.0	1.0
6066.0	1.0
6077.0	1.0
6079.0	1.0
6098.0	1.0
6105.0	1.0
6108.0	2.0
6113.0	1.0
6123.0	1.0
6129.0	1.0
6137.0	1.0
6140.0	1.0
6144.0	1.0
6148.0	1.0
6157.0	1.0
6169.0	1.0
6182.0	1.0
6183.0	1.0
6184.0	1.0
6191.0	1.0
6192.0	1.0
6196.0	1.0
6200.0	1.0
6201.0	1.0
6214.0	1.0
6220.0	1.0
6245.0	1.0
6251.0	2.0
6269.0	1.0
6284.0	1.0
6291.0	1.0
6296.0	1.0
6297.0	1.0
6302.0	1.0
6305.0	1.0
6314.0	1.0
6315.0	1.0
6358.0	1.0
6376.0	1.0
6385.0	1.0
6402.0	1.0
6403.0	1.0
6407.0	1.0
6429.0	2.0
6431.0	1.0
6433.0	1.0
6437.0	1.0
6441.0	1.0
6442.0	1.0
6453.0	1.0
6467.0	1.0
6472.0	1.0
6477.0	1.0
6492.0	1.0
6498.0	1.0
6520.0	1.0
6541.0	1.0
6554.0	1.0
6591.0	1.0
6598.0	1.0
6604.0	1.0
6616.0	1.0
6631.0	1.0
6634.0	1.0
6639.0	1.0
6644.0	1.0
6652.0	2.0
6658.0	1.0
6670.0	1.0
6700.0	1.0
6715.0	1.0
6762.0	1.0
6768.0	1.0
6769.0	1.0
6795.0	1.0
6819.0	1.0
6843.0	1.0
6845.0	1.0
6879.0	1.0
6880.0	1.0
6883.0	1.0
6892.0	1.0
6924.0	1.0
6929.0	1.0
6931.0	1.0
6974.0	1.0
7004.0	1.0
7031.0	1.0
7053.0	1.0
7055.0	1.0
7069.0	1.0
7072.0	1.0
7076.0	1.0
7093.0	1.0
7132.0	1.0
7139.0	1.0
7163.0	1.0
7166.0	1.0
7178.0	1.0
7189.0	1.0
7226.0	1.0
7231.0	1.0
7241.0	1.0
7243.0	1.0
7252.0	1.0
7269.0	1.0
7274.0	1.0
7276.0	4.0
7277.0	10.0
7278.0	6.0
7279.0	3.0
7282.0	1.0
7304.0	1.0
7316.0	1.0
7358.0	1.0
7359.0	1.0
7390.0	1.0
7405.0	1.0
7414.0	1.0
7431.0	1.0
7437.0	1.0
7441.0	1.0
7452.0	1.0
7459.0	1.0
7475.0	1.0
7482.0	2.0
7495.0	1.0
7498.0	1.0
7502.0	1.0
7518.0	1.0
7521.0	1.0
7528.0	1.0
7538.0	1.0
7541.0	1.0
7548.0	1.0
7562.0	1.0
7571.0	1.0
7575.0	1.0
7589.0	1.0
7597.0	1.0
7625.0	1.0
7632.0	1.0
7634.0	1.0
7638.0	1.0
7649.0	1.0
7657.0	1.0
7663.0	1.0
7671.0	1.0
7688.0	1.0
7700.0	1.0
7707.0	1.0
7725.0	1.0
7728.0	1.0
7732.0	1.0
7735.0	1.0
7750.0	1.0
7752.0	1.0
7759.0	1.0
7793.0	1.0
7809.0	1.0
7811.0	1.0
7815.0	1.0
7818.0	1.0
7822.0	1.0
7831.0	1.0
7845.0	1.0
7850.0	1.0
7853.0	1.0
7905.0	1.0
7909.0	1.0
7914.0	1.0
7924.0	1.0
7934.0	2.0
7949.0	1.0
7974.0	1.0
7982.0	1.0
7998.0	1.0
8002.0	1.0
8015.0	1.0
8026.0	1.0
8030.0	1.0
8036.0	1.0
8049.0	1.0
8052.0	1.0
8060.0	2.0
8064.0	1.0
8073.0	1.0
8079.0	2.0
8091.0	1.0
8092.0	1.0
8095.0	1.0
8101.0	1.0
8108.0	1.0
8112.0	1.0
8120.0	2.0
8125.0	1.0
8135.0	1.0
8140.0	1.0
8155.0	1.0
8160.0	1.0
8176.0	1.0
8177.0	1.0
8178.0	1.0
8181.0	1.0
8184.0	2.0
8188.0	2.0
8192.0	1.0
8196.0	1.0
8198.0	2.0
8200.0	1.0
8203.0	1.0
8207.0	1.0
8209.0	2.0
8210.0	1.0
8227.0	1.0
8235.0	1.0
8240.0	1.0
8244.0	1.0
8253.0	1.0
8276.0	1.0
8285.0	1.0
8307.0	1.0
8314.0	1.0
8325.0	1.0
8328.0	1.0
8332.0	1.0
8343.0	1.0
8350.0	1.0
8357.0	1.0
8386.0	1.0
8393.0	1.0
8403.0	1.0
8413.0	1.0
8414.0	2.0
8415.0	2.0
8416.0	2.0
8417.0	1.0
8419.0	1.0
8420.0	8.0
8462.0	1.0
8505.0	1.0
8567.0	1.0
8617.0	1.0
8625.0	1.0
8630.0	1.0
8652.0	1.0
8663.0	1.0
8686.0	1.0
8784.0	1.0
8843.0	1.0
8864.0	1.0
8902.0	1.0
8906.0	1.0
8933.0	1.0
8942.0	1.0
8954.0	1.0
8968.0	1.0
8974.0	1.0
9020.0	1.0
9031.0	1.0
9032.0	1.0
9049.0	1.0
9107.0	1.0
9114.0	1.0
9150.0	1.0
9164.0	1.0
9173.0	1.0
9187.0	1.0
9230.0	1.0
9234.0	1.0
9253.0	1.0
9276.0	1.0
9330.0	1.0
9351.0	1.0
9358.0	1.0
9361.0	1.0
9369.0	1.0
9400.0	1.0
9427.0	1.0
9437.0	1.0
9441.0	2.0
9444.0	1.0
9448.0	1.0
9458.0	1.0
9459.0	2.0
9460.0	1.0
9462.0	1.0
9463.0	1.0
9465.0	2.0
9466.0	2.0
9467.0	2.0
9468.0	3.0
9470.0	1.0
9471.0	1.0
9473.0	2.0
9474.0	1.0
9475.0	2.0
9476.0	2.0
9496.0	2.0
9537.0	1.0
9549.0	1.0
9558.0	1.0
9597.0	1.0
9605.0	1.0
9654.0	1.0
9665.0	1.0
9738.0	1.0
9739.0	1.0
9763.0	1.0
9896.0	1.0
9944.0	1.0
9963.0	1.0
9984.0	1.0
10042.0	1.0
10072.0	1.0
10081.0	1.0
10086.0	1.0
10095.0	1.0
10101.0	1.0
10112.0	1.0
10118.0	1.0
10125.0	1.0
10134.0	1.0
10146.0	1.0
10168.0	1.0
10172.0	1.0
10346.0	1.0
10393.0	1.0
10394.0	1.0
10473.0	1.0
10481.0	1.0
10502.0	1.0
10509.0	1.0
10522.0	1.0
10555.0	1.0
10616.0	1.0
10646.0	1.0
10680.0	1.0
10682.0	1.0
10715.0	1.0
10776.0	2.0
10779.0	1.0
10785.0	1.0
10818.0	1.0
10862.0	1.0
10890.0	1.0
10937.0	1.0
10944.0	1.0
10991.0	1.0
10998.0	1.0
11061.0	1.0
11114.0	1.0
11132.0	1.0
11167.0	1.0
11226.0	1.0
11415.0	1.0
11469.0	1.0
11484.0	2.0
11634.0	1.0
11858.0	1.0
11861.0	1.0
11885.0	1.0
11919.0	1.0
11985.0	1.0
12014.0	1.0
12074.0	1.0
12103.0	1.0
12171.0	1.0
12203.0	1.0
12284.0	1.0
12326.0	1.0
12378.0	1.0
12467.0	1.0
12493.0	1.0
12503.0	1.0
12706.0	1.0
12876.0	1.0
12981.0	1.0
13138.0	1.0
13148.0	1.0
13217.0	1.0
13232.0	1.0
13252.0	1.0
13281.0	1.0
13342.0	1.0
13366.0	1.0
13380.0	1.0
13382.0	1.0
13449.0	1.0
13479.0	1.0
13662.0	1.0
13943.0	1.0
13962.0	1.0
13965.0	1.0
13999.0	1.0
14014.0	1.0
14050.0	1.0
14108.0	1.0
14126.0	1.0
14153.0	1.0
14193.0	1.0
14238.0	1.0
14239.0	1.0
14296.0	1.0
14313.0	1.0
14316.0	1.0
14330.0	1.0
14348.0	1.0
14419.0	1.0
14441.0	1.0
14485.0	1.0
14499.0	1.0
14501.0	1.0
14509.0	1.0
14513.0	1.0
14520.0	1.0
14527.0	1.0
14541.0	1.0
14576.0	1.0
14617.0	1.0
14641.0	1.0
14644.0	1.0
14670.0	1.0
14708.0	1.0
14724.0	1.0
14747.0	1.0
14847.0	1.0
14910.0	1.0
14997.0	1.0
15062.0	1.0
15078.0	1.0
15108.0	1.0
15269.0	1.0
15383.0	1.0
15660.0	1.0
15743.0	1.0
15799.0	1.0
15868.0	1.0
15921.0	1.0
15968.0	1.0
15992.0	1.0
16012.0	1.0
16207.0	1.0
16241.0	1.0
16250.0	1.0
16418.0	1.0
16423.0	1.0
16481.0	1.0
16545.0	1.0
16569.0	1.0
16838.0	1.0
16863.0	1.0
17030.0	1.0
17042.0	1.0
17248.0	1.0
17363.0	1.0
17376.0	1.0
17661.0	1.0
18154.0	1.0
18936.0	1.0
18990.0	1.0
19756.0	1.0
19848.0	1.0
20161.0	1.0
20577.0	1.0
20757.0	1.0
20936.0	1.0
21027.0	1.0
21254.0	1.0
21857.0	1.0
22408.0	1.0
23517.0	1.0
23890.0	1.0
24049.0	1.0
24285.0	1.0
24291.0	1.0
24390.0	1.0
24719.0	1.0
24790.0	1.0
24911.0	1.0
24937.0	1.0
25045.0	1.0
26020.0	1.0
26216.0	1.0
26238.0	1.0
26278.0	1.0
26375.0	1.0
26377.0	1.0
26497.0	1.0
26780.0	1.0
26967.0	1.0
27046.0	1.0
27529.0	1.0
27648.0	1.0
27714.0	1.0
27837.0	1.0
27913.0	1.0
27991.0	1.0
29077.0	1.0
29104.0	1.0
29168.0	1.0
29435.0	1.0
29622.0	1.0
29708.0	1.0
29824.0	1.0
29841.0	1.0
29964.0	1.0
29967.0	1.0
30286.0	1.0
30679.0	1.0
31571.0	1.0
31626.0	1.0
32656.0	1.0
32911.0	1.0
33425.0	1.0
33927.0	1.0
34033.0	1.0
34035.0	1.0
34056.0	1.0
34168.0	1.0
34170.0	1.0
34338.0	1.0
34757.0	1.0
34773.0	1.0
34893.0	1.0
34897.0	1.0
34908.0	1.0
34919.0	1.0
35169.0	1.0
35480.0	1.0
35761.0	1.0
36309.0	1.0
36688.0	1.0
36865.0	1.0
36914.0	1.0
37064.0	1.0
37110.0	1.0
37140.0	1.0
37267.0	1.0
37613.0	1.0
39382.0	1.0
40258.0	1.0
40280.0	1.0
40511.0	1.0
40918.0	1.0
41908.0	1.0
43236.0	1.0
43503.0	1.0
44263.0	1.0
45720.0	1.0
47504.0	1.0
47990.0	1.0
52232.0	1.0
55570.0	1.0
56336.0	1.0
56451.0	1.0
57165.0	1.0
57954.0	1.0
59442.0	1.0
59959.0	1.0
60035.0	1.0
60319.0	1.0
60609.0	1.0
60654.0	1.0
60680.0	1.0
60720.0	1.0
60745.0	1.0
60797.0	1.0
60855.0	1.0
60866.0	1.0
60870.0	1.0
60876.0	1.0
60879.0	1.0
60880.0	1.0
