#Coverage	Number of genomic locations
0.0	2.558912278E9
1.0	7.1949951E7
2.0	3.5403218E7
3.0	2.068032E7
4.0	1.2664265E7
5.0	7955021.0
6.0	5150795.0
7.0	3429916.0
8.0	2349995.0
9.0	1657756.0
10.0	1189341.0
11.0	867415.0
12.0	648843.0
13.0	491991.0
14.0	376862.0
15.0	294305.0
16.0	232359.0
17.0	185533.0
18.0	149941.0
19.0	122378.0
20.0	101444.0
21.0	82616.0
22.0	70385.0
23.0	59779.0
24.0	51855.0
25.0	43456.0
26.0	37517.0
27.0	32912.0
28.0	28735.0
29.0	24834.0
30.0	21965.0
31.0	19151.0
32.0	17269.0
33.0	15327.0
34.0	13574.0
35.0	12451.0
36.0	10933.0
37.0	10173.0
38.0	9227.0
39.0	8283.0
40.0	7468.0
41.0	6602.0
42.0	5999.0
43.0	5573.0
44.0	5082.0
45.0	4728.0
46.0	4460.0
47.0	4035.0
48.0	3826.0
49.0	3644.0
50.0	3249.0
51.0	3094.0
52.0	3005.0
53.0	2798.0
54.0	2685.0
55.0	2507.0
56.0	2441.0
57.0	2314.0
58.0	2098.0
59.0	2108.0
60.0	1921.0
61.0	1856.0
62.0	1839.0
63.0	1634.0
64.0	1613.0
65.0	1573.0
66.0	1523.0
67.0	1407.0
68.0	1383.0
69.0	1286.0
70.0	1259.0
71.0	1177.0
72.0	1103.0
73.0	1153.0
74.0	1122.0
75.0	1144.0
76.0	962.0
77.0	1011.0
78.0	990.0
79.0	974.0
80.0	1007.0
81.0	931.0
82.0	913.0
83.0	938.0
84.0	944.0
85.0	956.0
86.0	898.0
87.0	851.0
88.0	834.0
89.0	824.0
90.0	734.0
91.0	751.0
92.0	757.0
93.0	765.0
94.0	703.0
95.0	666.0
96.0	639.0
97.0	619.0
98.0	620.0
99.0	618.0
100.0	533.0
101.0	513.0
102.0	491.0
103.0	493.0
104.0	454.0
105.0	476.0
106.0	419.0
107.0	421.0
108.0	474.0
109.0	446.0
110.0	419.0
111.0	398.0
112.0	387.0
113.0	397.0
114.0	382.0
115.0	385.0
116.0	369.0
117.0	359.0
118.0	329.0
119.0	352.0
120.0	298.0
121.0	323.0
122.0	299.0
123.0	323.0
124.0	325.0
125.0	281.0
126.0	246.0
127.0	237.0
128.0	231.0
129.0	200.0
130.0	239.0
131.0	250.0
132.0	228.0
133.0	178.0
134.0	207.0
135.0	201.0
136.0	175.0
137.0	191.0
138.0	165.0
139.0	160.0
140.0	168.0
141.0	168.0
142.0	175.0
143.0	128.0
144.0	157.0
145.0	139.0
146.0	110.0
147.0	105.0
148.0	115.0
149.0	103.0
150.0	105.0
151.0	104.0
152.0	103.0
153.0	91.0
154.0	66.0
155.0	94.0
156.0	71.0
157.0	59.0
158.0	82.0
159.0	61.0
160.0	71.0
161.0	74.0
162.0	53.0
163.0	65.0
164.0	56.0
165.0	57.0
166.0	54.0
167.0	55.0
168.0	50.0
169.0	36.0
170.0	51.0
171.0	31.0
172.0	41.0
173.0	28.0
174.0	34.0
175.0	39.0
176.0	44.0
177.0	36.0
178.0	40.0
179.0	36.0
180.0	38.0
181.0	46.0
182.0	37.0
183.0	35.0
184.0	40.0
185.0	30.0
186.0	45.0
187.0	25.0
188.0	34.0
189.0	34.0
190.0	32.0
191.0	35.0
192.0	33.0
193.0	37.0
194.0	16.0
195.0	33.0
196.0	32.0
197.0	37.0
198.0	20.0
199.0	28.0
200.0	27.0
201.0	34.0
202.0	21.0
203.0	34.0
204.0	59.0
205.0	30.0
206.0	31.0
207.0	25.0
208.0	25.0
209.0	31.0
210.0	41.0
211.0	32.0
212.0	26.0
213.0	32.0
214.0	35.0
215.0	31.0
216.0	27.0
217.0	31.0
218.0	23.0
219.0	33.0
220.0	29.0
221.0	18.0
222.0	30.0
223.0	14.0
224.0	20.0
225.0	27.0
226.0	27.0
227.0	22.0
228.0	23.0
229.0	27.0
230.0	32.0
231.0	31.0
232.0	34.0
233.0	43.0
234.0	42.0
235.0	34.0
236.0	26.0
237.0	23.0
238.0	35.0
239.0	34.0
240.0	21.0
241.0	27.0
242.0	15.0
243.0	20.0
244.0	31.0
245.0	21.0
246.0	19.0
247.0	26.0
248.0	32.0
249.0	29.0
250.0	27.0
251.0	25.0
252.0	21.0
253.0	19.0
254.0	30.0
255.0	31.0
256.0	25.0
257.0	35.0
258.0	21.0
259.0	29.0
260.0	17.0
261.0	19.0
262.0	23.0
263.0	18.0
264.0	19.0
265.0	21.0
266.0	20.0
267.0	10.0
268.0	17.0
269.0	19.0
270.0	20.0
271.0	22.0
272.0	15.0
273.0	27.0
274.0	21.0
275.0	23.0
276.0	40.0
277.0	20.0
278.0	22.0
279.0	23.0
280.0	16.0
281.0	18.0
282.0	27.0
283.0	17.0
284.0	17.0
285.0	20.0
286.0	25.0
287.0	13.0
288.0	20.0
289.0	20.0
290.0	28.0
291.0	24.0
292.0	11.0
293.0	21.0
294.0	33.0
295.0	17.0
296.0	17.0
297.0	27.0
298.0	24.0
299.0	34.0
300.0	22.0
301.0	20.0
302.0	30.0
303.0	32.0
304.0	26.0
305.0	15.0
306.0	22.0
307.0	28.0
308.0	32.0
309.0	34.0
310.0	20.0
311.0	13.0
312.0	20.0
313.0	28.0
314.0	13.0
315.0	16.0
316.0	16.0
317.0	24.0
318.0	14.0
319.0	12.0
320.0	18.0
321.0	17.0
322.0	11.0
323.0	18.0
324.0	16.0
325.0	21.0
326.0	17.0
327.0	12.0
328.0	15.0
329.0	17.0
330.0	12.0
331.0	12.0
332.0	10.0
333.0	10.0
334.0	12.0
335.0	15.0
336.0	14.0
337.0	23.0
338.0	12.0
339.0	20.0
340.0	56.0
341.0	10.0
342.0	16.0
343.0	16.0
344.0	16.0
345.0	16.0
346.0	13.0
347.0	12.0
348.0	15.0
349.0	11.0
350.0	21.0
351.0	12.0
352.0	10.0
353.0	5.0
354.0	12.0
355.0	14.0
356.0	12.0
357.0	17.0
358.0	13.0
359.0	9.0
360.0	5.0
361.0	10.0
362.0	8.0
363.0	9.0
364.0	7.0
365.0	9.0
366.0	11.0
367.0	8.0
368.0	5.0
369.0	9.0
370.0	8.0
371.0	5.0
372.0	7.0
373.0	9.0
374.0	6.0
375.0	13.0
376.0	6.0
377.0	10.0
378.0	4.0
379.0	5.0
380.0	6.0
381.0	4.0
382.0	12.0
383.0	11.0
384.0	16.0
385.0	14.0
386.0	9.0
387.0	10.0
388.0	9.0
389.0	7.0
390.0	12.0
391.0	8.0
392.0	12.0
393.0	11.0
394.0	8.0
395.0	9.0
396.0	18.0
397.0	14.0
398.0	13.0
399.0	12.0
400.0	7.0
401.0	9.0
402.0	13.0
403.0	9.0
404.0	17.0
405.0	15.0
406.0	16.0
407.0	12.0
408.0	9.0
409.0	9.0
410.0	5.0
411.0	6.0
412.0	6.0
413.0	9.0
414.0	6.0
415.0	8.0
416.0	6.0
417.0	9.0
418.0	9.0
419.0	11.0
420.0	9.0
421.0	8.0
422.0	7.0
423.0	7.0
424.0	13.0
425.0	9.0
426.0	8.0
427.0	9.0
428.0	6.0
429.0	9.0
430.0	12.0
431.0	4.0
432.0	9.0
433.0	5.0
434.0	2.0
435.0	10.0
436.0	9.0
437.0	12.0
438.0	6.0
439.0	1.0
440.0	9.0
441.0	5.0
442.0	7.0
443.0	9.0
444.0	5.0
445.0	5.0
446.0	5.0
447.0	9.0
448.0	8.0
449.0	16.0
450.0	16.0
451.0	7.0
452.0	11.0
453.0	6.0
454.0	6.0
455.0	8.0
456.0	8.0
457.0	13.0
458.0	6.0
459.0	7.0
460.0	5.0
461.0	8.0
462.0	11.0
463.0	5.0
464.0	9.0
465.0	7.0
466.0	10.0
467.0	5.0
468.0	8.0
469.0	10.0
470.0	9.0
471.0	6.0
472.0	10.0
473.0	5.0
474.0	7.0
475.0	10.0
476.0	9.0
477.0	9.0
478.0	9.0
479.0	9.0
480.0	9.0
481.0	8.0
482.0	5.0
483.0	10.0
484.0	5.0
485.0	14.0
486.0	11.0
487.0	6.0
488.0	11.0
489.0	6.0
490.0	7.0
491.0	6.0
492.0	8.0
493.0	13.0
494.0	11.0
495.0	7.0
496.0	7.0
497.0	4.0
498.0	11.0
499.0	4.0
500.0	12.0
501.0	6.0
502.0	8.0
503.0	7.0
504.0	12.0
505.0	7.0
506.0	7.0
507.0	8.0
508.0	4.0
509.0	10.0
510.0	5.0
511.0	10.0
512.0	10.0
513.0	12.0
514.0	10.0
515.0	9.0
516.0	9.0
517.0	14.0
518.0	6.0
519.0	10.0
520.0	16.0
521.0	8.0
522.0	7.0
523.0	7.0
524.0	8.0
525.0	9.0
526.0	15.0
527.0	3.0
528.0	10.0
529.0	7.0
530.0	8.0
531.0	6.0
532.0	8.0
533.0	7.0
534.0	14.0
535.0	2.0
536.0	5.0
537.0	8.0
538.0	11.0
539.0	7.0
540.0	5.0
541.0	8.0
542.0	10.0
543.0	7.0
544.0	8.0
545.0	6.0
546.0	3.0
547.0	3.0
548.0	5.0
549.0	4.0
550.0	6.0
551.0	5.0
552.0	1.0
553.0	3.0
554.0	4.0
555.0	8.0
556.0	5.0
557.0	5.0
558.0	7.0
559.0	2.0
561.0	1.0
562.0	5.0
563.0	4.0
564.0	9.0
565.0	4.0
566.0	4.0
567.0	9.0
568.0	2.0
569.0	6.0
570.0	3.0
571.0	2.0
572.0	5.0
573.0	3.0
574.0	9.0
575.0	3.0
576.0	2.0
577.0	5.0
578.0	5.0
579.0	4.0
580.0	1.0
581.0	2.0
582.0	12.0
583.0	9.0
584.0	3.0
585.0	5.0
586.0	2.0
587.0	3.0
588.0	3.0
589.0	4.0
590.0	4.0
591.0	4.0
592.0	2.0
593.0	8.0
594.0	7.0
595.0	1.0
596.0	7.0
597.0	3.0
598.0	1.0
599.0	7.0
600.0	2.0
601.0	3.0
602.0	1.0
603.0	2.0
604.0	2.0
605.0	2.0
606.0	3.0
607.0	4.0
608.0	4.0
609.0	2.0
610.0	3.0
611.0	2.0
612.0	6.0
613.0	6.0
614.0	10.0
615.0	3.0
616.0	5.0
617.0	8.0
618.0	5.0
619.0	3.0
620.0	4.0
621.0	11.0
622.0	6.0
623.0	4.0
624.0	6.0
625.0	4.0
626.0	6.0
627.0	5.0
628.0	4.0
629.0	6.0
630.0	9.0
631.0	5.0
632.0	6.0
633.0	6.0
634.0	3.0
635.0	5.0
636.0	4.0
637.0	3.0
638.0	6.0
639.0	5.0
640.0	4.0
641.0	3.0
642.0	5.0
643.0	7.0
644.0	3.0
645.0	3.0
646.0	5.0
647.0	4.0
648.0	1.0
649.0	4.0
650.0	5.0
651.0	8.0
652.0	2.0
653.0	8.0
654.0	6.0
655.0	3.0
656.0	5.0
657.0	8.0
658.0	9.0
659.0	11.0
660.0	9.0
661.0	11.0
662.0	9.0
663.0	8.0
664.0	4.0
665.0	3.0
666.0	11.0
667.0	5.0
668.0	9.0
669.0	10.0
670.0	5.0
671.0	7.0
672.0	10.0
673.0	7.0
674.0	4.0
675.0	6.0
676.0	5.0
677.0	6.0
678.0	4.0
679.0	4.0
680.0	9.0
681.0	3.0
682.0	5.0
683.0	9.0
684.0	1.0
685.0	7.0
686.0	5.0
687.0	4.0
688.0	6.0
689.0	4.0
690.0	3.0
691.0	2.0
692.0	5.0
693.0	6.0
694.0	4.0
695.0	4.0
696.0	1.0
697.0	10.0
698.0	7.0
699.0	5.0
700.0	3.0
701.0	8.0
702.0	6.0
703.0	7.0
704.0	5.0
705.0	6.0
706.0	12.0
707.0	17.0
708.0	5.0
709.0	4.0
710.0	6.0
711.0	4.0
712.0	1.0
713.0	4.0
714.0	10.0
715.0	3.0
716.0	6.0
717.0	5.0
718.0	7.0
719.0	7.0
720.0	6.0
721.0	4.0
722.0	3.0
723.0	7.0
724.0	2.0
725.0	4.0
726.0	8.0
727.0	6.0
728.0	5.0
729.0	7.0
730.0	3.0
731.0	4.0
732.0	7.0
733.0	3.0
734.0	10.0
735.0	7.0
736.0	9.0
737.0	7.0
738.0	7.0
739.0	6.0
740.0	2.0
741.0	8.0
742.0	4.0
743.0	7.0
744.0	8.0
745.0	6.0
746.0	8.0
747.0	15.0
748.0	12.0
749.0	3.0
750.0	5.0
751.0	8.0
752.0	7.0
753.0	1.0
754.0	7.0
755.0	17.0
756.0	10.0
757.0	8.0
758.0	4.0
759.0	2.0
760.0	8.0
761.0	4.0
762.0	4.0
763.0	2.0
764.0	5.0
765.0	7.0
766.0	6.0
767.0	8.0
768.0	6.0
769.0	10.0
770.0	11.0
771.0	7.0
772.0	6.0
773.0	6.0
774.0	5.0
775.0	7.0
776.0	6.0
777.0	4.0
778.0	14.0
779.0	10.0
780.0	8.0
781.0	3.0
782.0	1.0
783.0	2.0
784.0	1.0
785.0	1.0
786.0	6.0
787.0	3.0
788.0	2.0
789.0	4.0
790.0	2.0
791.0	2.0
793.0	5.0
794.0	4.0
795.0	6.0
796.0	5.0
797.0	4.0
798.0	2.0
799.0	2.0
800.0	6.0
801.0	3.0
802.0	1.0
803.0	2.0
804.0	6.0
805.0	6.0
806.0	3.0
807.0	3.0
808.0	2.0
809.0	3.0
810.0	5.0
811.0	5.0
812.0	1.0
813.0	2.0
814.0	1.0
815.0	1.0
816.0	7.0
818.0	4.0
819.0	6.0
820.0	3.0
821.0	1.0
822.0	3.0
823.0	2.0
824.0	4.0
825.0	2.0
826.0	1.0
827.0	3.0
828.0	6.0
829.0	2.0
830.0	9.0
831.0	3.0
832.0	7.0
833.0	2.0
834.0	4.0
835.0	5.0
836.0	7.0
837.0	8.0
838.0	5.0
839.0	7.0
840.0	3.0
841.0	2.0
842.0	2.0
843.0	4.0
844.0	2.0
845.0	1.0
846.0	2.0
847.0	3.0
848.0	5.0
849.0	3.0
850.0	2.0
851.0	2.0
853.0	3.0
854.0	4.0
855.0	2.0
856.0	4.0
857.0	2.0
858.0	1.0
859.0	2.0
860.0	1.0
861.0	1.0
862.0	3.0
863.0	1.0
864.0	3.0
865.0	1.0
866.0	3.0
867.0	3.0
868.0	1.0
871.0	5.0
872.0	3.0
873.0	2.0
874.0	3.0
875.0	2.0
876.0	1.0
877.0	1.0
880.0	5.0
881.0	1.0
882.0	2.0
883.0	2.0
885.0	5.0
886.0	1.0
887.0	2.0
888.0	3.0
891.0	2.0
892.0	2.0
895.0	2.0
898.0	2.0
899.0	1.0
900.0	1.0
902.0	1.0
903.0	1.0
904.0	1.0
905.0	2.0
906.0	1.0
907.0	1.0
908.0	2.0
909.0	2.0
911.0	4.0
913.0	5.0
914.0	4.0
915.0	3.0
916.0	3.0
917.0	3.0
918.0	2.0
920.0	3.0
921.0	3.0
922.0	2.0
923.0	1.0
924.0	3.0
925.0	1.0
926.0	1.0
927.0	2.0
928.0	4.0
929.0	2.0
930.0	3.0
931.0	3.0
932.0	1.0
933.0	3.0
934.0	1.0
935.0	3.0
937.0	3.0
938.0	1.0
939.0	1.0
941.0	2.0
942.0	2.0
944.0	1.0
945.0	3.0
946.0	3.0
947.0	3.0
948.0	2.0
949.0	3.0
950.0	1.0
951.0	3.0
952.0	1.0
953.0	3.0
954.0	2.0
955.0	2.0
956.0	2.0
957.0	1.0
958.0	2.0
959.0	1.0
960.0	6.0
961.0	4.0
962.0	2.0
963.0	2.0
964.0	1.0
965.0	2.0
966.0	3.0
967.0	6.0
968.0	1.0
969.0	3.0
970.0	2.0
971.0	7.0
972.0	3.0
973.0	2.0
974.0	5.0
975.0	2.0
976.0	3.0
978.0	6.0
979.0	2.0
980.0	4.0
981.0	3.0
982.0	4.0
983.0	2.0
984.0	2.0
985.0	2.0
986.0	4.0
987.0	3.0
988.0	2.0
989.0	3.0
992.0	1.0
993.0	5.0
994.0	3.0
995.0	1.0
996.0	3.0
997.0	3.0
998.0	3.0
999.0	3.0
1001.0	3.0
1002.0	1.0
1003.0	1.0
1004.0	1.0
1005.0	3.0
1006.0	2.0
1007.0	4.0
1009.0	1.0
1010.0	4.0
1011.0	2.0
1012.0	1.0
1013.0	1.0
1015.0	1.0
1016.0	4.0
1017.0	5.0
1018.0	3.0
1019.0	2.0
1020.0	1.0
1021.0	2.0
1022.0	2.0
1023.0	2.0
1025.0	1.0
1026.0	3.0
1027.0	3.0
1028.0	3.0
1029.0	2.0
1030.0	1.0
1031.0	2.0
1032.0	2.0
1033.0	1.0
1035.0	2.0
1036.0	1.0
1038.0	1.0
1039.0	1.0
1040.0	3.0
1041.0	1.0
1042.0	3.0
1043.0	3.0
1044.0	2.0
1045.0	2.0
1046.0	3.0
1048.0	1.0
1049.0	1.0
1050.0	2.0
1051.0	3.0
1052.0	1.0
1054.0	1.0
1055.0	4.0
1056.0	1.0
1057.0	4.0
1058.0	5.0
1059.0	2.0
1060.0	1.0
1062.0	2.0
1063.0	1.0
1064.0	1.0
1065.0	1.0
1066.0	2.0
1068.0	2.0
1069.0	1.0
1070.0	2.0
1071.0	1.0
1072.0	4.0
1073.0	6.0
1074.0	5.0
1076.0	3.0
1077.0	3.0
1078.0	3.0
1079.0	3.0
1080.0	3.0
1081.0	1.0
1082.0	1.0
1083.0	2.0
1085.0	3.0
1086.0	2.0
1088.0	2.0
1090.0	3.0
1091.0	1.0
1092.0	1.0
1093.0	3.0
1094.0	1.0
1095.0	3.0
1096.0	2.0
1098.0	1.0
1099.0	5.0
1100.0	1.0
1101.0	5.0
1102.0	5.0
1103.0	2.0
1104.0	2.0
1105.0	3.0
1107.0	1.0
1108.0	3.0
1109.0	2.0
1110.0	1.0
1111.0	4.0
1112.0	2.0
1113.0	1.0
1115.0	1.0
1118.0	1.0
1119.0	1.0
1122.0	3.0
1125.0	1.0
1126.0	1.0
1128.0	3.0
1129.0	2.0
1130.0	2.0
1131.0	1.0
1132.0	1.0
1133.0	1.0
1134.0	3.0
1135.0	1.0
1136.0	1.0
1137.0	4.0
1138.0	2.0
1141.0	1.0
1142.0	5.0
1143.0	2.0
1145.0	1.0
1146.0	2.0
1147.0	2.0
1148.0	1.0
1149.0	1.0
1156.0	1.0
1157.0	1.0
1161.0	2.0
1163.0	1.0
1164.0	1.0
1165.0	1.0
1166.0	1.0
1167.0	1.0
1168.0	1.0
1169.0	2.0
1170.0	1.0
1171.0	1.0
1172.0	5.0
1173.0	1.0
1174.0	4.0
1175.0	2.0
1176.0	3.0
1178.0	1.0
1180.0	2.0
1181.0	1.0
1182.0	1.0
1183.0	2.0
1184.0	1.0
1185.0	1.0
1186.0	2.0
1190.0	2.0
1191.0	1.0
1192.0	1.0
1194.0	1.0
1195.0	5.0
1196.0	3.0
1197.0	1.0
1198.0	2.0
1199.0	1.0
1200.0	2.0
1201.0	2.0
1202.0	2.0
1203.0	1.0
1207.0	2.0
1208.0	2.0
1209.0	2.0
1211.0	1.0
1212.0	4.0
1213.0	2.0
1214.0	2.0
1215.0	1.0
1216.0	1.0
1217.0	6.0
1218.0	1.0
1219.0	3.0
1220.0	4.0
1221.0	4.0
1222.0	10.0
1223.0	9.0
1224.0	8.0
1225.0	10.0
1226.0	3.0
1227.0	5.0
1228.0	1.0
1229.0	7.0
1231.0	1.0
1232.0	1.0
1233.0	3.0
1234.0	3.0
1235.0	2.0
1237.0	2.0
1238.0	1.0
1239.0	1.0
1240.0	2.0
1241.0	2.0
1242.0	1.0
1243.0	1.0
1244.0	2.0
1245.0	1.0
1246.0	5.0
1247.0	2.0
1248.0	1.0
1249.0	4.0
1250.0	2.0
1251.0	4.0
1252.0	4.0
1253.0	1.0
1255.0	2.0
1257.0	2.0
1258.0	4.0
1259.0	3.0
1260.0	1.0
1261.0	1.0
1262.0	1.0
1263.0	4.0
1264.0	1.0
1265.0	1.0
1266.0	3.0
1267.0	3.0
1268.0	1.0
1269.0	2.0
1270.0	1.0
1272.0	1.0
1273.0	1.0
1274.0	2.0
1275.0	3.0
1276.0	1.0
1277.0	1.0
1278.0	2.0
1279.0	4.0
1280.0	2.0
1281.0	2.0
1282.0	3.0
1283.0	2.0
1284.0	2.0
1285.0	3.0
1286.0	4.0
1287.0	4.0
1288.0	1.0
1289.0	1.0
1290.0	2.0
1291.0	3.0
1293.0	2.0
1295.0	1.0
1296.0	3.0
1300.0	4.0
1301.0	2.0
1303.0	3.0
1304.0	3.0
1306.0	5.0
1307.0	1.0
1308.0	2.0
1310.0	2.0
1311.0	3.0
1312.0	1.0
1314.0	2.0
1317.0	4.0
1318.0	2.0
1319.0	1.0
1320.0	1.0
1321.0	2.0
1323.0	1.0
1324.0	2.0
1325.0	2.0
1328.0	2.0
1329.0	1.0
1330.0	2.0
1333.0	1.0
1334.0	4.0
1335.0	1.0
1336.0	1.0
1337.0	1.0
1338.0	1.0
1339.0	1.0
1340.0	1.0
1342.0	1.0
1343.0	2.0
1344.0	1.0
1346.0	2.0
1347.0	1.0
1348.0	2.0
1350.0	1.0
1351.0	1.0
1353.0	2.0
1354.0	1.0
1355.0	2.0
1356.0	1.0
1357.0	1.0
1358.0	1.0
1359.0	2.0
1362.0	2.0
1363.0	2.0
1364.0	4.0
1365.0	3.0
1366.0	2.0
1368.0	2.0
1369.0	2.0
1370.0	2.0
1372.0	1.0
1373.0	4.0
1374.0	2.0
1375.0	1.0
1376.0	1.0
1377.0	1.0
1380.0	3.0
1381.0	1.0
1382.0	2.0
1383.0	1.0
1384.0	2.0
1385.0	1.0
1388.0	1.0
1389.0	1.0
1390.0	2.0
1391.0	2.0
1392.0	4.0
1393.0	1.0
1394.0	4.0
1395.0	2.0
1396.0	5.0
1397.0	2.0
1399.0	2.0
1401.0	4.0
1402.0	2.0
1403.0	1.0
1404.0	1.0
1405.0	1.0
1406.0	3.0
1407.0	2.0
1409.0	1.0
1410.0	2.0
1411.0	1.0
1414.0	2.0
1415.0	1.0
1417.0	3.0
1420.0	1.0
1422.0	5.0
1423.0	2.0
1425.0	1.0
1426.0	1.0
1427.0	3.0
1428.0	2.0
1429.0	3.0
1430.0	3.0
1431.0	1.0
1432.0	1.0
1436.0	1.0
1437.0	2.0
1438.0	1.0
1441.0	2.0
1444.0	2.0
1446.0	2.0
1447.0	1.0
1448.0	1.0
1449.0	1.0
1450.0	3.0
1451.0	3.0
1452.0	1.0
1453.0	2.0
1457.0	1.0
1458.0	3.0
1459.0	2.0
1460.0	1.0
1461.0	1.0
1462.0	5.0
1463.0	2.0
1464.0	1.0
1466.0	4.0
1467.0	1.0
1468.0	3.0
1469.0	1.0
1471.0	3.0
1472.0	1.0
1473.0	2.0
1474.0	2.0
1475.0	4.0
1476.0	3.0
1477.0	1.0
1478.0	1.0
1479.0	2.0
1480.0	2.0
1481.0	1.0
1482.0	5.0
1483.0	1.0
1485.0	1.0
1486.0	3.0
1488.0	3.0
1491.0	2.0
1492.0	1.0
1493.0	2.0
1494.0	3.0
1496.0	2.0
1498.0	1.0
1500.0	4.0
1501.0	2.0
1502.0	3.0
1503.0	2.0
1504.0	1.0
1505.0	1.0
1506.0	1.0
1507.0	2.0
1508.0	1.0
1509.0	1.0
1513.0	2.0
1514.0	3.0
1515.0	1.0
1516.0	1.0
1517.0	1.0
1518.0	1.0
1519.0	1.0
1521.0	5.0
1522.0	1.0
1523.0	2.0
1524.0	1.0
1525.0	1.0
1526.0	5.0
1527.0	2.0
1528.0	4.0
1530.0	1.0
1531.0	1.0
1532.0	1.0
1535.0	2.0
1536.0	2.0
1537.0	2.0
1538.0	1.0
1539.0	4.0
1540.0	2.0
1541.0	3.0
1543.0	2.0
1544.0	2.0
1545.0	6.0
1546.0	1.0
1547.0	1.0
1548.0	1.0
1549.0	4.0
1550.0	1.0
1551.0	2.0
1552.0	3.0
1553.0	3.0
1555.0	1.0
1556.0	1.0
1557.0	5.0
1558.0	1.0
1559.0	3.0
1562.0	4.0
1563.0	2.0
1564.0	1.0
1565.0	2.0
1566.0	5.0
1567.0	2.0
1568.0	1.0
1569.0	1.0
1570.0	2.0
1571.0	2.0
1572.0	3.0
1573.0	1.0
1574.0	2.0
1575.0	1.0
1576.0	1.0
1577.0	1.0
1578.0	3.0
1580.0	1.0
1581.0	1.0
1582.0	2.0
1583.0	1.0
1584.0	2.0
1585.0	1.0
1587.0	5.0
1589.0	3.0
1591.0	2.0
1592.0	2.0
1594.0	2.0
1595.0	5.0
1596.0	5.0
1597.0	2.0
1598.0	3.0
1599.0	4.0
1601.0	3.0
1602.0	2.0
1603.0	2.0
1604.0	2.0
1605.0	4.0
1606.0	6.0
1607.0	1.0
1609.0	3.0
1610.0	2.0
1613.0	1.0
1614.0	1.0
1615.0	1.0
1617.0	1.0
1619.0	1.0
1620.0	1.0
1621.0	2.0
1623.0	1.0
1624.0	2.0
1625.0	1.0
1626.0	1.0
1629.0	2.0
1630.0	2.0
1631.0	1.0
1632.0	2.0
1633.0	2.0
1634.0	1.0
1635.0	1.0
1637.0	3.0
1639.0	2.0
1640.0	2.0
1644.0	1.0
1645.0	1.0
1647.0	1.0
1649.0	2.0
1650.0	1.0
1651.0	1.0
1652.0	1.0
1653.0	1.0
1654.0	2.0
1655.0	1.0
1657.0	1.0
1660.0	2.0
1661.0	2.0
1662.0	1.0
1664.0	2.0
1666.0	1.0
1667.0	2.0
1668.0	1.0
1669.0	4.0
1670.0	3.0
1671.0	2.0
1672.0	1.0
1674.0	2.0
1675.0	1.0
1678.0	2.0
1679.0	1.0
1680.0	1.0
1681.0	1.0
1684.0	1.0
1688.0	1.0
1692.0	1.0
1693.0	2.0
1698.0	1.0
1700.0	1.0
1701.0	1.0
1702.0	1.0
1704.0	1.0
1705.0	1.0
1708.0	1.0
1709.0	1.0
1710.0	1.0
1711.0	2.0
1715.0	1.0
1716.0	1.0
1717.0	1.0
1718.0	1.0
1720.0	1.0
1726.0	2.0
1727.0	1.0
1728.0	1.0
1729.0	1.0
1730.0	1.0
1731.0	3.0
1734.0	1.0
1736.0	1.0
1737.0	1.0
1739.0	1.0
1740.0	2.0
1741.0	2.0
1742.0	1.0
1744.0	2.0
1745.0	2.0
1746.0	1.0
1748.0	1.0
1752.0	2.0
1758.0	1.0
1760.0	1.0
1761.0	1.0
1763.0	1.0
1764.0	2.0
1767.0	2.0
1768.0	1.0
1772.0	2.0
1778.0	1.0
1781.0	2.0
1783.0	2.0
1784.0	1.0
1785.0	3.0
1788.0	1.0
1791.0	1.0
1792.0	1.0
1794.0	1.0
1801.0	2.0
1802.0	2.0
1803.0	1.0
1804.0	1.0
1805.0	1.0
1807.0	3.0
1811.0	1.0
1812.0	2.0
1813.0	1.0
1814.0	1.0
1820.0	1.0
1822.0	1.0
1823.0	1.0
1824.0	1.0
1833.0	2.0
1834.0	1.0
1835.0	2.0
1837.0	1.0
1838.0	1.0
1839.0	1.0
1841.0	2.0
1844.0	1.0
1848.0	2.0
1849.0	1.0
1850.0	1.0
1851.0	1.0
1852.0	1.0
1853.0	1.0
1855.0	1.0
1856.0	1.0
1859.0	2.0
1860.0	1.0
1862.0	1.0
1865.0	1.0
1867.0	1.0
1869.0	1.0
1870.0	2.0
1873.0	1.0
1875.0	1.0
1876.0	1.0
1877.0	1.0
1880.0	1.0
1883.0	1.0
1884.0	4.0
1886.0	1.0
1887.0	3.0
1890.0	1.0
1892.0	1.0
1893.0	1.0
1894.0	1.0
1896.0	1.0
1897.0	1.0
1898.0	2.0
1899.0	1.0
1901.0	1.0
1902.0	3.0
1905.0	1.0
1907.0	3.0
1908.0	2.0
1909.0	2.0
1911.0	2.0
1913.0	1.0
1914.0	1.0
1917.0	1.0
1918.0	1.0
1920.0	1.0
1922.0	3.0
1923.0	1.0
1924.0	1.0
1927.0	1.0
1928.0	3.0
1930.0	1.0
1932.0	1.0
1933.0	2.0
1934.0	1.0
1935.0	1.0
1936.0	1.0
1937.0	1.0
1938.0	1.0
1939.0	1.0
1940.0	1.0
1942.0	1.0
1944.0	2.0
1946.0	1.0
1948.0	1.0
1950.0	1.0
1951.0	5.0
1952.0	2.0
1955.0	2.0
1956.0	1.0
1958.0	1.0
1959.0	1.0
1960.0	1.0
1962.0	1.0
1963.0	2.0
1964.0	1.0
1965.0	1.0
1966.0	1.0
1967.0	1.0
1968.0	2.0
1971.0	3.0
1975.0	2.0
1976.0	3.0
1981.0	2.0
1982.0	3.0
1989.0	1.0
1993.0	1.0
1995.0	2.0
1997.0	1.0
2000.0	1.0
2001.0	1.0
2002.0	3.0
2006.0	1.0
2010.0	1.0
2011.0	1.0
2015.0	1.0
2017.0	1.0
2018.0	2.0
2020.0	2.0
2021.0	3.0
2022.0	2.0
2027.0	1.0
2028.0	1.0
2029.0	2.0
2032.0	1.0
2033.0	1.0
2034.0	1.0
2035.0	1.0
2036.0	2.0
2037.0	1.0
2039.0	1.0
2040.0	1.0
2041.0	1.0
2042.0	1.0
2043.0	1.0
2044.0	1.0
2045.0	1.0
2048.0	1.0
2049.0	1.0
2051.0	1.0
2052.0	2.0
2053.0	1.0
2056.0	1.0
2060.0	2.0
2061.0	1.0
2062.0	1.0
2063.0	1.0
2067.0	1.0
2069.0	1.0
2073.0	2.0
2074.0	1.0
2075.0	2.0
2079.0	2.0
2081.0	2.0
2083.0	1.0
2084.0	1.0
2085.0	1.0
2086.0	1.0
2088.0	3.0
2089.0	2.0
2090.0	1.0
2092.0	1.0
2093.0	1.0
2094.0	2.0
2099.0	1.0
2100.0	1.0
2102.0	1.0
2103.0	2.0
2109.0	1.0
2110.0	1.0
2114.0	1.0
2115.0	1.0
2119.0	2.0
2121.0	1.0
2125.0	3.0
2126.0	1.0
2128.0	1.0
2129.0	2.0
2132.0	3.0
2133.0	1.0
2134.0	2.0
2135.0	3.0
2136.0	3.0
2137.0	3.0
2138.0	1.0
2139.0	2.0
2140.0	1.0
2141.0	3.0
2142.0	1.0
2145.0	2.0
2146.0	2.0
2147.0	1.0
2149.0	1.0
2152.0	1.0
2153.0	1.0
2154.0	2.0
2155.0	1.0
2156.0	2.0
2157.0	1.0
2158.0	2.0
2161.0	2.0
2162.0	2.0
2163.0	1.0
2164.0	1.0
2165.0	1.0
2166.0	3.0
2173.0	1.0
2174.0	1.0
2175.0	1.0
2179.0	1.0
2181.0	1.0
2183.0	1.0
2185.0	1.0
2187.0	1.0
2188.0	1.0
2189.0	2.0
2190.0	2.0
2191.0	2.0
2192.0	1.0
2196.0	1.0
2199.0	1.0
2200.0	2.0
2203.0	3.0
2204.0	1.0
2205.0	1.0
2207.0	1.0
2209.0	2.0
2213.0	2.0
2215.0	1.0
2216.0	2.0
2218.0	3.0
2219.0	2.0
2221.0	3.0
2223.0	2.0
2226.0	1.0
2227.0	1.0
2228.0	2.0
2229.0	3.0
2230.0	1.0
2231.0	1.0
2232.0	2.0
2233.0	1.0
2234.0	2.0
2235.0	1.0
2237.0	1.0
2238.0	1.0
2243.0	1.0
2244.0	1.0
2246.0	2.0
2247.0	1.0
2249.0	1.0
2250.0	2.0
2253.0	1.0
2254.0	2.0
2256.0	1.0
2257.0	1.0
2258.0	1.0
2259.0	2.0
2260.0	1.0
2261.0	1.0
2262.0	1.0
2263.0	1.0
2265.0	1.0
2266.0	1.0
2269.0	2.0
2270.0	2.0
2272.0	1.0
2274.0	1.0
2275.0	1.0
2278.0	2.0
2280.0	1.0
2283.0	3.0
2284.0	1.0
2286.0	1.0
2287.0	1.0
2288.0	1.0
2289.0	1.0
2290.0	2.0
2291.0	2.0
2292.0	2.0
2293.0	2.0
2294.0	1.0
2295.0	3.0
2298.0	1.0
2299.0	1.0
2300.0	1.0
2301.0	1.0
2302.0	1.0
2306.0	2.0
2307.0	1.0
2308.0	1.0
2309.0	1.0
2310.0	1.0
2311.0	1.0
2313.0	2.0
2314.0	2.0
2315.0	2.0
2316.0	1.0
2317.0	1.0
2318.0	1.0
2319.0	3.0
2321.0	4.0
2324.0	1.0
2325.0	2.0
2327.0	1.0
2328.0	2.0
2329.0	1.0
2330.0	1.0
2331.0	2.0
2332.0	2.0
2334.0	1.0
2339.0	1.0
2342.0	1.0
2345.0	2.0
2346.0	1.0
2347.0	1.0
2348.0	1.0
2350.0	1.0
2351.0	2.0
2354.0	1.0
2356.0	1.0
2362.0	1.0
2364.0	1.0
2367.0	1.0
2369.0	1.0
2370.0	2.0
2371.0	2.0
2372.0	2.0
2373.0	1.0
2375.0	1.0
2378.0	1.0
2379.0	1.0
2382.0	1.0
2383.0	1.0
2385.0	3.0
2386.0	1.0
2390.0	1.0
2391.0	1.0
2392.0	1.0
2393.0	1.0
2397.0	1.0
2398.0	2.0
2400.0	1.0
2402.0	1.0
2403.0	1.0
2404.0	3.0
2405.0	1.0
2407.0	1.0
2408.0	1.0
2409.0	1.0
2411.0	2.0
2416.0	1.0
2419.0	1.0
2420.0	1.0
2422.0	2.0
2423.0	1.0
2424.0	2.0
2425.0	1.0
2429.0	1.0
2430.0	1.0
2431.0	1.0
2432.0	1.0
2438.0	2.0
2442.0	1.0
2444.0	1.0
2449.0	2.0
2451.0	1.0
2453.0	2.0
2454.0	1.0
2461.0	2.0
2463.0	2.0
2464.0	3.0
2467.0	2.0
2469.0	2.0
2473.0	2.0
2474.0	1.0
2475.0	1.0
2476.0	1.0
2477.0	2.0
2478.0	2.0
2480.0	1.0
2481.0	1.0
2483.0	2.0
2486.0	1.0
2489.0	1.0
2490.0	1.0
2491.0	2.0
2492.0	1.0
2493.0	1.0
2494.0	2.0
2495.0	2.0
2497.0	1.0
2498.0	1.0
2499.0	2.0
2500.0	1.0
2502.0	1.0
2503.0	1.0
2505.0	1.0
2506.0	2.0
2507.0	1.0
2509.0	1.0
2513.0	2.0
2514.0	1.0
2520.0	1.0
2522.0	1.0
2529.0	1.0
2531.0	1.0
2532.0	1.0
2533.0	1.0
2535.0	1.0
2538.0	2.0
2539.0	2.0
2543.0	1.0
2544.0	1.0
2547.0	2.0
2548.0	2.0
2549.0	1.0
2550.0	3.0
2552.0	1.0
2553.0	1.0
2556.0	1.0
2557.0	1.0
2559.0	1.0
2562.0	1.0
2566.0	1.0
2569.0	1.0
2570.0	1.0
2580.0	2.0
2581.0	2.0
2583.0	2.0
2584.0	2.0
2585.0	1.0
2586.0	3.0
2589.0	1.0
2596.0	3.0
2598.0	1.0
2599.0	2.0
2602.0	2.0
2610.0	1.0
2611.0	1.0
2614.0	3.0
2617.0	1.0
2618.0	2.0
2622.0	1.0
2623.0	2.0
2626.0	2.0
2627.0	1.0
2628.0	1.0
2632.0	1.0
2633.0	1.0
2635.0	3.0
2640.0	1.0
2643.0	2.0
2644.0	1.0
2647.0	1.0
2652.0	1.0
2654.0	1.0
2658.0	1.0
2665.0	1.0
2666.0	1.0
2680.0	1.0
2682.0	2.0
2686.0	2.0
2688.0	1.0
2689.0	1.0
2691.0	1.0
2692.0	1.0
2693.0	1.0
2695.0	1.0
2697.0	1.0
2700.0	1.0
2701.0	1.0
2702.0	3.0
2706.0	3.0
2708.0	1.0
2709.0	1.0
2710.0	1.0
2713.0	1.0
2715.0	1.0
2716.0	2.0
2718.0	3.0
2719.0	1.0
2721.0	1.0
2722.0	2.0
2724.0	1.0
2726.0	3.0
2728.0	1.0
2729.0	2.0
2731.0	1.0
2732.0	1.0
2738.0	1.0
2740.0	2.0
2742.0	2.0
2745.0	2.0
2747.0	1.0
2748.0	1.0
2749.0	4.0
2750.0	1.0
2751.0	2.0
2752.0	1.0
2755.0	1.0
2756.0	1.0
2758.0	1.0
2761.0	1.0
2762.0	2.0
2763.0	1.0
2764.0	2.0
2765.0	2.0
2768.0	1.0
2770.0	2.0
2771.0	2.0
2773.0	1.0
2774.0	1.0
2778.0	3.0
2780.0	1.0
2783.0	1.0
2784.0	2.0
2785.0	1.0
2788.0	3.0
2793.0	3.0
2794.0	1.0
2796.0	2.0
2797.0	2.0
2799.0	1.0
2800.0	1.0
2801.0	1.0
2804.0	1.0
2811.0	3.0
2812.0	3.0
2813.0	1.0
2815.0	1.0
2822.0	1.0
2826.0	1.0
2831.0	1.0
2832.0	2.0
2833.0	1.0
2836.0	1.0
2837.0	1.0
2838.0	1.0
2839.0	1.0
2841.0	1.0
2843.0	2.0
2847.0	2.0
2849.0	2.0
2850.0	1.0
2852.0	1.0
2853.0	2.0
2855.0	1.0
2857.0	2.0
2859.0	1.0
2861.0	2.0
2865.0	1.0
2866.0	1.0
2867.0	2.0
2871.0	1.0
2874.0	2.0
2880.0	1.0
2881.0	2.0
2883.0	1.0
2885.0	1.0
2887.0	2.0
2890.0	1.0
2893.0	2.0
2894.0	1.0
2897.0	1.0
2899.0	2.0
2900.0	1.0
2901.0	1.0
2903.0	1.0
2904.0	2.0
2905.0	2.0
2907.0	3.0
2909.0	1.0
2910.0	1.0
2911.0	3.0
2913.0	2.0
2915.0	1.0
2916.0	2.0
2918.0	1.0
2919.0	1.0
2921.0	2.0
2922.0	1.0
2925.0	1.0
2926.0	3.0
2929.0	3.0
2930.0	2.0
2931.0	2.0
2932.0	1.0
2933.0	1.0
2936.0	2.0
2938.0	2.0
2939.0	1.0
2944.0	1.0
2945.0	3.0
2946.0	2.0
2949.0	2.0
2950.0	1.0
2952.0	1.0
2953.0	1.0
2954.0	1.0
2955.0	1.0
2957.0	4.0
2959.0	2.0
2960.0	1.0
2961.0	1.0
2962.0	2.0
2963.0	3.0
2964.0	1.0
2966.0	1.0
2967.0	2.0
2970.0	1.0
2971.0	2.0
2973.0	1.0
2976.0	1.0
2978.0	2.0
2979.0	2.0
2982.0	3.0
2985.0	3.0
2989.0	1.0
2991.0	1.0
2995.0	1.0
2996.0	1.0
2999.0	2.0
3000.0	1.0
3002.0	2.0
3004.0	1.0
3007.0	1.0
3012.0	1.0
3013.0	3.0
3014.0	2.0
3017.0	1.0
3020.0	1.0
3021.0	2.0
3023.0	1.0
3024.0	2.0
3025.0	2.0
3026.0	1.0
3027.0	1.0
3028.0	1.0
3029.0	2.0
3032.0	1.0
3035.0	1.0
3036.0	2.0
3042.0	1.0
3044.0	1.0
3046.0	1.0
3049.0	1.0
3050.0	1.0
3051.0	2.0
3056.0	2.0
3058.0	1.0
3059.0	1.0
3065.0	2.0
3067.0	2.0
3069.0	1.0
3070.0	2.0
3072.0	2.0
3073.0	2.0
3076.0	2.0
3078.0	2.0
3083.0	1.0
3084.0	1.0
3085.0	1.0
3088.0	1.0
3089.0	1.0
3091.0	1.0
3097.0	2.0
3099.0	1.0
3101.0	1.0
3103.0	1.0
3104.0	1.0
3105.0	1.0
3109.0	2.0
3110.0	3.0
3112.0	1.0
3113.0	2.0
3115.0	1.0
3116.0	1.0
3117.0	2.0
3121.0	1.0
3123.0	2.0
3124.0	1.0
3126.0	2.0
3130.0	2.0
3132.0	2.0
3133.0	1.0
3134.0	1.0
3137.0	1.0
3138.0	1.0
3139.0	3.0
3140.0	2.0
3141.0	1.0
3142.0	1.0
3144.0	1.0
3146.0	1.0
3147.0	1.0
3149.0	2.0
3150.0	2.0
3152.0	1.0
3157.0	1.0
3160.0	3.0
3161.0	1.0
3164.0	1.0
3168.0	3.0
3170.0	1.0
3172.0	1.0
3174.0	2.0
3175.0	1.0
3176.0	1.0
3177.0	1.0
3178.0	2.0
3180.0	1.0
3184.0	1.0
3188.0	1.0
3189.0	1.0
3190.0	1.0
3193.0	2.0
3194.0	1.0
3195.0	1.0
3198.0	2.0
3199.0	1.0
3201.0	1.0
3208.0	1.0
3209.0	1.0
3210.0	1.0
3211.0	1.0
3212.0	1.0
3214.0	1.0
3215.0	1.0
3216.0	1.0
3217.0	3.0
3220.0	1.0
3221.0	4.0
3223.0	1.0
3224.0	1.0
3225.0	1.0
3229.0	1.0
3230.0	1.0
3233.0	1.0
3234.0	1.0
3236.0	1.0
3239.0	1.0
3241.0	1.0
3243.0	1.0
3244.0	1.0
3248.0	1.0
3251.0	2.0
3253.0	2.0
3254.0	1.0
3255.0	1.0
3260.0	1.0
3261.0	1.0
3262.0	1.0
3263.0	2.0
3264.0	1.0
3269.0	1.0
3271.0	1.0
3272.0	1.0
3273.0	1.0
3274.0	2.0
3277.0	1.0
3281.0	1.0
3282.0	1.0
3285.0	1.0
3288.0	1.0
3290.0	1.0
3291.0	1.0
3294.0	1.0
3296.0	1.0
3297.0	1.0
3298.0	1.0
3305.0	1.0
3312.0	1.0
3313.0	1.0
3314.0	1.0
3315.0	1.0
3318.0	3.0
3319.0	2.0
3320.0	1.0
3322.0	1.0
3323.0	1.0
3327.0	1.0
3330.0	2.0
3333.0	2.0
3334.0	1.0
3335.0	1.0
3336.0	1.0
3339.0	2.0
3343.0	1.0
3345.0	2.0
3346.0	1.0
3347.0	1.0
3348.0	1.0
3350.0	2.0
3357.0	1.0
3360.0	1.0
3361.0	1.0
3362.0	1.0
3363.0	2.0
3369.0	2.0
3370.0	1.0
3375.0	5.0
3383.0	1.0
3385.0	1.0
3388.0	1.0
3389.0	1.0
3394.0	2.0
3396.0	1.0
3398.0	1.0
3401.0	2.0
3405.0	2.0
3406.0	2.0
3410.0	2.0
3411.0	2.0
3413.0	1.0
3414.0	2.0
3417.0	1.0
3422.0	2.0
3423.0	4.0
3426.0	1.0
3427.0	1.0
3429.0	1.0
3432.0	1.0
3434.0	1.0
3436.0	2.0
3443.0	1.0
3445.0	1.0
3447.0	1.0
3449.0	2.0
3450.0	3.0
3453.0	1.0
3455.0	1.0
3456.0	2.0
3457.0	2.0
3461.0	3.0
3464.0	2.0
3466.0	1.0
3467.0	1.0
3469.0	1.0
3470.0	1.0
3471.0	1.0
3477.0	1.0
3478.0	1.0
3480.0	3.0
3481.0	3.0
3482.0	1.0
3483.0	4.0
3484.0	4.0
3485.0	11.0
3486.0	2.0
3487.0	2.0
3492.0	1.0
3493.0	1.0
3494.0	1.0
3495.0	2.0
3496.0	1.0
3498.0	1.0
3499.0	2.0
3503.0	1.0
3505.0	1.0
3507.0	2.0
3511.0	1.0
3512.0	1.0
3514.0	1.0
3515.0	1.0
3518.0	2.0
3520.0	1.0
3523.0	1.0
3524.0	1.0
3528.0	1.0
3529.0	1.0
3530.0	2.0
3531.0	2.0
3539.0	1.0
3544.0	1.0
3546.0	1.0
3548.0	1.0
3550.0	1.0
3554.0	1.0
3557.0	1.0
3562.0	1.0
3563.0	1.0
3566.0	3.0
3568.0	1.0
3569.0	1.0
3571.0	3.0
3573.0	1.0
3574.0	1.0
3575.0	2.0
3577.0	1.0
3579.0	1.0
3580.0	1.0
3581.0	1.0
3585.0	1.0
3594.0	1.0
3597.0	1.0
3599.0	3.0
3600.0	1.0
3602.0	1.0
3603.0	1.0
3604.0	2.0
3606.0	1.0
3609.0	3.0
3610.0	1.0
3611.0	2.0
3612.0	1.0
3614.0	1.0
3623.0	3.0
3625.0	1.0
3630.0	1.0
3633.0	1.0
3637.0	1.0
3642.0	3.0
3644.0	1.0
3649.0	1.0
3651.0	1.0
3659.0	2.0
3662.0	1.0
3668.0	1.0
3669.0	1.0
3671.0	1.0
3673.0	1.0
3680.0	1.0
3684.0	1.0
3686.0	1.0
3687.0	1.0
3695.0	1.0
3699.0	1.0
3700.0	1.0
3705.0	2.0
3707.0	1.0
3708.0	1.0
3709.0	2.0
3711.0	2.0
3713.0	2.0
3714.0	1.0
3718.0	1.0
3724.0	1.0
3725.0	1.0
3728.0	1.0
3729.0	2.0
3730.0	1.0
3731.0	1.0
3734.0	1.0
3738.0	1.0
3739.0	1.0
3744.0	1.0
3749.0	1.0
3750.0	1.0
3751.0	1.0
3755.0	1.0
3756.0	1.0
3757.0	1.0
3758.0	1.0
3759.0	1.0
3760.0	2.0
3763.0	1.0
3765.0	1.0
3766.0	1.0
3768.0	1.0
3775.0	2.0
3780.0	1.0
3788.0	1.0
3791.0	1.0
3803.0	1.0
3804.0	1.0
3805.0	1.0
3807.0	1.0
3808.0	1.0
3813.0	1.0
3816.0	1.0
3819.0	1.0
3820.0	1.0
3822.0	1.0
3826.0	1.0
3831.0	1.0
3832.0	1.0
3834.0	1.0
3836.0	1.0
3839.0	1.0
3843.0	1.0
3844.0	1.0
3847.0	1.0
3851.0	1.0
3854.0	1.0
3864.0	1.0
3867.0	1.0
3872.0	2.0
3874.0	3.0
3877.0	1.0
3878.0	1.0
3879.0	1.0
3881.0	1.0
3882.0	1.0
3885.0	1.0
3887.0	1.0
3890.0	1.0
3895.0	1.0
3896.0	1.0
3901.0	1.0
3911.0	1.0
3912.0	1.0
3915.0	1.0
3916.0	1.0
3919.0	1.0
3920.0	3.0
3921.0	1.0
3923.0	1.0
3925.0	1.0
3926.0	1.0
3931.0	1.0
3933.0	1.0
3935.0	1.0
3936.0	1.0
3942.0	1.0
3944.0	2.0
3945.0	1.0
3951.0	1.0
3952.0	2.0
3953.0	1.0
3954.0	3.0
3955.0	1.0
3956.0	1.0
3958.0	1.0
3961.0	3.0
3962.0	1.0
3966.0	1.0
3967.0	1.0
3992.0	1.0
3996.0	1.0
3999.0	1.0
4001.0	1.0
4002.0	1.0
4004.0	2.0
4007.0	1.0
4018.0	1.0
4021.0	1.0
4022.0	1.0
4024.0	1.0
4025.0	1.0
4028.0	1.0
4029.0	1.0
4035.0	1.0
4036.0	2.0
4038.0	1.0
4039.0	1.0
4040.0	1.0
4042.0	1.0
4043.0	1.0
4050.0	1.0
4051.0	1.0
4055.0	1.0
4057.0	1.0
4059.0	2.0
4062.0	1.0
4063.0	2.0
4065.0	1.0
4071.0	1.0
4072.0	1.0
4074.0	1.0
4077.0	1.0
4082.0	1.0
4083.0	1.0
4087.0	3.0
4089.0	1.0
4090.0	1.0
4093.0	1.0
4096.0	2.0
4097.0	1.0
4099.0	1.0
4102.0	1.0
4105.0	1.0
4106.0	1.0
4108.0	1.0
4113.0	1.0
4122.0	1.0
4126.0	1.0
4130.0	1.0
4138.0	1.0
4140.0	1.0
4142.0	1.0
4147.0	2.0
4151.0	1.0
4153.0	1.0
4159.0	1.0
4161.0	1.0
4163.0	2.0
4166.0	2.0
4172.0	1.0
4176.0	1.0
4177.0	1.0
4178.0	2.0
4180.0	1.0
4181.0	1.0
4186.0	1.0
4189.0	1.0
4192.0	1.0
4196.0	1.0
4197.0	1.0
4199.0	1.0
4204.0	1.0
4208.0	1.0
4218.0	1.0
4219.0	1.0
4222.0	1.0
4227.0	1.0
4231.0	1.0
4233.0	1.0
4236.0	1.0
4237.0	1.0
4238.0	1.0
4239.0	1.0
4248.0	1.0
4251.0	1.0
4254.0	3.0
4258.0	2.0
4261.0	1.0
4267.0	1.0
4270.0	1.0
4273.0	1.0
4281.0	1.0
4286.0	1.0
4290.0	3.0
4293.0	1.0
4294.0	1.0
4298.0	1.0
4303.0	1.0
4304.0	1.0
4306.0	1.0
4309.0	2.0
4312.0	1.0
4313.0	1.0
4315.0	1.0
4318.0	1.0
4319.0	1.0
4320.0	1.0
4323.0	2.0
4324.0	2.0
4328.0	1.0
4330.0	1.0
4331.0	2.0
4333.0	1.0
4340.0	1.0
4341.0	2.0
4342.0	2.0
4346.0	2.0
4348.0	1.0
4352.0	1.0
4354.0	1.0
4355.0	1.0
4356.0	1.0
4358.0	1.0
4378.0	1.0
4381.0	1.0
4382.0	1.0
4387.0	1.0
4395.0	1.0
4396.0	1.0
4398.0	2.0
4404.0	1.0
4407.0	1.0
4411.0	1.0
4412.0	1.0
4418.0	1.0
4420.0	1.0
4422.0	1.0
4424.0	1.0
4426.0	1.0
4427.0	2.0
4428.0	1.0
4432.0	1.0
4433.0	1.0
4438.0	2.0
4442.0	1.0
4445.0	2.0
4447.0	1.0
4452.0	1.0
4453.0	1.0
4457.0	1.0
4458.0	1.0
4460.0	1.0
4464.0	2.0
4469.0	1.0
4470.0	1.0
4475.0	2.0
4477.0	1.0
4480.0	2.0
4481.0	1.0
4482.0	1.0
4484.0	1.0
4499.0	1.0
4504.0	1.0
4510.0	1.0
4524.0	1.0
4532.0	1.0
4535.0	1.0
4537.0	1.0
4542.0	1.0
4546.0	1.0
4564.0	1.0
4566.0	1.0
4570.0	1.0
4578.0	1.0
4581.0	1.0
4582.0	1.0
4584.0	4.0
4587.0	1.0
4600.0	1.0
4601.0	1.0
4605.0	2.0
4611.0	2.0
4612.0	1.0
4615.0	1.0
4624.0	1.0
4625.0	1.0
4627.0	1.0
4631.0	1.0
4641.0	2.0
4642.0	2.0
4646.0	1.0
4656.0	1.0
4658.0	1.0
4662.0	1.0
4663.0	1.0
4665.0	2.0
4670.0	1.0
4673.0	1.0
4675.0	1.0
4679.0	1.0
4683.0	1.0
4687.0	1.0
4693.0	1.0
4703.0	1.0
4704.0	1.0
4713.0	1.0
4718.0	1.0
4723.0	1.0
4753.0	2.0
4757.0	1.0
4768.0	1.0
4813.0	1.0
4815.0	2.0
4822.0	1.0
4827.0	1.0
4830.0	1.0
4831.0	2.0
4846.0	1.0
4848.0	2.0
4851.0	1.0
4854.0	1.0
4860.0	1.0
4862.0	1.0
4866.0	1.0
4869.0	2.0
4883.0	1.0
4893.0	1.0
4900.0	1.0
4906.0	1.0
4908.0	1.0
4910.0	2.0
4911.0	1.0
4914.0	1.0
4915.0	1.0
4922.0	1.0
4934.0	1.0
4941.0	1.0
4942.0	1.0
4949.0	1.0
4951.0	1.0
4952.0	2.0
4955.0	1.0
4963.0	1.0
4967.0	1.0
4975.0	1.0
4977.0	1.0
4986.0	1.0
4998.0	2.0
4999.0	1.0
5003.0	1.0
5016.0	1.0
5021.0	1.0
5024.0	1.0
5035.0	1.0
5047.0	1.0
5049.0	1.0
5058.0	1.0
5060.0	1.0
5066.0	1.0
5094.0	1.0
5105.0	1.0
5109.0	1.0
5112.0	1.0
5120.0	1.0
5134.0	1.0
5136.0	1.0
5142.0	1.0
5143.0	1.0
5159.0	1.0
5160.0	1.0
5167.0	1.0
5174.0	1.0
5192.0	1.0
5207.0	1.0
5212.0	1.0
5214.0	1.0
5215.0	1.0
5216.0	1.0
5218.0	1.0
5222.0	1.0
5223.0	1.0
5224.0	1.0
5231.0	1.0
5233.0	1.0
5248.0	1.0
5250.0	1.0
5256.0	1.0
5257.0	1.0
5262.0	1.0
5267.0	1.0
5271.0	1.0
5272.0	1.0
5274.0	1.0
5276.0	1.0
5280.0	1.0
5281.0	1.0
5282.0	1.0
5283.0	1.0
5284.0	1.0
5286.0	1.0
5292.0	1.0
5293.0	1.0
5296.0	2.0
5297.0	1.0
5301.0	1.0
5302.0	1.0
5303.0	1.0
5307.0	1.0
5309.0	1.0
5311.0	1.0
5312.0	1.0
5314.0	2.0
5316.0	1.0
5320.0	2.0
5324.0	1.0
5328.0	1.0
5333.0	1.0
5336.0	1.0
5337.0	1.0
5343.0	1.0
5351.0	1.0
5374.0	1.0
5393.0	1.0
5395.0	1.0
5397.0	1.0
5399.0	1.0
5400.0	1.0
5404.0	1.0
5411.0	1.0
5414.0	1.0
5418.0	1.0
5421.0	1.0
5423.0	1.0
5425.0	1.0
5426.0	1.0
5427.0	1.0
5439.0	3.0
5440.0	2.0
5443.0	2.0
5444.0	1.0
5446.0	1.0
5448.0	1.0
5463.0	1.0
5464.0	1.0
5470.0	1.0
5482.0	1.0
5487.0	1.0
5489.0	1.0
5506.0	1.0
5508.0	1.0
5512.0	1.0
5517.0	1.0
5520.0	1.0
5527.0	1.0
5534.0	1.0
5538.0	1.0
5539.0	1.0
5541.0	1.0
5544.0	1.0
5548.0	2.0
5553.0	1.0
5561.0	1.0
5570.0	1.0
5580.0	1.0
5581.0	1.0
5583.0	1.0
5588.0	1.0
5596.0	1.0
5597.0	1.0
5615.0	1.0
5617.0	2.0
5624.0	1.0
5632.0	1.0
5637.0	1.0
5638.0	1.0
5641.0	1.0
5643.0	2.0
5644.0	1.0
5651.0	1.0
5653.0	1.0
5657.0	1.0
5660.0	1.0
5663.0	1.0
5665.0	1.0
5673.0	1.0
5689.0	1.0
5695.0	1.0
5701.0	1.0
5702.0	2.0
5705.0	1.0
5708.0	1.0
5709.0	1.0
5714.0	1.0
5715.0	1.0
5717.0	2.0
5727.0	1.0
5735.0	1.0
5737.0	2.0
5738.0	1.0
5742.0	1.0
5745.0	1.0
5747.0	1.0
5758.0	1.0
5760.0	1.0
5763.0	1.0
5771.0	2.0
5778.0	2.0
5786.0	1.0
5799.0	1.0
5803.0	1.0
5806.0	1.0
5807.0	1.0
5813.0	1.0
5815.0	1.0
5837.0	2.0
5848.0	1.0
5855.0	1.0
5862.0	1.0
5864.0	1.0
5867.0	1.0
5869.0	1.0
5878.0	1.0
5879.0	1.0
5885.0	1.0
5896.0	1.0
5898.0	1.0
5899.0	1.0
5902.0	1.0
5906.0	1.0
5907.0	1.0
5911.0	1.0
5912.0	1.0
5916.0	1.0
5927.0	1.0
5939.0	1.0
5942.0	1.0
5944.0	1.0
5951.0	1.0
5952.0	1.0
5958.0	2.0
5959.0	1.0
5960.0	1.0
5961.0	1.0
5969.0	2.0
5973.0	1.0
5975.0	2.0
5976.0	2.0
5981.0	1.0
5983.0	1.0
5984.0	1.0
5988.0	1.0
5989.0	1.0
5990.0	3.0
5998.0	1.0
5999.0	1.0
6002.0	3.0
6008.0	2.0
6017.0	1.0
6020.0	1.0
6029.0	1.0
6030.0	1.0
6034.0	1.0
6036.0	1.0
6038.0	2.0
6042.0	1.0
6044.0	1.0
6048.0	1.0
6051.0	1.0
6055.0	3.0
6057.0	1.0
6063.0	1.0
6069.0	1.0
6072.0	1.0
6074.0	1.0
6078.0	1.0
6085.0	1.0
6087.0	2.0
6088.0	1.0
6096.0	2.0
6098.0	1.0
6100.0	2.0
6102.0	1.0
6110.0	1.0
6112.0	1.0
6119.0	2.0
6124.0	1.0
6127.0	1.0
6128.0	1.0
6132.0	2.0
6134.0	1.0
6135.0	1.0
6136.0	1.0
6139.0	1.0
6143.0	1.0
6156.0	1.0
6161.0	1.0
6162.0	1.0
6166.0	1.0
6174.0	1.0
6177.0	1.0
6179.0	1.0
6180.0	1.0
6185.0	1.0
6188.0	1.0
6195.0	1.0
6199.0	2.0
6202.0	1.0
6203.0	1.0
6207.0	1.0
6210.0	1.0
6218.0	1.0
6219.0	1.0
6220.0	1.0
6221.0	1.0
6222.0	2.0
6225.0	2.0
6226.0	1.0
6236.0	1.0
6239.0	1.0
6242.0	1.0
6245.0	2.0
6246.0	1.0
6249.0	1.0
6251.0	1.0
6254.0	1.0
6262.0	1.0
6275.0	1.0
6281.0	1.0
6284.0	1.0
6285.0	1.0
6291.0	2.0
6300.0	1.0
6322.0	1.0
6326.0	1.0
6329.0	1.0
6336.0	1.0
6337.0	1.0
6338.0	1.0
6340.0	2.0
6343.0	1.0
6347.0	1.0
6348.0	2.0
6351.0	2.0
6354.0	1.0
6358.0	2.0
6359.0	1.0
6369.0	2.0
6373.0	1.0
6374.0	2.0
6376.0	1.0
6381.0	2.0
6383.0	1.0
6385.0	1.0
6391.0	1.0
6395.0	1.0
6399.0	2.0
6408.0	2.0
6409.0	1.0
6410.0	1.0
6411.0	1.0
6417.0	1.0
6424.0	1.0
6428.0	3.0
6430.0	1.0
6432.0	1.0
6433.0	1.0
6435.0	1.0
6437.0	1.0
6441.0	1.0
6442.0	2.0
6448.0	1.0
6462.0	2.0
6484.0	1.0
6485.0	1.0
6490.0	1.0
6501.0	1.0
6524.0	2.0
6526.0	1.0
6553.0	1.0
6561.0	1.0
6565.0	2.0
6571.0	1.0
6573.0	1.0
6584.0	1.0
6587.0	1.0
6589.0	1.0
6606.0	1.0
6614.0	2.0
6621.0	1.0
6632.0	1.0
6637.0	1.0
6640.0	2.0
6643.0	1.0
6659.0	1.0
6660.0	2.0
6661.0	3.0
6662.0	1.0
6665.0	1.0
6675.0	1.0
6677.0	1.0
6683.0	1.0
6684.0	1.0
6685.0	1.0
6688.0	1.0
6689.0	1.0
6694.0	1.0
6714.0	1.0
6715.0	1.0
6730.0	1.0
6736.0	2.0
6740.0	1.0
6748.0	1.0
6756.0	1.0
6762.0	2.0
6775.0	1.0
6776.0	1.0
6778.0	1.0
6786.0	1.0
6803.0	1.0
6807.0	1.0
6808.0	1.0
6810.0	3.0
6815.0	1.0
6816.0	2.0
6820.0	1.0
6821.0	3.0
6834.0	1.0
6835.0	1.0
6837.0	1.0
6841.0	1.0
6843.0	1.0
6846.0	1.0
6853.0	1.0
6855.0	1.0
6860.0	1.0
6870.0	1.0
6877.0	1.0
6880.0	2.0
6881.0	1.0
6882.0	1.0
6899.0	1.0
6905.0	1.0
6906.0	1.0
6909.0	1.0
6915.0	1.0
6927.0	1.0
6934.0	1.0
6935.0	1.0
6940.0	1.0
6941.0	1.0
6945.0	1.0
6948.0	1.0
6953.0	2.0
6954.0	2.0
6955.0	1.0
6956.0	1.0
6958.0	1.0
6960.0	1.0
6962.0	1.0
6963.0	2.0
6965.0	1.0
6967.0	1.0
6971.0	2.0
6975.0	1.0
6979.0	1.0
6991.0	1.0
6999.0	1.0
7001.0	1.0
7005.0	1.0
7009.0	1.0
7014.0	1.0
7022.0	1.0
7024.0	1.0
7029.0	1.0
7030.0	2.0
7035.0	1.0
7037.0	1.0
7040.0	1.0
7041.0	1.0
7046.0	3.0
7047.0	1.0
7049.0	1.0
7051.0	1.0
7052.0	1.0
7055.0	1.0
7057.0	1.0
7059.0	1.0
7060.0	1.0
7062.0	3.0
7064.0	1.0
7066.0	1.0
7072.0	1.0
7074.0	1.0
7075.0	1.0
7076.0	1.0
7082.0	2.0
7089.0	2.0
7106.0	1.0
7112.0	1.0
7113.0	1.0
7115.0	1.0
7161.0	1.0
7167.0	1.0
7168.0	1.0
7170.0	1.0
7172.0	1.0
7174.0	1.0
7176.0	2.0
7177.0	3.0
7179.0	1.0
7181.0	1.0
7182.0	1.0
7193.0	1.0
7200.0	1.0
7204.0	1.0
7205.0	1.0
7208.0	1.0
7209.0	1.0
7214.0	1.0
7215.0	1.0
7216.0	1.0
7217.0	1.0
7219.0	1.0
7220.0	3.0
7224.0	1.0
7251.0	2.0
7253.0	1.0
7255.0	1.0
7258.0	1.0
7264.0	1.0
7271.0	1.0
7280.0	1.0
7292.0	1.0
7302.0	1.0
7310.0	2.0
7321.0	1.0
7331.0	1.0
7333.0	1.0
7377.0	1.0
7382.0	1.0
7384.0	1.0
7386.0	1.0
7394.0	1.0
7415.0	1.0
7418.0	1.0
7439.0	1.0
7444.0	1.0
7454.0	1.0
7507.0	1.0
7517.0	1.0
7523.0	1.0
7531.0	1.0
7548.0	1.0
7570.0	1.0
7579.0	1.0
7580.0	1.0
7599.0	1.0
7626.0	1.0
7630.0	1.0
7638.0	1.0
7663.0	1.0
7679.0	1.0
7691.0	1.0
7709.0	1.0
7731.0	1.0
7746.0	1.0
7779.0	1.0
7798.0	1.0
7807.0	1.0
7808.0	2.0
7810.0	1.0
7811.0	1.0
7812.0	1.0
7816.0	1.0
7817.0	1.0
7830.0	1.0
7855.0	1.0
7889.0	1.0
7899.0	1.0
7906.0	1.0
7910.0	1.0
7917.0	1.0
7925.0	1.0
7926.0	1.0
7965.0	1.0
7968.0	1.0
7982.0	1.0
7990.0	1.0
7993.0	1.0
7995.0	1.0
8016.0	1.0
8019.0	1.0
8032.0	1.0
8053.0	1.0
8058.0	1.0
8073.0	1.0
8097.0	1.0
8099.0	1.0
8101.0	1.0
8105.0	1.0
8117.0	1.0
8132.0	1.0
8136.0	1.0
8140.0	1.0
8152.0	1.0
8154.0	2.0
8155.0	1.0
8166.0	1.0
8167.0	1.0
8172.0	1.0
8178.0	1.0
8181.0	1.0
8182.0	1.0
8186.0	1.0
8188.0	1.0
8191.0	1.0
8208.0	1.0
8212.0	1.0
8225.0	1.0
8227.0	1.0
8252.0	1.0
8260.0	1.0
8263.0	1.0
8273.0	1.0
8275.0	1.0
8276.0	1.0
8283.0	1.0
8288.0	1.0
8305.0	2.0
8312.0	1.0
8320.0	1.0
8322.0	1.0
8323.0	1.0
8337.0	1.0
8354.0	1.0
8364.0	1.0
8375.0	1.0
8380.0	1.0
8382.0	1.0
8383.0	1.0
8386.0	1.0
8387.0	1.0
8395.0	2.0
8406.0	1.0
8409.0	1.0
8411.0	1.0
8412.0	1.0
8413.0	1.0
8417.0	1.0
8418.0	1.0
8424.0	1.0
8436.0	1.0
8443.0	1.0
8449.0	1.0
8456.0	1.0
8463.0	1.0
8469.0	1.0
8476.0	1.0
8485.0	1.0
8495.0	1.0
8496.0	1.0
8504.0	1.0
8515.0	1.0
8518.0	1.0
8541.0	1.0
8561.0	1.0
8567.0	1.0
8571.0	1.0
8580.0	1.0
8587.0	1.0
8590.0	1.0
8597.0	1.0
8605.0	1.0
8614.0	1.0
8622.0	1.0
8645.0	1.0
8652.0	1.0
8653.0	1.0
8667.0	1.0
8670.0	1.0
8673.0	1.0
8675.0	1.0
8695.0	1.0
8722.0	1.0
8727.0	1.0
8744.0	1.0
8752.0	1.0
8758.0	1.0
8759.0	1.0
8771.0	1.0
8772.0	1.0
8779.0	1.0
8785.0	1.0
8793.0	1.0
8797.0	1.0
8798.0	1.0
8804.0	1.0
8814.0	1.0
8825.0	1.0
8829.0	1.0
8830.0	1.0
8837.0	1.0
8845.0	1.0
8853.0	1.0
8854.0	1.0
8855.0	1.0
8867.0	1.0
8889.0	1.0
8914.0	1.0
8924.0	1.0
8928.0	1.0
8941.0	2.0
8943.0	2.0
8944.0	1.0
8955.0	1.0
8963.0	1.0
8985.0	1.0
8986.0	1.0
8988.0	2.0
9023.0	1.0
9024.0	1.0
9033.0	1.0
9038.0	1.0
9041.0	1.0
9065.0	1.0
9091.0	1.0
9130.0	1.0
9140.0	1.0
9151.0	1.0
9152.0	1.0
9170.0	1.0
9173.0	1.0
9200.0	1.0
9208.0	1.0
9230.0	1.0
9232.0	1.0
9256.0	1.0
9292.0	1.0
9328.0	1.0
9333.0	1.0
9356.0	1.0
9372.0	1.0
9375.0	1.0
9389.0	1.0
9407.0	1.0
9434.0	1.0
9438.0	2.0
9449.0	1.0
9465.0	1.0
9469.0	1.0
9487.0	1.0
9517.0	1.0
9518.0	1.0
9530.0	1.0
9551.0	1.0
9552.0	1.0
9574.0	1.0
9583.0	2.0
9588.0	1.0
9602.0	1.0
9611.0	1.0
9652.0	1.0
9656.0	1.0
9661.0	1.0
9677.0	1.0
9679.0	2.0
9689.0	1.0
9692.0	1.0
9707.0	1.0
9718.0	1.0
9723.0	1.0
9730.0	1.0
9736.0	1.0
9753.0	1.0
9754.0	1.0
9775.0	1.0
9784.0	1.0
9792.0	2.0
9802.0	1.0
9814.0	1.0
9820.0	1.0
9829.0	1.0
9831.0	1.0
9835.0	1.0
9838.0	1.0
9842.0	1.0
9848.0	2.0
9849.0	4.0
9850.0	4.0
9851.0	5.0
9852.0	7.0
9855.0	1.0
9868.0	1.0
9883.0	1.0
9888.0	1.0
9889.0	1.0
9905.0	1.0
9907.0	1.0
9911.0	1.0
9916.0	1.0
9936.0	2.0
9993.0	1.0
9994.0	1.0
9995.0	1.0
10000.0	1.0
10018.0	1.0
10045.0	1.0
10056.0	1.0
10057.0	1.0
10084.0	1.0
10085.0	1.0
10097.0	1.0
10129.0	1.0
10131.0	1.0
10143.0	1.0
10145.0	1.0
10148.0	1.0
10164.0	1.0
10183.0	1.0
10195.0	1.0
10207.0	1.0
10215.0	1.0
10218.0	1.0
10236.0	1.0
10243.0	2.0
10282.0	1.0
10308.0	1.0
10317.0	1.0
10379.0	1.0
10387.0	1.0
10390.0	1.0
10401.0	1.0
10455.0	1.0
10459.0	1.0
10469.0	1.0
10499.0	2.0
10512.0	1.0
10513.0	1.0
10518.0	1.0
10528.0	1.0
10538.0	1.0
10542.0	1.0
10601.0	1.0
10608.0	2.0
10612.0	1.0
10617.0	1.0
10649.0	1.0
10656.0	1.0
10661.0	1.0
10668.0	1.0
10685.0	1.0
10692.0	1.0
10698.0	1.0
10713.0	1.0
10772.0	1.0
10779.0	1.0
10783.0	1.0
10841.0	1.0
10879.0	1.0
10907.0	1.0
10965.0	1.0
11004.0	1.0
11005.0	1.0
11043.0	1.0
11071.0	1.0
11079.0	1.0
11080.0	1.0
11098.0	1.0
11110.0	1.0
11149.0	1.0
11162.0	1.0
11182.0	1.0
11187.0	1.0
11216.0	1.0
11219.0	1.0
11225.0	1.0
11231.0	1.0
11245.0	1.0
11247.0	1.0
11262.0	1.0
11283.0	1.0
11291.0	1.0
11299.0	1.0
11336.0	1.0
11380.0	1.0
11393.0	1.0
11424.0	1.0
11487.0	1.0
11546.0	1.0
11548.0	1.0
11561.0	1.0
11562.0	1.0
11564.0	1.0
11568.0	1.0
11570.0	1.0
11578.0	1.0
11590.0	1.0
11613.0	1.0
11623.0	1.0
11625.0	1.0
11645.0	1.0
11664.0	1.0
11676.0	1.0
11682.0	1.0
11700.0	2.0
11713.0	1.0
11723.0	1.0
11746.0	1.0
11752.0	1.0
11759.0	1.0
11763.0	1.0
11796.0	1.0
11800.0	1.0
11807.0	1.0
11814.0	1.0
11832.0	1.0
11834.0	1.0
11868.0	1.0
11874.0	1.0
11886.0	1.0
11911.0	1.0
11920.0	1.0
11954.0	1.0
11955.0	1.0
11958.0	1.0
11988.0	1.0
11994.0	1.0
12002.0	1.0
12026.0	1.0
12039.0	1.0
12057.0	1.0
12090.0	1.0
12103.0	1.0
12122.0	1.0
12157.0	1.0
12181.0	1.0
12226.0	1.0
12256.0	1.0
12270.0	1.0
12323.0	1.0
12334.0	1.0
12336.0	1.0
12348.0	1.0
12354.0	1.0
12361.0	1.0
12371.0	1.0
12377.0	1.0
12387.0	1.0
12396.0	1.0
12408.0	1.0
12416.0	1.0
12418.0	1.0
12419.0	1.0
12431.0	1.0
12436.0	1.0
12448.0	1.0
12467.0	1.0
12476.0	1.0
12485.0	1.0
12499.0	1.0
12504.0	1.0
12512.0	1.0
12523.0	1.0
12525.0	1.0
12539.0	1.0
12546.0	1.0
12559.0	1.0
12564.0	1.0
12567.0	1.0
12574.0	1.0
12584.0	1.0
12620.0	1.0
12621.0	1.0
12635.0	1.0
12638.0	1.0
12642.0	1.0
12646.0	1.0
12652.0	1.0
12676.0	1.0
12687.0	1.0
12696.0	1.0
12697.0	1.0
12706.0	1.0
12719.0	1.0
12722.0	1.0
12724.0	1.0
12730.0	1.0
12740.0	1.0
12743.0	1.0
12767.0	1.0
12769.0	1.0
12779.0	1.0
12785.0	1.0
12807.0	1.0
12808.0	1.0
12809.0	1.0
12815.0	1.0
12819.0	1.0
12828.0	1.0
12832.0	1.0
12850.0	1.0
12855.0	1.0
12863.0	1.0
12864.0	1.0
12866.0	1.0
12875.0	1.0
12884.0	1.0
12896.0	1.0
12913.0	1.0
12914.0	1.0
12919.0	1.0
12930.0	1.0
12936.0	2.0
12938.0	1.0
12944.0	1.0
12951.0	1.0
12953.0	1.0
12969.0	1.0
12973.0	1.0
12974.0	1.0
12981.0	1.0
12997.0	1.0
13007.0	1.0
13010.0	1.0
13039.0	2.0
13046.0	1.0
13051.0	1.0
13065.0	1.0
13076.0	1.0
13088.0	1.0
13090.0	1.0
13096.0	1.0
13100.0	1.0
13106.0	1.0
13123.0	1.0
13128.0	1.0
13142.0	1.0
13143.0	1.0
13154.0	1.0
13165.0	1.0
13168.0	1.0
13169.0	1.0
13173.0	1.0
13207.0	1.0
13222.0	1.0
13232.0	1.0
13291.0	1.0
13295.0	1.0
13303.0	1.0
13312.0	1.0
13349.0	1.0
13389.0	1.0
13433.0	1.0
13446.0	1.0
13516.0	1.0
13537.0	1.0
13554.0	1.0
13627.0	1.0
13704.0	1.0
13718.0	1.0
13729.0	1.0
13778.0	1.0
13782.0	1.0
13783.0	1.0
13786.0	1.0
13835.0	1.0
13871.0	1.0
13907.0	1.0
13960.0	1.0
13983.0	1.0
14007.0	1.0
14021.0	1.0
14044.0	1.0
14054.0	1.0
14075.0	1.0
14077.0	1.0
14105.0	1.0
14150.0	1.0
14170.0	1.0
14183.0	1.0
14217.0	1.0
14224.0	1.0
14243.0	1.0
14247.0	1.0
14296.0	1.0
14314.0	1.0
14330.0	1.0
14382.0	1.0
14477.0	2.0
14485.0	1.0
14489.0	1.0
14492.0	1.0
14496.0	1.0
14506.0	1.0
14577.0	1.0
14595.0	1.0
14616.0	1.0
14621.0	1.0
14629.0	1.0
14636.0	1.0
14648.0	1.0
14660.0	1.0
14662.0	1.0
14668.0	1.0
14682.0	1.0
14685.0	1.0
14749.0	1.0
14750.0	1.0
14753.0	1.0
14784.0	1.0
14790.0	1.0
14820.0	1.0
14825.0	1.0
14841.0	1.0
14960.0	1.0
14976.0	1.0
14991.0	1.0
15089.0	1.0
15090.0	1.0
15156.0	1.0
15175.0	1.0
15222.0	1.0
15235.0	1.0
15243.0	1.0
15252.0	1.0
15271.0	1.0
15282.0	1.0
15341.0	1.0
15346.0	1.0
15359.0	1.0
15393.0	1.0
15426.0	1.0
15470.0	1.0
15498.0	1.0
15540.0	1.0
15556.0	1.0
15576.0	1.0
15579.0	1.0
15585.0	1.0
15645.0	1.0
15719.0	1.0
15725.0	1.0
15756.0	1.0
15910.0	1.0
15923.0	1.0
15940.0	1.0
15996.0	2.0
16003.0	1.0
16006.0	1.0
16020.0	1.0
16026.0	1.0
16115.0	1.0
16192.0	1.0
16240.0	1.0
16284.0	1.0
16372.0	1.0
16503.0	2.0
16508.0	1.0
16524.0	1.0
16535.0	1.0
16546.0	1.0
16564.0	1.0
16600.0	1.0
16644.0	1.0
16662.0	1.0
16666.0	1.0
16683.0	1.0
16703.0	2.0
16714.0	1.0
16724.0	1.0
16726.0	1.0
16747.0	1.0
16765.0	1.0
16774.0	1.0
16791.0	1.0
16797.0	1.0
16800.0	1.0
16803.0	1.0
16822.0	1.0
16823.0	3.0
16825.0	2.0
16826.0	3.0
16828.0	1.0
16842.0	1.0
16856.0	1.0
16864.0	1.0
16880.0	1.0
16898.0	1.0
16902.0	1.0
16907.0	1.0
16939.0	1.0
16954.0	1.0
16991.0	1.0
17004.0	1.0
17076.0	1.0
17107.0	1.0
17148.0	1.0
17198.0	1.0
17214.0	1.0
17251.0	1.0
17277.0	1.0
17295.0	1.0
17296.0	1.0
17311.0	1.0
17323.0	1.0
17329.0	1.0
17339.0	1.0
17377.0	1.0
17392.0	1.0
17420.0	1.0
17430.0	1.0
17468.0	1.0
17491.0	1.0
17495.0	1.0
17496.0	1.0
17498.0	1.0
17504.0	1.0
17508.0	1.0
17509.0	1.0
17521.0	1.0
17528.0	1.0
17557.0	1.0
17565.0	1.0
17566.0	1.0
17593.0	1.0
17734.0	1.0
17753.0	2.0
17761.0	1.0
17775.0	1.0
17860.0	1.0
17862.0	1.0
17874.0	1.0
17879.0	1.0
17904.0	1.0
17971.0	1.0
18039.0	1.0
18081.0	1.0
18109.0	1.0
18128.0	1.0
18148.0	1.0
18192.0	1.0
18193.0	1.0
18228.0	1.0
18255.0	1.0
18309.0	1.0
18332.0	1.0
18337.0	1.0
18465.0	1.0
18507.0	1.0
18536.0	1.0
18557.0	1.0
18601.0	1.0
18614.0	1.0
18618.0	1.0
18639.0	1.0
18689.0	1.0
18717.0	1.0
18720.0	1.0
18742.0	1.0
18764.0	1.0
18766.0	1.0
18798.0	1.0
18807.0	1.0
18812.0	1.0
18835.0	1.0
18841.0	1.0
18872.0	1.0
18902.0	1.0
18907.0	1.0
18940.0	1.0
18950.0	1.0
18976.0	1.0
18977.0	1.0
18988.0	1.0
19001.0	1.0
19029.0	1.0
19106.0	1.0
19121.0	1.0
19154.0	1.0
19157.0	1.0
19231.0	1.0
19312.0	1.0
19327.0	1.0
19419.0	1.0
19431.0	1.0
19484.0	1.0
19497.0	2.0
19521.0	1.0
19579.0	1.0
19581.0	1.0
19586.0	1.0
19652.0	1.0
19673.0	1.0
19724.0	1.0
19808.0	1.0
19820.0	1.0
19824.0	1.0
19843.0	1.0
19930.0	1.0
19954.0	1.0
19963.0	1.0
19987.0	1.0
20022.0	1.0
20064.0	1.0
20144.0	1.0
20149.0	1.0
20217.0	1.0
20263.0	1.0
20278.0	1.0
20282.0	1.0
20338.0	1.0
20370.0	1.0
20397.0	1.0
20429.0	1.0
20459.0	1.0
20508.0	1.0
20523.0	1.0
20545.0	1.0
20577.0	1.0
20649.0	1.0
20716.0	1.0
20719.0	1.0
20736.0	1.0
20756.0	1.0
20774.0	1.0
20794.0	1.0
20809.0	1.0
20834.0	1.0
20886.0	1.0
20887.0	1.0
20922.0	1.0
20924.0	1.0
20960.0	1.0
20964.0	1.0
21011.0	1.0
21052.0	1.0
21055.0	1.0
21061.0	1.0
21110.0	1.0
21152.0	1.0
21177.0	1.0
21186.0	1.0
21193.0	1.0
21204.0	1.0
21224.0	1.0
21236.0	1.0
21264.0	1.0
21267.0	1.0
21272.0	1.0
21282.0	2.0
21313.0	1.0
21345.0	1.0
21350.0	1.0
21351.0	1.0
21397.0	1.0
21438.0	1.0
21449.0	1.0
21502.0	1.0
21512.0	1.0
21590.0	2.0
21596.0	1.0
21607.0	1.0
21617.0	1.0
21633.0	1.0
21674.0	1.0
21709.0	1.0
21714.0	1.0
21736.0	1.0
21750.0	1.0
21787.0	1.0
21794.0	1.0
21808.0	1.0
21819.0	2.0
21824.0	1.0
21877.0	1.0
21884.0	1.0
21949.0	1.0
21990.0	1.0
22034.0	1.0
22043.0	1.0
22058.0	1.0
22066.0	1.0
22072.0	1.0
22081.0	1.0
22099.0	1.0
22131.0	1.0
22133.0	1.0
22140.0	1.0
22157.0	1.0
22172.0	1.0
22190.0	1.0
22194.0	1.0
22218.0	1.0
22220.0	1.0
22291.0	1.0
22298.0	1.0
22359.0	1.0
22370.0	1.0
22469.0	1.0
22500.0	1.0
22524.0	1.0
22525.0	1.0
22544.0	1.0
22555.0	1.0
22561.0	1.0
22601.0	1.0
22607.0	1.0
22612.0	1.0
22613.0	1.0
22616.0	1.0
22639.0	1.0
22671.0	1.0
22682.0	1.0
22686.0	1.0
22704.0	1.0
22705.0	1.0
22719.0	1.0
22724.0	1.0
22752.0	1.0
22776.0	1.0
22788.0	1.0
22794.0	1.0
22851.0	1.0
22874.0	1.0
22939.0	1.0
22954.0	1.0
22978.0	1.0
22979.0	1.0
23028.0	1.0
23033.0	1.0
23155.0	1.0
23157.0	1.0
23185.0	1.0
23250.0	1.0
23271.0	1.0
23335.0	1.0
23352.0	1.0
23546.0	1.0
23569.0	1.0
23615.0	1.0
23666.0	1.0
23706.0	1.0
23711.0	1.0
23763.0	1.0
23769.0	1.0
23812.0	1.0
23864.0	1.0
24094.0	1.0
24171.0	1.0
24194.0	1.0
24216.0	1.0
24231.0	1.0
24235.0	1.0
24265.0	1.0
24281.0	1.0
24327.0	1.0
24365.0	1.0
24669.0	1.0
24862.0	1.0
24871.0	1.0
24897.0	1.0
24915.0	1.0
24917.0	1.0
24973.0	1.0
25059.0	1.0
25113.0	1.0
25274.0	1.0
25296.0	1.0
25521.0	1.0
25531.0	1.0
25562.0	1.0
25673.0	1.0
25699.0	1.0
25708.0	1.0
25882.0	1.0
25908.0	1.0
25985.0	1.0
26047.0	1.0
26122.0	1.0
26150.0	1.0
26217.0	1.0
26445.0	1.0
26525.0	1.0
26543.0	1.0
26617.0	1.0
26637.0	1.0
26744.0	1.0
26795.0	1.0
26860.0	1.0
26865.0	1.0
26923.0	1.0
27003.0	1.0
27063.0	1.0
27085.0	1.0
27158.0	1.0
27163.0	1.0
27168.0	1.0
27184.0	1.0
27232.0	1.0
27242.0	1.0
27272.0	1.0
27273.0	1.0
27281.0	1.0
27308.0	1.0
27325.0	1.0
27328.0	1.0
27354.0	1.0
27380.0	1.0
27388.0	1.0
27413.0	1.0
27426.0	1.0
27455.0	1.0
27503.0	1.0
27566.0	1.0
27602.0	1.0
27607.0	1.0
27617.0	1.0
27620.0	1.0
27623.0	1.0
27654.0	1.0
27665.0	1.0
27677.0	1.0
27710.0	1.0
27716.0	1.0
27767.0	1.0
27793.0	1.0
27798.0	1.0
27811.0	1.0
27827.0	1.0
27845.0	1.0
27855.0	2.0
27863.0	1.0
27884.0	2.0
27933.0	1.0
27957.0	1.0
27964.0	1.0
27991.0	1.0
28006.0	2.0
28008.0	1.0
28041.0	1.0
28046.0	1.0
28064.0	1.0
28082.0	1.0
28105.0	1.0
28137.0	1.0
28147.0	1.0
28222.0	1.0
28330.0	1.0
28362.0	1.0
28565.0	1.0
28594.0	1.0
28601.0	1.0
28682.0	1.0
28704.0	1.0
28706.0	1.0
28711.0	1.0
28740.0	1.0
28766.0	1.0
28938.0	1.0
29041.0	1.0
29061.0	1.0
29074.0	1.0
29135.0	1.0
29325.0	1.0
29329.0	1.0
29337.0	1.0
29357.0	1.0
29379.0	1.0
29392.0	1.0
29457.0	1.0
29461.0	1.0
29525.0	1.0
29546.0	1.0
29548.0	1.0
29557.0	1.0
29560.0	1.0
29645.0	1.0
29666.0	1.0
29671.0	1.0
29695.0	1.0
29777.0	1.0
29824.0	1.0
29849.0	1.0
29854.0	1.0
29899.0	1.0
30000.0	1.0
30019.0	1.0
30023.0	1.0
30065.0	1.0
30097.0	1.0
30101.0	1.0
30126.0	1.0
30131.0	1.0
30197.0	1.0
30275.0	1.0
30291.0	1.0
30346.0	1.0
30365.0	1.0
30418.0	1.0
30458.0	1.0
30460.0	1.0
30568.0	1.0
30586.0	1.0
30601.0	1.0
30648.0	1.0
30656.0	1.0
30663.0	1.0
30672.0	1.0
30700.0	1.0
30703.0	1.0
30792.0	1.0
30800.0	1.0
30828.0	1.0
30875.0	1.0
30911.0	1.0
30919.0	1.0
30949.0	1.0
30995.0	1.0
31021.0	1.0
31106.0	1.0
31125.0	1.0
31171.0	1.0
31222.0	1.0
31270.0	1.0
31361.0	1.0
31415.0	1.0
31456.0	1.0
31472.0	1.0
31490.0	1.0
31542.0	1.0
31545.0	1.0
31559.0	1.0
31653.0	1.0
31677.0	1.0
31858.0	1.0
31877.0	1.0
31878.0	1.0
31891.0	1.0
31956.0	1.0
31976.0	1.0
31991.0	1.0
31993.0	1.0
32015.0	1.0
32020.0	1.0
32023.0	1.0
32025.0	1.0
32057.0	1.0
32068.0	1.0
32078.0	1.0
32085.0	1.0
32154.0	1.0
32170.0	1.0
32181.0	1.0
32191.0	1.0
32202.0	1.0
32219.0	1.0
32224.0	1.0
32283.0	1.0
32343.0	1.0
32494.0	1.0
32533.0	1.0
32546.0	1.0
32689.0	1.0
32692.0	1.0
32736.0	1.0
32745.0	1.0
32776.0	2.0
32808.0	1.0
32916.0	1.0
32934.0	1.0
32939.0	1.0
33028.0	1.0
33041.0	1.0
33072.0	1.0
33082.0	1.0
33088.0	1.0
33105.0	1.0
33124.0	1.0
33176.0	1.0
33182.0	1.0
33209.0	1.0
33237.0	1.0
33262.0	1.0
33401.0	1.0
33429.0	1.0
33639.0	1.0
33702.0	1.0
33737.0	1.0
33751.0	1.0
33809.0	1.0
33830.0	1.0
33833.0	1.0
33851.0	1.0
33853.0	1.0
34016.0	1.0
34146.0	1.0
34176.0	1.0
34226.0	1.0
34268.0	1.0
34301.0	1.0
34302.0	1.0
34384.0	1.0
34389.0	1.0
34398.0	1.0
34492.0	1.0
34566.0	1.0
34635.0	1.0
34644.0	1.0
34654.0	1.0
34751.0	1.0
34767.0	1.0
34783.0	1.0
34812.0	1.0
34827.0	1.0
34889.0	1.0
34915.0	1.0
35039.0	1.0
35106.0	1.0
35119.0	1.0
35206.0	1.0
35242.0	1.0
35249.0	1.0
35266.0	1.0
35334.0	1.0
35350.0	1.0
35419.0	1.0
35425.0	1.0
35426.0	1.0
35480.0	1.0
35542.0	1.0
35610.0	1.0
35621.0	1.0
35635.0	1.0
35666.0	1.0
35748.0	1.0
35759.0	1.0
35793.0	1.0
35802.0	1.0
35866.0	1.0
35915.0	1.0
35945.0	1.0
35953.0	1.0
36039.0	1.0
36074.0	1.0
36145.0	1.0
36165.0	1.0
36210.0	1.0
36294.0	1.0
36312.0	1.0
36427.0	1.0
36486.0	1.0
36504.0	1.0
36511.0	1.0
36534.0	1.0
36547.0	1.0
36554.0	1.0
36593.0	1.0
36606.0	1.0
36632.0	1.0
36655.0	1.0
36664.0	1.0
36675.0	1.0
36694.0	1.0
36716.0	1.0
36722.0	1.0
36748.0	1.0
36754.0	1.0
36767.0	1.0
36797.0	1.0
36828.0	2.0
36850.0	1.0
36884.0	1.0
36892.0	1.0
36898.0	1.0
36934.0	1.0
36967.0	1.0
36976.0	1.0
36995.0	1.0
37000.0	1.0
37076.0	1.0
37079.0	1.0
37086.0	2.0
37090.0	1.0
37121.0	1.0
37129.0	1.0
37146.0	1.0
37186.0	1.0
37236.0	1.0
37244.0	1.0
37269.0	1.0
37359.0	1.0
37364.0	1.0
37402.0	1.0
37424.0	1.0
37451.0	1.0
37456.0	1.0
37464.0	1.0
37474.0	2.0
37489.0	1.0
37531.0	1.0
37562.0	1.0
37645.0	1.0
37705.0	1.0
37707.0	1.0
37728.0	1.0
37743.0	1.0
37790.0	1.0
37808.0	1.0
37817.0	1.0
37826.0	1.0
37913.0	1.0
37953.0	1.0
37958.0	1.0
37994.0	1.0
37998.0	1.0
38004.0	1.0
38015.0	1.0
38016.0	1.0
38046.0	1.0
38091.0	1.0
38144.0	1.0
38148.0	1.0
38286.0	1.0
38296.0	1.0
38302.0	1.0
38310.0	1.0
38335.0	1.0
38343.0	1.0
38370.0	1.0
38422.0	1.0
38426.0	1.0
38506.0	1.0
38570.0	1.0
38658.0	1.0
38681.0	1.0
38690.0	1.0
38718.0	1.0
38758.0	1.0
38774.0	1.0
38787.0	1.0
38790.0	1.0
38822.0	1.0
38823.0	1.0
38840.0	1.0
38855.0	1.0
38861.0	1.0
38920.0	1.0
38923.0	1.0
38979.0	1.0
38980.0	1.0
39013.0	1.0
39026.0	1.0
39052.0	1.0
39138.0	1.0
39150.0	1.0
39153.0	1.0
39212.0	1.0
39221.0	1.0
39286.0	1.0
39357.0	1.0
39382.0	1.0
39433.0	1.0
39544.0	1.0
39557.0	1.0
39618.0	1.0
39619.0	1.0
39650.0	1.0
39692.0	1.0
39707.0	1.0
39734.0	1.0
39746.0	1.0
39759.0	1.0
39788.0	1.0
39868.0	1.0
39903.0	1.0
39920.0	1.0
39933.0	1.0
39961.0	1.0
40007.0	1.0
40028.0	1.0
40075.0	1.0
40080.0	1.0
40118.0	1.0
40122.0	1.0
40253.0	1.0
40281.0	1.0
40324.0	1.0
40388.0	1.0
40450.0	1.0
40466.0	1.0
40477.0	1.0
40478.0	1.0
40479.0	1.0
40498.0	1.0
40545.0	1.0
40555.0	1.0
40575.0	1.0
40579.0	1.0
40586.0	1.0
40595.0	1.0
40641.0	1.0
40652.0	1.0
40654.0	1.0
40658.0	1.0
40687.0	1.0
40720.0	1.0
40748.0	1.0
40779.0	1.0
40785.0	1.0
40791.0	1.0
40834.0	1.0
40864.0	1.0
40879.0	1.0
40910.0	1.0
40947.0	1.0
41021.0	1.0
41031.0	1.0
41046.0	1.0
41062.0	1.0
41087.0	1.0
41114.0	1.0
41123.0	1.0
41126.0	1.0
41181.0	1.0
41206.0	1.0
41320.0	1.0
41355.0	1.0
41374.0	1.0
41423.0	1.0
41468.0	1.0
41500.0	1.0
41504.0	1.0
41534.0	1.0
41569.0	1.0
41706.0	1.0
41712.0	1.0
41717.0	1.0
41744.0	1.0
41793.0	1.0
41820.0	1.0
41933.0	1.0
41969.0	1.0
41976.0	1.0
41982.0	1.0
42021.0	1.0
42044.0	1.0
42057.0	1.0
42090.0	1.0
42123.0	1.0
42185.0	1.0
42186.0	1.0
42200.0	1.0
42211.0	1.0
42223.0	1.0
42243.0	1.0
42247.0	1.0
42280.0	2.0
42282.0	1.0
42330.0	1.0
42411.0	1.0
42419.0	1.0
42441.0	1.0
42449.0	1.0
42470.0	1.0
42493.0	1.0
42575.0	1.0
42604.0	1.0
42635.0	1.0
42699.0	1.0
42713.0	1.0
42731.0	1.0
42738.0	1.0
42771.0	1.0
42942.0	1.0
42963.0	1.0
42966.0	1.0
43052.0	1.0
43060.0	1.0
43065.0	1.0
43126.0	1.0
43134.0	1.0
43160.0	1.0
43163.0	1.0
43180.0	1.0
43205.0	1.0
43246.0	1.0
43248.0	1.0
43250.0	1.0
43290.0	1.0
43297.0	1.0
43300.0	1.0
43337.0	1.0
43342.0	1.0
43358.0	1.0
43422.0	1.0
43425.0	1.0
43443.0	1.0
43511.0	1.0
43572.0	1.0
43585.0	1.0
43623.0	1.0
43638.0	1.0
43720.0	1.0
43748.0	1.0
43752.0	1.0
43773.0	1.0
43793.0	1.0
43800.0	1.0
43830.0	1.0
43836.0	1.0
43891.0	1.0
43897.0	1.0
43924.0	1.0
43942.0	1.0
43945.0	1.0
44026.0	2.0
44031.0	1.0
44050.0	1.0
44075.0	1.0
44076.0	1.0
44077.0	1.0
44123.0	1.0
44132.0	1.0
44156.0	1.0
44163.0	1.0
44223.0	1.0
44232.0	1.0
44243.0	1.0
44334.0	1.0
44352.0	1.0
44388.0	1.0
44394.0	1.0
44406.0	1.0
44422.0	1.0
44426.0	1.0
44430.0	1.0
44435.0	1.0
44454.0	1.0
44459.0	1.0
44462.0	1.0
44484.0	1.0
44496.0	1.0
44554.0	1.0
44558.0	1.0
44570.0	1.0
44653.0	1.0
44674.0	1.0
44712.0	1.0
44730.0	1.0
44735.0	1.0
44738.0	1.0
44757.0	1.0
44772.0	1.0
44778.0	1.0
44779.0	1.0
44803.0	1.0
44807.0	1.0
44826.0	1.0
44856.0	1.0
44870.0	1.0
44880.0	1.0
44902.0	1.0
44939.0	1.0
44942.0	1.0
44948.0	1.0
44958.0	1.0
44982.0	1.0
44986.0	1.0
44994.0	1.0
44996.0	1.0
45048.0	1.0
45053.0	1.0
45064.0	1.0
45068.0	1.0
45078.0	1.0
45089.0	1.0
45095.0	1.0
45103.0	1.0
45111.0	1.0
45124.0	1.0
45161.0	1.0
45173.0	1.0
45187.0	1.0
45207.0	1.0
45222.0	1.0
45234.0	1.0
45245.0	1.0
45255.0	1.0
45260.0	1.0
45302.0	1.0
45317.0	1.0
45321.0	1.0
45326.0	1.0
45338.0	1.0
45345.0	1.0
45360.0	1.0
45392.0	1.0
45456.0	1.0
45492.0	2.0
45499.0	1.0
45501.0	1.0
45505.0	1.0
45534.0	1.0
45547.0	1.0
45552.0	1.0
45558.0	1.0
45577.0	1.0
45599.0	1.0
45615.0	1.0
45621.0	1.0
45640.0	1.0
45647.0	1.0
45657.0	1.0
45703.0	1.0
45759.0	1.0
45770.0	1.0
45771.0	1.0
45801.0	1.0
45806.0	1.0
45811.0	1.0
45844.0	1.0
45848.0	1.0
45891.0	1.0
45895.0	1.0
45929.0	1.0
45934.0	1.0
45946.0	1.0
45970.0	1.0
45985.0	1.0
46001.0	1.0
46003.0	1.0
46015.0	1.0
46020.0	1.0
46026.0	1.0
46032.0	1.0
46033.0	1.0
46063.0	1.0
46064.0	1.0
46074.0	1.0
46089.0	1.0
46193.0	1.0
46226.0	1.0
46271.0	1.0
46282.0	1.0
46296.0	1.0
46305.0	1.0
46319.0	1.0
46354.0	1.0
46355.0	1.0
46372.0	1.0
46375.0	1.0
46379.0	1.0
46414.0	1.0
46422.0	1.0
46442.0	1.0
46467.0	2.0
46472.0	1.0
46494.0	1.0
46532.0	1.0
46535.0	1.0
46559.0	1.0
46563.0	1.0
46564.0	1.0
46578.0	1.0
46609.0	1.0
46611.0	1.0
46638.0	1.0
46692.0	1.0
46739.0	1.0
46770.0	2.0
46787.0	1.0
46794.0	1.0
46798.0	1.0
46809.0	1.0
46814.0	1.0
46834.0	1.0
46842.0	1.0
46848.0	1.0
46853.0	1.0
46857.0	1.0
46864.0	1.0
46872.0	1.0
46891.0	1.0
46892.0	1.0
46902.0	1.0
46929.0	1.0
46943.0	1.0
46960.0	1.0
47003.0	1.0
47007.0	1.0
47012.0	1.0
47017.0	1.0
47043.0	1.0
47071.0	1.0
47083.0	1.0
47109.0	1.0
47115.0	1.0
47165.0	1.0
47181.0	1.0
47217.0	1.0
47239.0	1.0
47268.0	1.0
47303.0	1.0
47312.0	1.0
47314.0	1.0
47320.0	1.0
47324.0	1.0
47363.0	2.0
47385.0	1.0
47386.0	1.0
47401.0	1.0
47429.0	1.0
47473.0	1.0
47481.0	1.0
47518.0	1.0
47534.0	1.0
47543.0	1.0
47565.0	1.0
47567.0	1.0
47577.0	1.0
47581.0	1.0
47591.0	1.0
47627.0	1.0
47654.0	1.0
47662.0	1.0
47665.0	1.0
47684.0	1.0
47685.0	1.0
47713.0	1.0
47721.0	1.0
47735.0	2.0
47738.0	1.0
47765.0	1.0
47770.0	1.0
47785.0	1.0
47808.0	1.0
47829.0	1.0
47868.0	1.0
47872.0	1.0
47894.0	1.0
47922.0	1.0
47923.0	1.0
47924.0	1.0
47944.0	2.0
47957.0	1.0
47961.0	1.0
47981.0	1.0
48020.0	1.0
48031.0	1.0
48033.0	1.0
48042.0	1.0
48076.0	1.0
48084.0	2.0
48092.0	1.0
48121.0	1.0
48174.0	1.0
48180.0	1.0
48262.0	1.0
48288.0	1.0
48320.0	1.0
48380.0	1.0
48383.0	1.0
48398.0	1.0
48401.0	1.0
48422.0	1.0
48456.0	1.0
48459.0	1.0
48467.0	1.0
48473.0	1.0
48474.0	1.0
48494.0	1.0
48496.0	1.0
48517.0	1.0
48518.0	1.0
48533.0	1.0
48550.0	1.0
48555.0	1.0
48565.0	1.0
48588.0	1.0
48593.0	1.0
48609.0	1.0
48616.0	1.0
48617.0	1.0
48641.0	1.0
48650.0	1.0
48657.0	1.0
48671.0	1.0
48678.0	1.0
48683.0	1.0
48739.0	1.0
48750.0	1.0
48768.0	1.0
48776.0	1.0
48787.0	1.0
48817.0	1.0
48860.0	1.0
48889.0	1.0
48934.0	1.0
48956.0	1.0
48992.0	1.0
48999.0	1.0
49024.0	1.0
49036.0	1.0
49064.0	1.0
49073.0	1.0
49087.0	1.0
49122.0	1.0
49130.0	1.0
49147.0	1.0
49148.0	1.0
49149.0	1.0
49185.0	1.0
49196.0	1.0
49199.0	1.0
49287.0	1.0
49348.0	1.0
49389.0	1.0
49397.0	1.0
49415.0	1.0
49426.0	1.0
49465.0	1.0
49494.0	1.0
49511.0	1.0
49547.0	1.0
49551.0	1.0
49562.0	1.0
49612.0	1.0
49622.0	1.0
49644.0	1.0
49663.0	1.0
49684.0	1.0
49746.0	1.0
49799.0	1.0
49804.0	1.0
49805.0	2.0
49873.0	1.0
49890.0	1.0
49894.0	1.0
49933.0	1.0
49991.0	1.0
49993.0	1.0
50039.0	1.0
50070.0	1.0
50074.0	1.0
50079.0	1.0
50088.0	1.0
50110.0	1.0
50124.0	1.0
50140.0	1.0
50187.0	1.0
50199.0	1.0
50205.0	1.0
50220.0	1.0
50223.0	1.0
50251.0	1.0
50254.0	1.0
50269.0	1.0
50309.0	1.0
50336.0	1.0
50365.0	1.0
50376.0	1.0
50408.0	1.0
50424.0	1.0
50430.0	1.0
50455.0	1.0
50483.0	1.0
50510.0	1.0
50532.0	1.0
50544.0	1.0
50547.0	1.0
50549.0	1.0
50558.0	1.0
50599.0	1.0
50602.0	1.0
50609.0	1.0
50616.0	1.0
50631.0	1.0
50649.0	2.0
50669.0	1.0
50678.0	1.0
50682.0	1.0
50713.0	1.0
50732.0	1.0
50734.0	1.0
50804.0	1.0
50805.0	1.0
50811.0	1.0
50822.0	1.0
50827.0	1.0
50855.0	1.0
50915.0	1.0
50920.0	1.0
50940.0	1.0
50959.0	1.0
51000.0	1.0
51005.0	1.0
51039.0	1.0
51056.0	1.0
51075.0	1.0
51077.0	2.0
51096.0	1.0
51118.0	1.0
51132.0	1.0
51144.0	1.0
51171.0	1.0
51193.0	1.0
51235.0	1.0
51237.0	1.0
51239.0	1.0
51241.0	1.0
51320.0	1.0
51325.0	1.0
51338.0	2.0
51346.0	1.0
51357.0	1.0
51359.0	1.0
51364.0	1.0
51384.0	1.0
51399.0	1.0
51404.0	1.0
51427.0	1.0
51473.0	1.0
51485.0	1.0
51490.0	1.0
51508.0	1.0
51524.0	1.0
51545.0	1.0
51571.0	1.0
51627.0	1.0
51639.0	1.0
51659.0	1.0
51679.0	1.0
51691.0	1.0
51711.0	1.0
51752.0	1.0
51794.0	1.0
51814.0	1.0
51832.0	1.0
51850.0	1.0
51867.0	1.0
51870.0	1.0
51888.0	1.0
51894.0	1.0
51897.0	1.0
51903.0	1.0
51913.0	1.0
51923.0	1.0
51926.0	1.0
51931.0	1.0
51936.0	1.0
51937.0	1.0
51940.0	1.0
51948.0	1.0
51972.0	1.0
51973.0	1.0
52013.0	1.0
52027.0	1.0
52033.0	1.0
52040.0	1.0
52046.0	1.0
52047.0	1.0
52055.0	1.0
52085.0	1.0
52116.0	1.0
52122.0	1.0
52134.0	1.0
52161.0	1.0
52185.0	1.0
52279.0	1.0
52280.0	1.0
52297.0	1.0
52330.0	1.0
52380.0	1.0
52396.0	1.0
52403.0	1.0
52427.0	1.0
52429.0	1.0
52483.0	1.0
52496.0	1.0
52513.0	1.0
52556.0	1.0
52564.0	1.0
52572.0	2.0
52578.0	2.0
52646.0	1.0
52659.0	1.0
52660.0	1.0
52665.0	1.0
52670.0	1.0
52682.0	1.0
52715.0	1.0
52737.0	1.0
52784.0	1.0
52809.0	1.0
52813.0	1.0
52837.0	1.0
52839.0	1.0
52866.0	1.0
52884.0	1.0
52890.0	1.0
52916.0	1.0
52932.0	1.0
52949.0	1.0
52962.0	1.0
52968.0	1.0
53009.0	1.0
53012.0	1.0
53030.0	1.0
53090.0	1.0
53111.0	1.0
53117.0	1.0
53125.0	1.0
53170.0	1.0
53196.0	1.0
53209.0	1.0
53213.0	1.0
53261.0	1.0
53270.0	1.0
53337.0	1.0
53348.0	1.0
53353.0	2.0
53365.0	1.0
53389.0	1.0
53397.0	1.0
53413.0	1.0
53460.0	1.0
53477.0	1.0
53518.0	1.0
53534.0	1.0
53558.0	1.0
53571.0	1.0
53591.0	1.0
53611.0	1.0
53638.0	1.0
53641.0	1.0
53661.0	1.0
53690.0	1.0
53703.0	1.0
53710.0	1.0
53724.0	1.0
53739.0	1.0
53742.0	1.0
53744.0	1.0
53772.0	1.0
53777.0	1.0
53780.0	1.0
53811.0	1.0
53830.0	1.0
53851.0	1.0
53868.0	1.0
53875.0	1.0
53927.0	1.0
53967.0	1.0
53976.0	1.0
53994.0	1.0
53998.0	1.0
54033.0	1.0
54086.0	1.0
54109.0	1.0
54146.0	1.0
54213.0	1.0
54215.0	2.0
54218.0	1.0
54232.0	1.0
54240.0	1.0
54242.0	1.0
54259.0	1.0
54293.0	1.0
54295.0	1.0
54296.0	1.0
54312.0	1.0
54324.0	1.0
54377.0	1.0
54404.0	1.0
54461.0	1.0
54482.0	1.0
54489.0	1.0
54511.0	1.0
54513.0	1.0
54534.0	1.0
54632.0	1.0
54664.0	1.0
54679.0	1.0
54682.0	1.0
54688.0	1.0
54734.0	1.0
54746.0	1.0
54759.0	1.0
54769.0	1.0
54779.0	1.0
54863.0	1.0
54874.0	1.0
54901.0	1.0
54912.0	1.0
54914.0	1.0
54925.0	1.0
54931.0	1.0
54962.0	1.0
54981.0	1.0
54987.0	1.0
54993.0	1.0
55008.0	1.0
55013.0	1.0
55019.0	1.0
55027.0	1.0
55200.0	2.0
55208.0	1.0
55226.0	1.0
55257.0	1.0
55279.0	1.0
55324.0	1.0
55341.0	1.0
55342.0	1.0
55355.0	1.0
55356.0	1.0
55363.0	1.0
55402.0	1.0
55455.0	1.0
55507.0	1.0
55529.0	1.0
55544.0	1.0
55593.0	1.0
55650.0	1.0
55657.0	1.0
55685.0	1.0
55696.0	1.0
55698.0	1.0
55700.0	1.0
55705.0	1.0
55757.0	1.0
55780.0	1.0
55787.0	1.0
55790.0	1.0
55814.0	1.0
55816.0	1.0
55819.0	1.0
55838.0	1.0
55859.0	1.0
55873.0	1.0
55981.0	1.0
55991.0	1.0
56013.0	1.0
56035.0	1.0
56057.0	1.0
56064.0	1.0
56065.0	1.0
56082.0	1.0
56094.0	1.0
56121.0	1.0
56131.0	1.0
56132.0	1.0
56140.0	1.0
56155.0	1.0
56156.0	1.0
56175.0	1.0
56185.0	1.0
56198.0	2.0
56208.0	1.0
56212.0	1.0
56214.0	1.0
56278.0	1.0
56310.0	1.0
56341.0	1.0
56349.0	1.0
56354.0	1.0
56365.0	1.0
56376.0	1.0
56394.0	1.0
56457.0	1.0
56490.0	1.0
56502.0	1.0
56508.0	1.0
56511.0	1.0
56524.0	1.0
56531.0	1.0
56576.0	1.0
56592.0	1.0
56600.0	1.0
56601.0	1.0
56612.0	1.0
56631.0	1.0
56633.0	1.0
56701.0	1.0
56720.0	1.0
56735.0	1.0
56736.0	1.0
56747.0	1.0
56783.0	1.0
56785.0	1.0
56800.0	1.0
56805.0	1.0
56808.0	1.0
56823.0	1.0
56846.0	1.0
56939.0	1.0
56943.0	1.0
56954.0	1.0
56962.0	1.0
56969.0	1.0
56972.0	1.0
56986.0	1.0
56996.0	1.0
57000.0	1.0
57047.0	1.0
57066.0	1.0
57078.0	1.0
57081.0	1.0
57085.0	1.0
57132.0	1.0
57135.0	1.0
57141.0	1.0
57142.0	1.0
57172.0	1.0
57179.0	1.0
57195.0	1.0
57227.0	1.0
57236.0	1.0
57281.0	1.0
57283.0	1.0
57306.0	1.0
57319.0	1.0
57337.0	1.0
57339.0	1.0
57340.0	1.0
57362.0	1.0
57365.0	1.0
57370.0	1.0
57388.0	1.0
57391.0	1.0
57400.0	1.0
57425.0	1.0
57440.0	1.0
57459.0	2.0
57475.0	1.0
57484.0	1.0
57516.0	1.0
57546.0	1.0
57571.0	1.0
57661.0	1.0
57674.0	1.0
57691.0	1.0
57717.0	1.0
57725.0	1.0
57749.0	1.0
57760.0	1.0
57782.0	1.0
57830.0	1.0
57857.0	1.0
57908.0	1.0
57943.0	1.0
57970.0	1.0
57983.0	1.0
57987.0	1.0
57997.0	1.0
58025.0	1.0
58065.0	1.0
58096.0	1.0
58104.0	1.0
58115.0	1.0
58221.0	1.0
58270.0	1.0
58279.0	1.0
58287.0	1.0
58306.0	1.0
58315.0	1.0
58364.0	1.0
58366.0	1.0
58368.0	2.0
58373.0	1.0
58391.0	1.0
58399.0	1.0
58410.0	1.0
58450.0	1.0
58474.0	1.0
58482.0	1.0
58553.0	1.0
58571.0	1.0
58597.0	1.0
58610.0	1.0
58641.0	1.0
58655.0	1.0
58692.0	1.0
58700.0	1.0
58738.0	1.0
58795.0	1.0
58799.0	1.0
58805.0	1.0
58809.0	1.0
58817.0	1.0
58819.0	1.0
58856.0	1.0
58860.0	1.0
58868.0	1.0
58873.0	1.0
58874.0	1.0
58877.0	1.0
58899.0	1.0
58966.0	2.0
58967.0	1.0
59002.0	1.0
59025.0	1.0
59035.0	1.0
59036.0	1.0
59074.0	1.0
59083.0	1.0
59143.0	1.0
59145.0	1.0
59148.0	1.0
59151.0	1.0
59176.0	1.0
59179.0	1.0
59208.0	2.0
59228.0	1.0
59230.0	1.0
59241.0	1.0
59252.0	1.0
59294.0	1.0
59323.0	1.0
59333.0	1.0
59343.0	1.0
59356.0	1.0
59426.0	1.0
59435.0	1.0
59436.0	1.0
59444.0	1.0
59445.0	1.0
59453.0	1.0
59455.0	1.0
59488.0	1.0
59540.0	1.0
59615.0	1.0
59621.0	2.0
59646.0	1.0
59693.0	1.0
59696.0	1.0
59748.0	1.0
59798.0	1.0
59822.0	1.0
59830.0	1.0
59831.0	1.0
59892.0	1.0
59893.0	1.0
59982.0	1.0
60032.0	1.0
60092.0	1.0
60117.0	1.0
60126.0	1.0
60127.0	1.0
60129.0	1.0
60187.0	1.0
60214.0	1.0
60216.0	1.0
60234.0	1.0
60256.0	1.0
60262.0	1.0
60273.0	1.0
60280.0	1.0
60292.0	1.0
60303.0	1.0
60312.0	1.0
60324.0	1.0
60342.0	1.0
60347.0	1.0
60389.0	1.0
60426.0	1.0
60443.0	1.0
60444.0	1.0
60500.0	1.0
60524.0	1.0
60578.0	1.0
60588.0	1.0
60596.0	1.0
60657.0	1.0
60676.0	1.0
60685.0	1.0
60711.0	1.0
60736.0	1.0
60747.0	1.0
60792.0	1.0
60809.0	1.0
60825.0	1.0
60854.0	1.0
60864.0	1.0
60913.0	1.0
60946.0	1.0
60951.0	1.0
60963.0	1.0
60985.0	1.0
61043.0	1.0
61079.0	1.0
61089.0	1.0
61109.0	1.0
61139.0	1.0
61144.0	1.0
61177.0	1.0
61232.0	1.0
61279.0	1.0
61308.0	1.0
61330.0	1.0
61351.0	1.0
61356.0	1.0
61404.0	1.0
61417.0	1.0
61451.0	1.0
61479.0	1.0
61483.0	1.0
61488.0	1.0
61510.0	1.0
61554.0	1.0
61602.0	1.0
61611.0	1.0
61627.0	1.0
61629.0	1.0
61646.0	1.0
61664.0	1.0
61681.0	1.0
61689.0	1.0
61694.0	1.0
61704.0	1.0
61771.0	1.0
61782.0	1.0
61810.0	1.0
61859.0	1.0
61885.0	1.0
61891.0	1.0
61898.0	1.0
61915.0	1.0
61918.0	1.0
62031.0	1.0
62037.0	1.0
62044.0	1.0
62141.0	1.0
62153.0	1.0
62195.0	1.0
62221.0	1.0
62223.0	1.0
62226.0	1.0
62248.0	1.0
62260.0	1.0
62269.0	1.0
62280.0	1.0
62299.0	1.0
62310.0	1.0
62322.0	1.0
62327.0	1.0
62355.0	1.0
62359.0	1.0
62387.0	1.0
62388.0	1.0
62429.0	1.0
62431.0	1.0
62468.0	1.0
62521.0	1.0
62575.0	1.0
62577.0	1.0
62584.0	1.0
62585.0	1.0
62594.0	1.0
62638.0	1.0
62653.0	1.0
62654.0	1.0
62663.0	1.0
62666.0	1.0
62695.0	1.0
62731.0	1.0
62779.0	1.0
62790.0	2.0
62794.0	1.0
62820.0	1.0
62838.0	1.0
62851.0	1.0
62876.0	1.0
62894.0	1.0
62922.0	1.0
62950.0	1.0
62980.0	1.0
63015.0	1.0
63027.0	1.0
63117.0	1.0
63122.0	1.0
63130.0	1.0
63146.0	1.0
63155.0	1.0
63181.0	1.0
63196.0	1.0
63247.0	1.0
63257.0	1.0
63267.0	1.0
63282.0	1.0
63342.0	1.0
63384.0	2.0
63395.0	1.0
63401.0	1.0
63478.0	1.0
63484.0	1.0
63495.0	1.0
63497.0	1.0
63516.0	1.0
63525.0	1.0
63534.0	1.0
63583.0	1.0
63598.0	1.0
63601.0	1.0
63631.0	1.0
63676.0	1.0
63705.0	1.0
63727.0	1.0
63734.0	1.0
63745.0	1.0
63784.0	1.0
63797.0	1.0
63803.0	2.0
63851.0	1.0
63859.0	1.0
63878.0	1.0
63921.0	1.0
63951.0	1.0
63982.0	1.0
64017.0	1.0
64024.0	1.0
64040.0	1.0
64052.0	1.0
64069.0	1.0
64073.0	1.0
64079.0	1.0
64103.0	1.0
64139.0	1.0
64145.0	1.0
64188.0	1.0
64207.0	1.0
64231.0	1.0
64259.0	1.0
64266.0	1.0
64361.0	1.0
64397.0	1.0
64428.0	1.0
64462.0	1.0
64490.0	1.0
64506.0	1.0
64508.0	1.0
64526.0	2.0
64529.0	1.0
64607.0	1.0
64619.0	1.0
64626.0	1.0
64629.0	1.0
64636.0	1.0
64649.0	1.0
64721.0	1.0
64730.0	1.0
64760.0	1.0
64772.0	1.0
64779.0	1.0
64824.0	1.0
64831.0	1.0
64844.0	2.0
64846.0	1.0
64874.0	1.0
64884.0	1.0
64910.0	1.0
64919.0	1.0
64922.0	1.0
64925.0	1.0
64979.0	1.0
64981.0	1.0
65060.0	1.0
65094.0	1.0
65103.0	1.0
65191.0	1.0
65197.0	1.0
65205.0	1.0
65210.0	1.0
65297.0	1.0
65326.0	1.0
65372.0	1.0
65424.0	1.0
65452.0	1.0
65463.0	1.0
65468.0	1.0
65551.0	1.0
65639.0	1.0
65648.0	1.0
65671.0	1.0
65681.0	1.0
65683.0	1.0
65685.0	1.0
65702.0	1.0
65733.0	1.0
65821.0	1.0
65911.0	1.0
65977.0	1.0
65985.0	1.0
66081.0	1.0
66087.0	1.0
66091.0	1.0
66097.0	1.0
66099.0	1.0
66106.0	1.0
66116.0	1.0
66138.0	1.0
66159.0	1.0
66173.0	1.0
66183.0	1.0
66231.0	1.0
66240.0	1.0
66244.0	1.0
66272.0	1.0
66277.0	1.0
66312.0	1.0
66352.0	1.0
66386.0	1.0
66394.0	1.0
66432.0	1.0
66491.0	1.0
66508.0	1.0
66560.0	1.0
66573.0	1.0
66585.0	1.0
66594.0	1.0
66601.0	1.0
66615.0	1.0
66640.0	1.0
66658.0	1.0
66662.0	1.0
66698.0	1.0
66705.0	1.0
66716.0	1.0
66734.0	1.0
66756.0	1.0
66768.0	1.0
66786.0	1.0
66788.0	1.0
66797.0	1.0
66798.0	1.0
66831.0	1.0
66835.0	1.0
66901.0	1.0
66921.0	1.0
66933.0	1.0
66956.0	1.0
66957.0	1.0
66959.0	1.0
66986.0	1.0
66997.0	1.0
66999.0	1.0
67012.0	1.0
67016.0	1.0
67025.0	1.0
67029.0	1.0
67034.0	1.0
67046.0	1.0
67060.0	1.0
67092.0	1.0
67113.0	1.0
67160.0	1.0
67170.0	1.0
67190.0	2.0
67193.0	1.0
67221.0	1.0
67256.0	1.0
67291.0	1.0
67294.0	1.0
67355.0	1.0
67401.0	1.0
67434.0	1.0
67447.0	1.0
67474.0	1.0
67503.0	1.0
67564.0	1.0
67633.0	1.0
67647.0	1.0
67657.0	1.0
67661.0	1.0
67667.0	1.0
67699.0	1.0
67750.0	1.0
67751.0	1.0
67761.0	1.0
67806.0	1.0
67839.0	1.0
67846.0	1.0
67852.0	1.0
67857.0	1.0
67913.0	1.0
67929.0	1.0
67931.0	1.0
67944.0	1.0
67955.0	1.0
67961.0	1.0
67988.0	1.0
68027.0	1.0
68047.0	1.0
68070.0	1.0
68120.0	1.0
68121.0	1.0
68138.0	1.0
68151.0	1.0
68207.0	1.0
68287.0	1.0
68311.0	1.0
68333.0	1.0
68397.0	1.0
68401.0	1.0
68467.0	1.0
68543.0	1.0
68548.0	1.0
68559.0	1.0
68649.0	1.0
68704.0	1.0
68710.0	1.0
68743.0	1.0
68753.0	1.0
68759.0	1.0
68767.0	1.0
68810.0	1.0
68886.0	2.0
68888.0	1.0
68913.0	1.0
68927.0	1.0
68929.0	1.0
68936.0	1.0
68942.0	1.0
68948.0	1.0
68969.0	1.0
68977.0	1.0
69025.0	1.0
69033.0	1.0
69068.0	1.0
69073.0	1.0
69082.0	1.0
69084.0	1.0
69117.0	1.0
69128.0	1.0
69129.0	1.0
69130.0	1.0
69165.0	1.0
69174.0	1.0
69191.0	1.0
69228.0	1.0
69229.0	1.0
69235.0	1.0
69340.0	1.0
69357.0	1.0
69366.0	1.0
69381.0	1.0
69384.0	1.0
69396.0	1.0
69397.0	1.0
69420.0	1.0
69449.0	1.0
69459.0	1.0
69478.0	1.0
69485.0	2.0
69488.0	1.0
69495.0	1.0
69496.0	1.0
69512.0	1.0
69522.0	1.0
69524.0	1.0
69535.0	1.0
69554.0	1.0
69574.0	1.0
69577.0	1.0
69635.0	1.0
69642.0	1.0
69651.0	1.0
69660.0	1.0
69686.0	1.0
69695.0	1.0
69709.0	1.0
69748.0	1.0
69762.0	1.0
69774.0	1.0
69793.0	1.0
69828.0	1.0
69855.0	1.0
69878.0	1.0
69890.0	1.0
69894.0	1.0
69899.0	1.0
69932.0	1.0
69953.0	1.0
69961.0	1.0
69989.0	1.0
70009.0	1.0
70020.0	1.0
70021.0	1.0
70027.0	1.0
70037.0	1.0
70047.0	1.0
70050.0	1.0
70072.0	1.0
70091.0	1.0
70095.0	1.0
70108.0	1.0
70156.0	1.0
70159.0	1.0
70180.0	1.0
70187.0	1.0
70190.0	1.0
70205.0	1.0
70251.0	1.0
70258.0	1.0
70286.0	1.0
70290.0	1.0
70337.0	1.0
70338.0	1.0
70341.0	1.0
70394.0	1.0
70402.0	1.0
70438.0	1.0
70522.0	1.0
70537.0	1.0
70578.0	1.0
70619.0	1.0
70629.0	1.0
70656.0	1.0
70680.0	1.0
70709.0	1.0
70736.0	1.0
70754.0	1.0
70757.0	1.0
70776.0	1.0
70809.0	1.0
70811.0	1.0
70813.0	1.0
70816.0	1.0
70823.0	1.0
70884.0	1.0
70897.0	1.0
70970.0	1.0
71006.0	1.0
71029.0	1.0
71054.0	1.0
71092.0	1.0
71104.0	1.0
71142.0	1.0
71157.0	1.0
71172.0	1.0
71173.0	1.0
71227.0	1.0
71266.0	1.0
71302.0	1.0
71353.0	1.0
71403.0	1.0
71419.0	1.0
71423.0	1.0
71435.0	1.0
71438.0	1.0
71439.0	1.0
71452.0	1.0
71461.0	1.0
71475.0	1.0
71484.0	2.0
71521.0	1.0
71601.0	1.0
71602.0	1.0
71613.0	1.0
71616.0	1.0
71621.0	1.0
71654.0	1.0
71680.0	1.0
71684.0	1.0
71712.0	1.0
71713.0	1.0
71726.0	1.0
71749.0	1.0
71774.0	1.0
71781.0	1.0
71793.0	1.0
71799.0	1.0
71811.0	1.0
71814.0	1.0
71832.0	1.0
71842.0	1.0
71862.0	1.0
71869.0	1.0
71879.0	1.0
71881.0	1.0
71884.0	1.0
71888.0	1.0
71915.0	1.0
71918.0	1.0
71930.0	1.0
71947.0	1.0
71950.0	1.0
71952.0	1.0
71962.0	1.0
71985.0	1.0
71995.0	1.0
71997.0	1.0
72013.0	1.0
72024.0	1.0
72026.0	1.0
72027.0	1.0
72034.0	1.0
72062.0	1.0
72080.0	1.0
72084.0	1.0
72089.0	1.0
72095.0	1.0
72105.0	1.0
72106.0	1.0
72121.0	1.0
72139.0	1.0
72144.0	1.0
72146.0	1.0
72153.0	1.0
72182.0	1.0
72188.0	1.0
72196.0	1.0
72219.0	1.0
72270.0	1.0
72362.0	1.0
72365.0	2.0
72368.0	1.0
72373.0	1.0
72403.0	1.0
72407.0	1.0
72421.0	1.0
72423.0	1.0
72424.0	1.0
72462.0	1.0
72480.0	1.0
72485.0	2.0
72492.0	1.0
72493.0	1.0
72503.0	1.0
72509.0	1.0
72513.0	1.0
72533.0	1.0
72543.0	1.0
72575.0	1.0
72614.0	1.0
72624.0	1.0
72629.0	1.0
72640.0	1.0
72658.0	1.0
72685.0	1.0
72752.0	1.0
72786.0	1.0
72789.0	1.0
72804.0	1.0
72833.0	1.0
72859.0	1.0
72866.0	1.0
72881.0	1.0
72922.0	1.0
72923.0	1.0
72941.0	1.0
72957.0	1.0
72960.0	1.0
72971.0	1.0
72987.0	1.0
72995.0	1.0
73006.0	1.0
73034.0	1.0
73062.0	1.0
73126.0	1.0
73133.0	1.0
73134.0	1.0
73152.0	1.0
73171.0	1.0
73189.0	1.0
73193.0	1.0
73207.0	2.0
73208.0	1.0
73225.0	1.0
73240.0	1.0
73241.0	1.0
73257.0	1.0
73259.0	1.0
73264.0	1.0
73283.0	1.0
73327.0	1.0
73366.0	1.0
73389.0	1.0
73391.0	1.0
73416.0	1.0
73419.0	1.0
73427.0	1.0
73463.0	1.0
73478.0	1.0
73495.0	1.0
73556.0	1.0
73561.0	1.0
73563.0	1.0
73571.0	1.0
73619.0	1.0
73622.0	1.0
73638.0	1.0
73692.0	1.0
73763.0	1.0
73799.0	1.0
73804.0	1.0
73842.0	1.0
73876.0	1.0
73898.0	1.0
73899.0	1.0
73929.0	1.0
73962.0	1.0
74018.0	1.0
74039.0	1.0
74041.0	1.0
74073.0	1.0
74080.0	1.0
74147.0	1.0
74164.0	1.0
74169.0	1.0
74208.0	1.0
74214.0	1.0
74220.0	1.0
74238.0	1.0
74243.0	1.0
74247.0	1.0
74257.0	1.0
74268.0	1.0
74277.0	1.0
74308.0	1.0
74328.0	1.0
74354.0	1.0
74366.0	1.0
74380.0	1.0
74394.0	1.0
74454.0	1.0
74465.0	1.0
74478.0	1.0
74495.0	1.0
74531.0	1.0
74545.0	1.0
74548.0	1.0
74550.0	1.0
74564.0	1.0
74575.0	2.0
74620.0	1.0
74637.0	1.0
74643.0	1.0
74647.0	1.0
74693.0	1.0
74721.0	1.0
74723.0	1.0
74741.0	1.0
74774.0	1.0
74802.0	2.0
74875.0	1.0
74878.0	1.0
74970.0	1.0
74974.0	1.0
75037.0	1.0
75045.0	1.0
75064.0	1.0
75077.0	1.0
75079.0	1.0
75097.0	1.0
75105.0	1.0
75175.0	1.0
75232.0	1.0
75234.0	1.0
75239.0	2.0
75252.0	1.0
75278.0	1.0
75309.0	1.0
75342.0	1.0
75347.0	1.0
75409.0	1.0
75427.0	1.0
75433.0	1.0
75453.0	1.0
75458.0	1.0
75462.0	1.0
75475.0	1.0
75489.0	1.0
75512.0	1.0
75525.0	1.0
75552.0	1.0
75563.0	1.0
75564.0	1.0
75587.0	1.0
75603.0	1.0
75651.0	1.0
75652.0	1.0
75653.0	1.0
75668.0	1.0
75680.0	1.0
75689.0	1.0
75703.0	1.0
75705.0	1.0
75710.0	1.0
75732.0	1.0
75772.0	1.0
75839.0	1.0
75871.0	1.0
75929.0	1.0
75932.0	1.0
75937.0	1.0
75970.0	1.0
75973.0	1.0
75974.0	1.0
76009.0	1.0
76060.0	1.0
76090.0	1.0
76175.0	1.0
76207.0	1.0
76220.0	1.0
76234.0	1.0
76322.0	1.0
76326.0	1.0
76331.0	1.0
76338.0	1.0
76347.0	1.0
76376.0	1.0
76378.0	1.0
76384.0	1.0
76387.0	1.0
76450.0	1.0
76476.0	1.0
76484.0	1.0
76568.0	1.0
76572.0	1.0
76579.0	1.0
76584.0	1.0
76626.0	1.0
76652.0	1.0
76664.0	1.0
76684.0	1.0
76689.0	1.0
76713.0	1.0
76724.0	1.0
76737.0	1.0
76741.0	1.0
76749.0	1.0
76760.0	1.0
76763.0	1.0
76766.0	1.0
76777.0	1.0
76796.0	1.0
76807.0	1.0
76897.0	1.0
76899.0	1.0
76907.0	1.0
76908.0	1.0
76911.0	1.0
76959.0	2.0
76986.0	1.0
76988.0	1.0
76998.0	1.0
77026.0	1.0
77058.0	1.0
77063.0	1.0
77144.0	1.0
77155.0	1.0
77168.0	1.0
77169.0	1.0
77220.0	1.0
77265.0	1.0
77266.0	1.0
77291.0	1.0
77292.0	1.0
77299.0	1.0
77335.0	1.0
77356.0	1.0
77365.0	1.0
77379.0	1.0
77383.0	1.0
77387.0	1.0
77430.0	1.0
77432.0	1.0
77449.0	1.0
77528.0	1.0
77661.0	1.0
77697.0	1.0
77739.0	1.0
77767.0	1.0
77772.0	1.0
77831.0	1.0
77931.0	1.0
77935.0	2.0
77978.0	2.0
77990.0	1.0
78006.0	1.0
78037.0	1.0
78072.0	1.0
78076.0	1.0
78095.0	1.0
78105.0	1.0
78128.0	1.0
78174.0	1.0
78207.0	1.0
78223.0	1.0
78235.0	1.0
78267.0	1.0
78276.0	1.0
78279.0	1.0
78295.0	1.0
78323.0	1.0
78329.0	1.0
78333.0	1.0
78376.0	1.0
78413.0	1.0
78471.0	1.0
78495.0	1.0
78496.0	1.0
78530.0	1.0
78536.0	1.0
78541.0	1.0
78545.0	1.0
78554.0	1.0
78573.0	1.0
78597.0	1.0
78642.0	1.0
78649.0	1.0
78652.0	1.0
78675.0	1.0
78749.0	1.0
78757.0	1.0
78772.0	1.0
78802.0	1.0
78818.0	1.0
78822.0	1.0
78831.0	1.0
78838.0	1.0
78885.0	1.0
78922.0	1.0
78931.0	1.0
78948.0	1.0
78960.0	2.0
79001.0	1.0
79002.0	1.0
79031.0	1.0
79037.0	1.0
79040.0	1.0
79070.0	1.0
79077.0	1.0
79093.0	1.0
79114.0	1.0
79116.0	1.0
79123.0	1.0
79154.0	1.0
79178.0	1.0
79197.0	1.0
79205.0	1.0
79222.0	1.0
79236.0	1.0
79256.0	1.0
79267.0	1.0
79270.0	1.0
79290.0	1.0
79317.0	1.0
79335.0	1.0
79338.0	1.0
79355.0	1.0
79380.0	1.0
79395.0	1.0
79397.0	1.0
79409.0	1.0
79423.0	1.0
79434.0	1.0
79452.0	1.0
79478.0	1.0
79480.0	1.0
79532.0	1.0
79560.0	1.0
79602.0	1.0
79607.0	1.0
79626.0	1.0
79655.0	1.0
79660.0	1.0
79745.0	1.0
79784.0	1.0
79814.0	1.0
79827.0	2.0
79836.0	1.0
79884.0	1.0
79893.0	1.0
79928.0	1.0
79942.0	1.0
79971.0	1.0
79992.0	1.0
80044.0	1.0
80054.0	1.0
80087.0	1.0
80093.0	1.0
80132.0	1.0
80162.0	1.0
80187.0	1.0
80212.0	1.0
80257.0	1.0
80310.0	1.0
80317.0	1.0
80369.0	1.0
80417.0	1.0
80431.0	1.0
80471.0	1.0
80475.0	1.0
80523.0	1.0
80558.0	1.0
80570.0	1.0
80572.0	1.0
80622.0	1.0
80629.0	1.0
80659.0	1.0
80673.0	1.0
80725.0	1.0
80740.0	1.0
80769.0	1.0
80795.0	1.0
80896.0	1.0
80919.0	1.0
80925.0	1.0
80965.0	1.0
81021.0	2.0
81076.0	1.0
81124.0	1.0
81164.0	1.0
81256.0	1.0
81260.0	1.0
81271.0	1.0
81341.0	1.0
81403.0	1.0
81409.0	1.0
81637.0	1.0
81665.0	1.0
81686.0	1.0
81688.0	1.0
81709.0	1.0
81724.0	1.0
81726.0	1.0
81804.0	1.0
81866.0	1.0
81872.0	1.0
81929.0	1.0
81966.0	1.0
81977.0	1.0
81982.0	1.0
81985.0	1.0
82071.0	1.0
82115.0	1.0
82116.0	1.0
82119.0	1.0
82154.0	1.0
82185.0	1.0
82199.0	1.0
82200.0	1.0
82205.0	1.0
82224.0	1.0
82247.0	1.0
82256.0	1.0
82260.0	1.0
82277.0	1.0
82295.0	1.0
82349.0	1.0
82394.0	1.0
82400.0	1.0
82442.0	1.0
82501.0	1.0
82519.0	1.0
82544.0	1.0
82555.0	1.0
82568.0	1.0
82574.0	1.0
82588.0	1.0
82595.0	1.0
82606.0	1.0
82620.0	1.0
82629.0	1.0
82686.0	1.0
82702.0	1.0
82706.0	1.0
82728.0	1.0
82745.0	1.0
82760.0	1.0
82766.0	1.0
82769.0	1.0
82779.0	1.0
82817.0	1.0
82824.0	1.0
82828.0	1.0
82834.0	1.0
82932.0	1.0
82935.0	1.0
82941.0	1.0
82950.0	1.0
82951.0	1.0
83013.0	1.0
83042.0	1.0
83078.0	1.0
83092.0	1.0
83120.0	1.0
83134.0	1.0
83216.0	1.0
83243.0	1.0
83325.0	1.0
83380.0	1.0
83390.0	1.0
83422.0	1.0
83444.0	1.0
83477.0	1.0
83517.0	1.0
83547.0	1.0
83588.0	1.0
83603.0	1.0
83641.0	1.0
83647.0	1.0
83685.0	1.0
83759.0	1.0
83763.0	1.0
83780.0	1.0
83822.0	1.0
83825.0	2.0
83846.0	1.0
83861.0	1.0
83872.0	1.0
83873.0	1.0
83879.0	1.0
83885.0	1.0
83905.0	1.0
83917.0	1.0
83926.0	1.0
83929.0	1.0
83931.0	1.0
83944.0	1.0
83950.0	1.0
83990.0	1.0
83991.0	1.0
84015.0	1.0
84017.0	1.0
84032.0	1.0
84047.0	1.0
84102.0	1.0
84106.0	1.0
84108.0	1.0
84140.0	1.0
84164.0	1.0
84166.0	1.0
84179.0	1.0
84187.0	1.0
84196.0	1.0
84200.0	1.0
84203.0	1.0
84223.0	1.0
84251.0	1.0
84276.0	1.0
84347.0	1.0
84396.0	1.0
84427.0	1.0
84430.0	1.0
84473.0	1.0
84528.0	1.0
84533.0	1.0
84534.0	1.0
84559.0	1.0
84563.0	1.0
84575.0	1.0
84601.0	1.0
84645.0	1.0
84658.0	1.0
84672.0	1.0
84684.0	2.0
84697.0	1.0
84717.0	1.0
84727.0	1.0
84728.0	1.0
84815.0	2.0
84819.0	1.0
84835.0	1.0
84912.0	1.0
84954.0	1.0
84975.0	1.0
84980.0	1.0
85004.0	1.0
85017.0	1.0
85023.0	1.0
85075.0	1.0
85078.0	1.0
85115.0	1.0
85133.0	1.0
85209.0	1.0
85241.0	1.0
85251.0	1.0
85256.0	1.0
85265.0	1.0
85269.0	1.0
85274.0	1.0
85280.0	1.0
85289.0	1.0
85304.0	1.0
85321.0	1.0
85326.0	1.0
85344.0	2.0
85358.0	1.0
85380.0	1.0
85413.0	1.0
85414.0	1.0
85443.0	1.0
85452.0	1.0
85455.0	1.0
85476.0	1.0
85533.0	1.0
85611.0	1.0
85616.0	1.0
85632.0	1.0
85662.0	1.0
85663.0	1.0
85670.0	1.0
85724.0	1.0
85764.0	1.0
85806.0	1.0
85815.0	1.0
85839.0	1.0
85854.0	1.0
85873.0	1.0
85881.0	1.0
85887.0	1.0
85908.0	1.0
85930.0	1.0
85946.0	1.0
85966.0	1.0
85984.0	1.0
85988.0	1.0
86006.0	1.0
86048.0	1.0
86052.0	1.0
86058.0	1.0
86073.0	1.0
86074.0	1.0
86085.0	1.0
86088.0	1.0
86114.0	1.0
86115.0	1.0
86155.0	1.0
86156.0	1.0
86188.0	1.0
86227.0	1.0
86233.0	1.0
86234.0	1.0
86239.0	1.0
86240.0	1.0
86248.0	1.0
86258.0	2.0
86275.0	1.0
86284.0	1.0
86289.0	1.0
86293.0	1.0
86296.0	1.0
86344.0	1.0
86366.0	1.0
86371.0	1.0
86411.0	1.0
86412.0	1.0
86428.0	1.0
86449.0	1.0
86465.0	1.0
86509.0	1.0
86530.0	1.0
86543.0	1.0
86556.0	1.0
86574.0	1.0
86629.0	1.0
86652.0	1.0
86663.0	1.0
86674.0	1.0
86691.0	1.0
86705.0	1.0
86718.0	1.0
86726.0	1.0
86730.0	1.0
86738.0	1.0
86783.0	1.0
86793.0	1.0
86801.0	1.0
86821.0	1.0
86835.0	1.0
86843.0	1.0
86846.0	1.0
86852.0	1.0
86870.0	1.0
86909.0	1.0
86911.0	1.0
86919.0	1.0
86927.0	1.0
86935.0	1.0
86939.0	1.0
86942.0	1.0
86948.0	1.0
86975.0	1.0
86991.0	1.0
86994.0	1.0
87000.0	1.0
87027.0	1.0
87030.0	1.0
87052.0	1.0
87059.0	1.0
87060.0	1.0
87066.0	1.0
87070.0	1.0
87084.0	1.0
87141.0	1.0
87142.0	1.0
87150.0	1.0
87164.0	1.0
87169.0	1.0
87214.0	1.0
87218.0	1.0
87233.0	1.0
87241.0	1.0
87323.0	1.0
87330.0	1.0
87357.0	1.0
87374.0	1.0
87377.0	1.0
87388.0	1.0
87413.0	1.0
87424.0	1.0
87433.0	1.0
87506.0	1.0
87511.0	1.0
87513.0	1.0
87526.0	1.0
87547.0	1.0
87575.0	1.0
87616.0	2.0
87627.0	1.0
87633.0	1.0
87640.0	1.0
87650.0	1.0
87663.0	1.0
87683.0	1.0
87718.0	1.0
87757.0	1.0
87793.0	1.0
87795.0	1.0
87825.0	1.0
87829.0	1.0
87840.0	1.0
87861.0	1.0
87877.0	1.0
87902.0	1.0
87926.0	1.0
87928.0	1.0
87943.0	1.0
87950.0	1.0
87961.0	1.0
87987.0	1.0
87996.0	1.0
88072.0	1.0
88077.0	1.0
88078.0	1.0
88093.0	1.0
88101.0	1.0
88107.0	1.0
88127.0	1.0
88150.0	1.0
88173.0	1.0
88176.0	1.0
88183.0	1.0
88204.0	1.0
88239.0	1.0
88242.0	1.0
88333.0	1.0
88375.0	1.0
88411.0	1.0
88440.0	1.0
88482.0	1.0
88507.0	1.0
88543.0	1.0
88570.0	1.0
88572.0	1.0
88579.0	2.0
88584.0	1.0
88596.0	1.0
88626.0	1.0
88672.0	1.0
88715.0	1.0
88731.0	1.0
88740.0	1.0
88757.0	1.0
88761.0	1.0
88784.0	1.0
88786.0	1.0
88808.0	1.0
88868.0	1.0
88872.0	1.0
88887.0	1.0
88897.0	1.0
88907.0	1.0
88919.0	1.0
88934.0	1.0
88974.0	1.0
89012.0	1.0
89019.0	1.0
89087.0	1.0
89121.0	2.0
89153.0	1.0
89165.0	1.0
89201.0	1.0
89220.0	1.0
89233.0	1.0
89254.0	1.0
89279.0	1.0
89297.0	1.0
89348.0	1.0
89366.0	1.0
89385.0	1.0
89414.0	1.0
89483.0	1.0
89508.0	1.0
89529.0	1.0
89535.0	2.0
89538.0	1.0
89596.0	1.0
89611.0	1.0
89628.0	1.0
89656.0	1.0
89682.0	1.0
89702.0	1.0
89748.0	1.0
89889.0	1.0
89902.0	1.0
89928.0	1.0
90006.0	1.0
90009.0	1.0
90016.0	1.0
90024.0	1.0
90034.0	1.0
90038.0	1.0
90092.0	1.0
90119.0	1.0
90134.0	1.0
90144.0	1.0
90147.0	1.0
90154.0	2.0
90174.0	1.0
90201.0	1.0
90216.0	2.0
90219.0	1.0
90300.0	1.0
90317.0	1.0
90322.0	1.0
90342.0	1.0
90385.0	1.0
90397.0	1.0
90400.0	1.0
90407.0	1.0
90430.0	1.0
90483.0	1.0
90557.0	1.0
90589.0	2.0
90619.0	1.0
90647.0	1.0
90657.0	1.0
90663.0	1.0
90698.0	1.0
90705.0	1.0
90730.0	1.0
90747.0	1.0
90780.0	1.0
90823.0	1.0
90870.0	1.0
90887.0	1.0
90934.0	1.0
90957.0	1.0
90983.0	1.0
90989.0	1.0
91046.0	1.0
91053.0	1.0
91055.0	1.0
91107.0	1.0
91110.0	1.0
91137.0	1.0
91159.0	1.0
91188.0	1.0
91237.0	1.0
91250.0	1.0
91254.0	1.0
91288.0	1.0
91319.0	1.0
91378.0	1.0
91405.0	1.0
91437.0	1.0
91455.0	1.0
91542.0	1.0
91580.0	1.0
91632.0	2.0
91646.0	1.0
91671.0	1.0
91682.0	1.0
91694.0	1.0
91723.0	1.0
91725.0	1.0
91726.0	1.0
91741.0	1.0
91764.0	1.0
91800.0	1.0
91819.0	1.0
91835.0	1.0
91836.0	1.0
91847.0	1.0
91849.0	1.0
91861.0	1.0
91862.0	1.0
91902.0	1.0
91910.0	1.0
91943.0	1.0
91944.0	1.0
92005.0	1.0
92060.0	1.0
92089.0	1.0
92091.0	1.0
92107.0	1.0
92113.0	1.0
92124.0	1.0
92181.0	1.0
92194.0	1.0
92204.0	1.0
92207.0	1.0
92227.0	1.0
92245.0	1.0
92258.0	1.0
92273.0	1.0
92292.0	1.0
92295.0	1.0
92336.0	1.0
92365.0	1.0
92385.0	1.0
92441.0	1.0
92530.0	1.0
92533.0	1.0
92580.0	1.0
92594.0	1.0
92612.0	1.0
92621.0	1.0
92659.0	1.0
92684.0	1.0
92686.0	1.0
92693.0	1.0
92747.0	1.0
92763.0	1.0
92783.0	1.0
92804.0	1.0
92845.0	1.0
92846.0	1.0
92859.0	1.0
92878.0	1.0
92900.0	1.0
92936.0	1.0
92979.0	1.0
92996.0	1.0
93006.0	1.0
93010.0	1.0
93020.0	1.0
93037.0	1.0
93077.0	1.0
93085.0	1.0
93094.0	1.0
93128.0	1.0
93133.0	1.0
93147.0	1.0
93169.0	1.0
93171.0	1.0
93172.0	1.0
93194.0	1.0
93227.0	1.0
93228.0	1.0
93241.0	1.0
93252.0	1.0
93260.0	1.0
93286.0	1.0
93301.0	1.0
93311.0	1.0
93338.0	1.0
93342.0	1.0
93392.0	1.0
93410.0	1.0
93503.0	1.0
93504.0	1.0
93513.0	1.0
93529.0	1.0
93542.0	1.0
93560.0	1.0
93561.0	1.0
93617.0	1.0
93662.0	1.0
93669.0	1.0
93702.0	1.0
93728.0	1.0
93758.0	1.0
93778.0	1.0
93785.0	1.0
93789.0	1.0
93839.0	1.0
93855.0	1.0
93937.0	1.0
94042.0	1.0
94090.0	1.0
94091.0	1.0
94116.0	1.0
94120.0	1.0
94213.0	1.0
94245.0	1.0
94314.0	1.0
94316.0	1.0
94337.0	1.0
94358.0	1.0
94429.0	1.0
94469.0	1.0
94516.0	1.0
94524.0	1.0
94549.0	1.0
94582.0	1.0
94599.0	1.0
94632.0	1.0
94659.0	1.0
94734.0	1.0
94737.0	1.0
94744.0	1.0
94761.0	1.0
94797.0	1.0
94833.0	1.0
94882.0	1.0
94907.0	1.0
94924.0	1.0
94934.0	1.0
94971.0	1.0
95009.0	1.0
95030.0	1.0
95032.0	1.0
95049.0	1.0
95058.0	1.0
95091.0	1.0
95104.0	1.0
95152.0	1.0
95157.0	1.0
95180.0	1.0
95215.0	1.0
95239.0	1.0
95246.0	1.0
95277.0	1.0
95310.0	1.0
95321.0	1.0
95339.0	1.0
95391.0	1.0
95469.0	1.0
95488.0	1.0
95532.0	1.0
95560.0	1.0
95601.0	1.0
95610.0	1.0
95617.0	1.0
95638.0	1.0
95679.0	1.0
95693.0	1.0
95704.0	1.0
95708.0	1.0
95721.0	1.0
95723.0	1.0
95736.0	1.0
95752.0	1.0
95762.0	1.0
95870.0	1.0
95912.0	2.0
95933.0	1.0
95948.0	1.0
95978.0	1.0
96045.0	1.0
96067.0	1.0
96090.0	1.0
96153.0	1.0
96173.0	1.0
96200.0	1.0
96315.0	1.0
96340.0	1.0
96349.0	1.0
96387.0	1.0
96388.0	1.0
96412.0	1.0
96446.0	1.0
96449.0	1.0
96451.0	1.0
96478.0	1.0
96494.0	1.0
96510.0	1.0
96511.0	1.0
96550.0	1.0
96561.0	1.0
96565.0	1.0
96672.0	1.0
96751.0	1.0
96820.0	1.0
96869.0	1.0
96873.0	1.0
96876.0	1.0
96900.0	1.0
96904.0	1.0
96911.0	1.0
96973.0	1.0
97004.0	1.0
97016.0	1.0
97055.0	1.0
97104.0	1.0
97111.0	1.0
97159.0	1.0
97193.0	1.0
97236.0	1.0
97266.0	1.0
97273.0	1.0
97289.0	2.0
97313.0	1.0
97351.0	1.0
97368.0	1.0
97493.0	1.0
97547.0	1.0
97572.0	1.0
97589.0	1.0
97621.0	1.0
97672.0	1.0
97682.0	1.0
97697.0	1.0
97711.0	1.0
97763.0	1.0
97780.0	1.0
97810.0	1.0
97811.0	1.0
97831.0	1.0
97886.0	1.0
97891.0	1.0
97896.0	1.0
97897.0	1.0
97898.0	1.0
97900.0	1.0
97902.0	1.0
97904.0	1.0
97918.0	1.0
98005.0	1.0
98006.0	1.0
98012.0	1.0
98049.0	1.0
98105.0	1.0
98113.0	1.0
98132.0	1.0
98165.0	1.0
98254.0	1.0
98299.0	1.0
98303.0	1.0
98309.0	1.0
98326.0	1.0
98357.0	1.0
98361.0	1.0
98398.0	2.0
98430.0	1.0
98432.0	1.0
98460.0	1.0
98503.0	1.0
98510.0	1.0
98527.0	1.0
98536.0	1.0
98547.0	1.0
98572.0	1.0
98654.0	1.0
98655.0	1.0
98696.0	1.0
98762.0	1.0
98776.0	1.0
98794.0	1.0
98848.0	1.0
98865.0	1.0
98879.0	1.0
98883.0	1.0
98897.0	1.0
98952.0	1.0
98957.0	1.0
98966.0	2.0
98973.0	1.0
98978.0	2.0
99030.0	1.0
99047.0	1.0
99086.0	1.0
99112.0	1.0
99133.0	1.0
99167.0	1.0
99194.0	1.0
99203.0	1.0
99248.0	1.0
99338.0	1.0
99346.0	1.0
99389.0	1.0
99391.0	1.0
99394.0	1.0
99425.0	1.0
99456.0	1.0
99469.0	1.0
99489.0	1.0
99490.0	1.0
99545.0	1.0
99638.0	1.0
99639.0	1.0
99654.0	1.0
99659.0	1.0
99666.0	1.0
99679.0	1.0
99768.0	1.0
99815.0	1.0
99852.0	1.0
99915.0	1.0
99932.0	1.0
99972.0	1.0
99975.0	1.0
99994.0	1.0
100038.0	1.0
100065.0	1.0
100108.0	1.0
100126.0	1.0
100129.0	1.0
100152.0	1.0
100163.0	1.0
100174.0	1.0
100183.0	1.0
100190.0	1.0
100216.0	1.0
100217.0	2.0
100246.0	2.0
100280.0	1.0
100349.0	1.0
100351.0	1.0
100405.0	1.0
100425.0	1.0
100452.0	1.0
100455.0	1.0
100488.0	1.0
100522.0	1.0
100533.0	1.0
100574.0	1.0
100688.0	1.0
100751.0	1.0
100757.0	1.0
100799.0	1.0
100817.0	1.0
100868.0	1.0
100875.0	1.0
100929.0	1.0
101021.0	1.0
101028.0	1.0
101035.0	1.0
101039.0	1.0
101118.0	1.0
101119.0	1.0
101120.0	1.0
101123.0	1.0
101126.0	1.0
101129.0	1.0
101218.0	1.0
101222.0	1.0
101251.0	1.0
101255.0	1.0
101268.0	1.0
101272.0	1.0
101279.0	1.0
101334.0	1.0
101352.0	1.0
101355.0	1.0
101358.0	2.0
101383.0	1.0
101405.0	1.0
101505.0	1.0
101531.0	1.0
101545.0	1.0
101602.0	1.0
101622.0	1.0
101654.0	1.0
101665.0	1.0
101671.0	1.0
101691.0	1.0
101710.0	1.0
101771.0	1.0
101773.0	1.0
101798.0	1.0
101919.0	1.0
101973.0	1.0
101982.0	1.0
102023.0	1.0
102048.0	1.0
102058.0	1.0
102084.0	1.0
102088.0	1.0
102094.0	1.0
102102.0	1.0
102119.0	1.0
102127.0	1.0
102204.0	1.0
102217.0	2.0
102235.0	1.0
102241.0	1.0
102369.0	1.0
102376.0	1.0
102382.0	1.0
102385.0	1.0
102388.0	1.0
102427.0	1.0
102437.0	1.0
102455.0	1.0
102466.0	1.0
102505.0	1.0
102509.0	1.0
102511.0	1.0
102690.0	1.0
102744.0	1.0
102832.0	1.0
102838.0	1.0
102844.0	1.0
102882.0	1.0
102895.0	1.0
102897.0	1.0
102924.0	2.0
102977.0	1.0
103033.0	1.0
103073.0	1.0
103082.0	1.0
103087.0	1.0
103249.0	1.0
103268.0	1.0
103280.0	1.0
103282.0	1.0
103285.0	1.0
103361.0	1.0
103372.0	1.0
103388.0	1.0
103394.0	1.0
103407.0	1.0
103516.0	1.0
103520.0	1.0
103556.0	1.0
103572.0	1.0
103592.0	1.0
103630.0	1.0
103645.0	1.0
103682.0	1.0
103694.0	1.0
103700.0	1.0
103714.0	1.0
103736.0	1.0
103746.0	1.0
103747.0	1.0
103762.0	1.0
103774.0	1.0
103952.0	1.0
103975.0	1.0
103997.0	1.0
104042.0	1.0
104082.0	1.0
104160.0	1.0
104171.0	1.0
104189.0	1.0
104222.0	1.0
104234.0	1.0
104241.0	1.0
104345.0	1.0
104385.0	1.0
104386.0	1.0
104392.0	1.0
104407.0	1.0
104417.0	1.0
104462.0	1.0
104503.0	1.0
104518.0	1.0
104624.0	1.0
104642.0	1.0
104750.0	1.0
104754.0	1.0
104780.0	1.0
104832.0	1.0
104835.0	1.0
104870.0	1.0
104873.0	1.0
104883.0	1.0
104907.0	1.0
104984.0	1.0
105000.0	1.0
105020.0	1.0
105025.0	1.0
105032.0	1.0
105039.0	1.0
105069.0	1.0
105095.0	1.0
105130.0	1.0
105164.0	1.0
105201.0	1.0
105204.0	1.0
105223.0	1.0
105268.0	1.0
105280.0	1.0
105369.0	1.0
105441.0	1.0
105456.0	1.0
105483.0	1.0
105490.0	1.0
105495.0	1.0
105499.0	1.0
105518.0	1.0
105528.0	1.0
105533.0	1.0
105536.0	1.0
105562.0	1.0
105620.0	1.0
105651.0	1.0
105713.0	1.0
105718.0	1.0
105763.0	1.0
105806.0	1.0
105846.0	1.0
105897.0	1.0
105901.0	1.0
105907.0	1.0
105994.0	1.0
106057.0	1.0
106076.0	1.0
106077.0	1.0
106129.0	1.0
106164.0	1.0
106189.0	1.0
106308.0	1.0
106361.0	1.0
106420.0	1.0
106472.0	1.0
106560.0	1.0
106616.0	1.0
106637.0	1.0
106714.0	1.0
106760.0	1.0
106826.0	1.0
106841.0	1.0
107090.0	1.0
107166.0	1.0
107267.0	1.0
107288.0	1.0
107300.0	1.0
107301.0	1.0
107353.0	1.0
107370.0	1.0
107373.0	1.0
107415.0	1.0
107423.0	1.0
107431.0	1.0
107474.0	1.0
107482.0	1.0
107498.0	1.0
107500.0	1.0
107550.0	1.0
107576.0	1.0
107627.0	1.0
107653.0	1.0
107657.0	1.0
107680.0	1.0
107717.0	1.0
107725.0	1.0
107734.0	1.0
107744.0	1.0
107746.0	1.0
107777.0	1.0
107808.0	1.0
107833.0	1.0
107836.0	1.0
107871.0	1.0
107939.0	1.0
107949.0	1.0
107965.0	1.0
108001.0	1.0
108006.0	1.0
108034.0	1.0
108048.0	1.0
108057.0	1.0
108099.0	1.0
108112.0	1.0
108183.0	1.0
108191.0	1.0
108203.0	1.0
108252.0	1.0
108317.0	1.0
108328.0	1.0
108351.0	1.0
108377.0	1.0
108553.0	2.0
108558.0	1.0
108629.0	1.0
108659.0	1.0
108720.0	1.0
108726.0	1.0
108740.0	1.0
108754.0	1.0
108765.0	1.0
108768.0	1.0
108847.0	1.0
108875.0	1.0
108911.0	1.0
109003.0	1.0
109068.0	1.0
109075.0	1.0
109096.0	1.0
109103.0	1.0
109131.0	1.0
109140.0	1.0
109146.0	1.0
109150.0	1.0
109179.0	1.0
109240.0	1.0
109246.0	1.0
109253.0	1.0
109255.0	1.0
109257.0	1.0
109313.0	1.0
109342.0	1.0
109346.0	1.0
109348.0	1.0
109435.0	1.0
109456.0	1.0
109471.0	1.0
109486.0	1.0
109534.0	1.0
109586.0	1.0
109671.0	1.0
109718.0	1.0
109745.0	1.0
109857.0	1.0
109924.0	1.0
109931.0	1.0
109932.0	1.0
109973.0	1.0
109985.0	1.0
110022.0	1.0
110037.0	1.0
110070.0	1.0
110128.0	1.0
110167.0	1.0
110177.0	1.0
110188.0	1.0
110195.0	1.0
110209.0	1.0
110216.0	1.0
110235.0	1.0
110265.0	1.0
110268.0	1.0
110281.0	1.0
110322.0	1.0
110324.0	1.0
110354.0	1.0
110362.0	1.0
110419.0	1.0
110422.0	1.0
110427.0	1.0
110475.0	1.0
110481.0	1.0
110503.0	1.0
110507.0	1.0
110579.0	1.0
110599.0	1.0
110622.0	1.0
110693.0	1.0
110727.0	1.0
110742.0	1.0
110799.0	1.0
110839.0	1.0
110890.0	1.0
110939.0	1.0
110983.0	1.0
111011.0	1.0
111025.0	1.0
111056.0	1.0
111112.0	1.0
111134.0	1.0
111169.0	1.0
111229.0	1.0
111245.0	1.0
111258.0	1.0
111351.0	1.0
111374.0	1.0
111415.0	1.0
111425.0	1.0
111443.0	1.0
111476.0	1.0
111488.0	1.0
111491.0	1.0
111536.0	1.0
111562.0	1.0
111571.0	1.0
111575.0	2.0
111616.0	1.0
111623.0	1.0
111654.0	1.0
111719.0	1.0
111760.0	1.0
111768.0	1.0
111832.0	1.0
111856.0	1.0
111871.0	1.0
111899.0	1.0
111906.0	1.0
111918.0	1.0
111996.0	1.0
112027.0	1.0
112034.0	1.0
112037.0	1.0
112066.0	1.0
112119.0	1.0
112137.0	1.0
112138.0	1.0
112183.0	1.0
112247.0	1.0
112249.0	1.0
112268.0	1.0
112289.0	1.0
112337.0	1.0
112347.0	1.0
112351.0	1.0
112396.0	1.0
112422.0	1.0
112438.0	1.0
112446.0	1.0
112495.0	1.0
112501.0	1.0
112537.0	1.0
112538.0	1.0
112560.0	1.0
112597.0	1.0
112652.0	1.0
112685.0	1.0
112691.0	1.0
112703.0	1.0
112752.0	1.0
112766.0	1.0
112771.0	1.0
112792.0	1.0
112840.0	1.0
112874.0	1.0
112885.0	1.0
112929.0	1.0
113120.0	1.0
113121.0	1.0
113127.0	1.0
113155.0	1.0
113167.0	1.0
113187.0	1.0
113224.0	1.0
113260.0	1.0
113352.0	1.0
113367.0	1.0
113377.0	1.0
113422.0	1.0
113430.0	1.0
113436.0	1.0
113462.0	1.0
113465.0	1.0
113508.0	1.0
113523.0	1.0
113535.0	1.0
113539.0	1.0
113578.0	1.0
113580.0	1.0
113652.0	1.0
113689.0	1.0
113700.0	1.0
113712.0	1.0
113734.0	1.0
113755.0	1.0
113772.0	1.0
113778.0	1.0
113788.0	1.0
113901.0	1.0
113905.0	1.0
113957.0	1.0
113968.0	1.0
113983.0	1.0
114009.0	1.0
114049.0	1.0
114071.0	1.0
114178.0	1.0
114182.0	1.0
114291.0	1.0
114292.0	1.0
114296.0	1.0
114305.0	1.0
114335.0	1.0
114338.0	1.0
114347.0	1.0
114438.0	1.0
114482.0	1.0
114502.0	1.0
114555.0	1.0
114566.0	1.0
114588.0	1.0
114596.0	1.0
114636.0	1.0
114643.0	1.0
114661.0	1.0
114686.0	1.0
114744.0	1.0
114820.0	1.0
115052.0	1.0
115062.0	2.0
115269.0	1.0
115286.0	1.0
115340.0	1.0
115355.0	1.0
115369.0	1.0
115373.0	1.0
115391.0	1.0
115400.0	1.0
115420.0	1.0
115430.0	1.0
115440.0	1.0
115466.0	1.0
115531.0	1.0
115545.0	1.0
115554.0	1.0
115559.0	1.0
115576.0	1.0
115598.0	1.0
115628.0	1.0
115657.0	1.0
115712.0	1.0
115719.0	1.0
115730.0	1.0
115799.0	1.0
115853.0	1.0
115875.0	1.0
115907.0	1.0
116005.0	1.0
116018.0	1.0
116042.0	1.0
116075.0	1.0
116082.0	1.0
116087.0	1.0
116088.0	1.0
116108.0	1.0
116310.0	1.0
116332.0	1.0
116367.0	1.0
116373.0	1.0
116375.0	1.0
116383.0	1.0
116425.0	1.0
116504.0	1.0
116508.0	1.0
116632.0	1.0
116664.0	1.0
116717.0	1.0
116766.0	1.0
116849.0	1.0
116900.0	1.0
116985.0	1.0
116990.0	1.0
117047.0	1.0
117168.0	1.0
117204.0	1.0
117214.0	1.0
117281.0	1.0
117344.0	1.0
117357.0	1.0
117454.0	1.0
117483.0	1.0
117547.0	1.0
117554.0	1.0
117558.0	1.0
117573.0	1.0
117614.0	1.0
117642.0	1.0
117667.0	1.0
117707.0	1.0
117723.0	1.0
117731.0	1.0
117737.0	1.0
117744.0	1.0
117776.0	1.0
117835.0	1.0
117839.0	1.0
117878.0	1.0
117888.0	1.0
117953.0	1.0
117973.0	1.0
118035.0	1.0
118046.0	1.0
118101.0	1.0
118120.0	1.0
118130.0	1.0
118145.0	1.0
118150.0	1.0
118166.0	1.0
118177.0	1.0
118304.0	1.0
118338.0	1.0
118388.0	1.0
118397.0	1.0
118450.0	1.0
118455.0	1.0
118474.0	1.0
118552.0	1.0
118559.0	1.0
118574.0	1.0
118659.0	1.0
118739.0	1.0
118809.0	1.0
118813.0	1.0
118822.0	1.0
118884.0	1.0
118900.0	1.0
118995.0	1.0
119115.0	1.0
119134.0	1.0
119170.0	1.0
119288.0	1.0
119320.0	1.0
119365.0	1.0
119397.0	1.0
119458.0	1.0
119530.0	1.0
119541.0	1.0
119557.0	1.0
119568.0	1.0
119631.0	1.0
119680.0	1.0
119702.0	1.0
119716.0	1.0
119776.0	1.0
119921.0	1.0
119979.0	1.0
120169.0	1.0
120175.0	1.0
120180.0	1.0
120189.0	1.0
120236.0	1.0
120284.0	1.0
120391.0	1.0
120462.0	1.0
120508.0	1.0
120538.0	1.0
120569.0	1.0
120777.0	1.0
120888.0	1.0
120931.0	1.0
120953.0	1.0
121029.0	1.0
121145.0	1.0
121158.0	1.0
121189.0	1.0
121194.0	1.0
121241.0	1.0
121252.0	1.0
121278.0	1.0
121348.0	1.0
121361.0	1.0
121536.0	1.0
121592.0	1.0
121668.0	1.0
121794.0	1.0
121802.0	1.0
121834.0	1.0
122018.0	1.0
122323.0	1.0
122337.0	1.0
122360.0	1.0
122475.0	1.0
122600.0	1.0
122880.0	1.0
123136.0	1.0
123402.0	1.0
123466.0	1.0
123581.0	1.0
123700.0	1.0
123743.0	1.0
123949.0	1.0
123980.0	1.0
124036.0	1.0
124146.0	1.0
124267.0	1.0
124289.0	1.0
124340.0	1.0
124390.0	1.0
124500.0	1.0
124697.0	1.0
124751.0	1.0
124848.0	1.0
124863.0	1.0
125001.0	1.0
125093.0	1.0
125095.0	1.0
125110.0	1.0
125130.0	1.0
125143.0	1.0
125189.0	1.0
125340.0	1.0
125345.0	1.0
125562.0	1.0
125564.0	1.0
125575.0	1.0
125659.0	1.0
125902.0	1.0
125912.0	1.0
126052.0	1.0
126171.0	1.0
126194.0	1.0
126527.0	1.0
126538.0	1.0
126549.0	1.0
126593.0	1.0
126604.0	1.0
126610.0	1.0
126611.0	1.0
126641.0	1.0
126857.0	1.0
127057.0	1.0
127129.0	1.0
127160.0	1.0
127232.0	1.0
127239.0	1.0
127269.0	1.0
127285.0	1.0
127331.0	1.0
127430.0	1.0
127515.0	1.0
127602.0	1.0
127607.0	1.0
127631.0	1.0
127688.0	1.0
127705.0	1.0
127744.0	1.0
128208.0	1.0
128416.0	1.0
128767.0	1.0
129494.0	1.0
129629.0	1.0
129791.0	1.0
129801.0	1.0
129909.0	1.0
129990.0	1.0
129993.0	1.0
130085.0	1.0
130155.0	1.0
130178.0	1.0
130336.0	1.0
130419.0	1.0
130560.0	1.0
130639.0	1.0
130807.0	1.0
131028.0	1.0
131825.0	1.0
131859.0	1.0
131995.0	1.0
132212.0	1.0
132673.0	1.0
132685.0	1.0
132741.0	1.0
132756.0	1.0
132773.0	1.0
133101.0	1.0
133151.0	1.0
133578.0	1.0
133734.0	1.0
134014.0	1.0
134058.0	1.0
134094.0	1.0
134171.0	1.0
134282.0	1.0
134459.0	1.0
134597.0	1.0
134607.0	1.0
134841.0	1.0
135074.0	1.0
135284.0	1.0
135445.0	1.0
135557.0	1.0
135792.0	1.0
136026.0	1.0
136278.0	1.0
136296.0	1.0
136498.0	1.0
136543.0	1.0
136592.0	1.0
136947.0	1.0
136978.0	1.0
137130.0	1.0
137440.0	1.0
138685.0	1.0
139034.0	1.0
139404.0	1.0
139480.0	1.0
139798.0	1.0
140102.0	1.0
140500.0	1.0
140626.0	1.0
141188.0	1.0
141236.0	1.0
141408.0	1.0
141827.0	1.0
141991.0	1.0
142305.0	1.0
142307.0	1.0
142644.0	1.0
142651.0	1.0
142849.0	1.0
143867.0	1.0
143886.0	1.0
144096.0	1.0
144183.0	1.0
144221.0	1.0
144295.0	1.0
144416.0	1.0
144727.0	1.0
144779.0	1.0
145343.0	1.0
145586.0	1.0
145906.0	1.0
146293.0	1.0
146298.0	1.0
146311.0	1.0
146716.0	1.0
146910.0	1.0
147713.0	1.0
147852.0	1.0
147941.0	1.0
147956.0	1.0
148202.0	1.0
148708.0	1.0
148745.0	1.0
148947.0	1.0
149104.0	1.0
149124.0	1.0
149221.0	1.0
149258.0	1.0
149267.0	1.0
149293.0	1.0
149321.0	1.0
149400.0	1.0
149476.0	1.0
149562.0	1.0
149589.0	1.0
149595.0	1.0
149671.0	1.0
149699.0	1.0
149797.0	1.0
150321.0	1.0
150696.0	1.0
150823.0	1.0
150845.0	1.0
151111.0	1.0
151523.0	1.0
151680.0	1.0
151924.0	1.0
152204.0	1.0
152562.0	1.0
152726.0	1.0
152765.0	1.0
153034.0	1.0
153075.0	1.0
153446.0	1.0
153512.0	1.0
153637.0	1.0
153719.0	1.0
154092.0	1.0
155516.0	1.0
155569.0	1.0
156194.0	1.0
156628.0	1.0
157131.0	1.0
157389.0	1.0
157401.0	1.0
157628.0	1.0
157733.0	1.0
157982.0	1.0
158337.0	1.0
159295.0	1.0
159432.0	1.0
159458.0	1.0
159561.0	1.0
159716.0	1.0
159772.0	1.0
160371.0	1.0
160975.0	1.0
162119.0	1.0
162562.0	1.0
162867.0	1.0
163017.0	1.0
163090.0	1.0
163291.0	1.0
163355.0	1.0
163660.0	1.0
163718.0	1.0
165463.0	1.0
167376.0	1.0
167858.0	1.0
168348.0	1.0
169068.0	1.0
169403.0	1.0
170207.0	1.0
170441.0	1.0
171006.0	1.0
171066.0	1.0
171297.0	1.0
171776.0	1.0
171782.0	1.0
171883.0	1.0
172006.0	1.0
172764.0	1.0
173265.0	1.0
174243.0	1.0
176466.0	1.0
177596.0	1.0
178485.0	1.0
