#Position (bp)	Coverage
3406923.0	0.11896631050456827
1.0220768E7	0.07633017774839317
1.7034613E7	0.18588858419878937
2.3848458E7	0.08347049279811912
3.0662303E7	0.1711276085675562
3.7476148E7	0.35758019150714465
4.4289993E7	0.18269038993402403
5.1103838E7	0.07175992409571982
5.7917683E7	0.1492044506442398
6.4731528E7	0.09338060962642972
7.1545373E7	0.05727837953460931
7.8359218E7	0.6924344478044335
8.5173063E7	0.23326066266549944
9.1986908E7	0.128601252303215
9.8800753E7	0.14969286797689116
1.05614598E8	0.043292737066957056
1.12428443E8	0.15806523335943215
1.19242288E8	0.02338004460036881
1.26056133E8	0.4557407748488555
1.300790245E8	0.12590162816635253
1.33485947E8	0.39890686104229256
1.39683823E8	0.2656250619143817
1.46497668E8	0.01882285258910351
1.53311513E8	0.2529118287838951
1.60125358E8	0.17753735225852657
1.66939203E8	0.1155328599344423
1.73753048E8	0.12581207820254203
1.80566893E8	0.21466015150036433
1.87380738E8	0.5390662687513438
1.94194583E8	0.2919928469168289
2.01008428E8	0.4531848024133217
2.07822273E8	0.6190724913760146
2.14636118E8	0.3119812675515806
2.21449963E8	0.43602019124297664
2.28263808E8	0.510488571430668
2.35077653E8	0.37198087129953794
2.41891498E8	0.055573321670804074
2.48705343E8	0.5495731118039815
2.52444901E8	0.3063518475929358
2.558518235E8	0.32187381984830954
2.62333033E8	0.0860063591114855
2.69146878E8	0.1454396159583906
2.75960723E8	0.04832220280913346
2.82774568E8	0.09698444857492355
2.89588413E8	0.019739515647919786
2.96402258E8	0.0799871438226141
3.03216103E8	0.03395439726028403
3.10029948E8	0.1404682671824792
3.16843793E8	0.03484537731633167
3.23657638E8	0.34324511344182324
3.30471483E8	0.5205853669991025
3.37285328E8	0.2607683327108263
3.44099173E8	0.023293602951050398
3.50913018E8	0.05794114776605573
3.57726863E8	0.10314352615887212
3.64540708E8	0.48025850309186663
3.704270945E8	0.03825463890582803
3.73834017E8	0.0
3.78168398E8	0.04966505695389314
3.84982243E8	0.13211013752147283
3.91796088E8	0.33168468023560854
3.98609933E8	0.06538628336864134
4.05423778E8	0.33765429063913255
4.12237623E8	0.19587369539518437
4.19051468E8	0.12905518103214852
4.25865313E8	0.3217366993232162
4.32679158E8	0.05799016561133985
4.39493003E8	0.1383387793529204
4.46306848E8	0.09720532239873375
4.53120693E8	0.07042499499181445
4.59934538E8	0.026857523175241
4.66748383E8	0.12025383612336353
4.73562228E8	0.03938657248587251
4.80376073E8	0.1396108951700545
4.87189918E8	0.09809732977489215
4.91962519E8	0.0618747384541823
4.953694415E8	0.005380297504854883
5.00817608E8	0.03226240103788683
5.07631453E8	0.07072644006431024
5.14445298E8	0.23865321268681633
5.21259143E8	0.3185619866609822
5.28072988E8	0.11954762692723418
5.34886833E8	0.007793837400175672
5.41700678E8	0.10777453845809525
5.48514523E8	0.3592691057692096
5.55328368E8	0.12770865788699332
5.62142213E8	0.07131993756828928
5.68956058E8	0.13470074532074033
5.75769903E8	0.03711311308079359
5.82583748E8	0.01644798201309246
5.89397593E8	0.021233972889022276
5.96211438E8	0.02652012189886914
6.03025283E8	0.0071001028053910824
6.09839128E8	0.06022796233257434
6.15738246E8	0.1971520693300345
6.191451685E8	0.0
6.23466818E8	0.0819934999988993
6.30280663E8	0.07706779358790815
6.37094508E8	0.005701333094603708
6.43908353E8	0.07042631583195684
6.50722198E8	0.10798924836124098
6.57536043E8	0.05510706510054162
6.64349888E8	0.01667487299755131
6.71163733E8	0.021292236615303106
6.77977578E8	0.8062549118742794
6.84791423E8	0.03912049657718953
6.91605268E8	0.16343430177821774
6.98419113E8	0.43472547438340614
7.05232958E8	0.22641386764741495
7.12046803E8	0.09274704663813163
7.18860648E8	0.436648617630721
7.222708485E8	0.0
7.25677771E8	0.07904071650256071
7.32488338E8	1.0394662631744631
7.39302183E8	0.40995091611270873
7.46116028E8	0.2803496410616913
7.52929873E8	0.29215252181404183
7.59743718E8	0.11309576311172326
7.66557563E8	0.07432998549277244
7.73371408E8	0.2262536057101387
7.80185253E8	0.09028089133228008
7.86999098E8	0.010494368451292918
7.93812943E8	0.014575911251283232
8.00626788E8	0.017245475939062307
8.07440633E8	0.23117534960070268
8.14254478E8	0.2650603293735035
8.190716475E8	0.08324499183476369
8.2247857E8	0.08409203198015902
8.27882168E8	0.3297448063464901
8.34696013E8	0.2098804713051148
8.41509858E8	0.3262048080048783
8.48323703E8	0.7285579580985478
8.55137548E8	0.730116549466564
8.61951393E8	48.392414121542245
8.68765238E8	0.29734518469381094
8.75579083E8	0.24362191978244296
8.82392928E8	0.011367150265378798
8.89206773E8	0.14336413581465385
8.96020618E8	0.1875573923386869
9.02834463E8	0.10718749839481233
9.09648308E8	0.09531094411451978
9.14262198E8	0.008683746662606906
9.176691205E8	0.0424508683132155
9.23275998E8	0.18484013064576607
9.30089843E8	0.07058188144872682
9.36903688E8	0.05530812632221602
9.43717533E8	0.0371181029213315
9.50531378E8	0.43589515170949733
9.57345223E8	0.10537545247947377
9.64159068E8	0.10127336327726856
9.70972913E8	0.06819761823170324
9.77786758E8	0.16032357648288154
9.84600603E8	0.06473070637797015
9.91414448E8	0.15774074696445253
9.98228293E8	0.36606585562189925
1.00390351E9	0.1184350180278619
1.0073104325E9	0.0
1.011855983E9	0.632096855740041
1.018669828E9	0.1951624963585171
1.025483673E9	0.052687432719705246
1.032297518E9	0.33089687247068283
1.039111363E9	0.08650431584516524
1.045925208E9	0.2447635659455124
1.052739053E9	0.337394378651114
1.059552898E9	0.23788873976440614
1.0652815955E9	0.06584660442980048
1.068688518E9	0.0
1.073180588E9	0.05165688388861208
1.079994433E9	0.03426758313404546
1.086808278E9	0.02181793099197296
1.093622123E9	0.022850094183240154
1.100435968E9	0.037053528514370375
1.107249813E9	0.245598923955564
1.114063658E9	0.07436183241620553
1.120877503E9	0.13064062948305985
1.127691348E9	0.2002604990280818
1.134505193E9	0.044975927688405005
1.141319038E9	0.2118422124365905
1.148132883E9	0.09383057583493608
1.154946728E9	0.2768303358823102
1.161760573E9	0.11498926083584232
1.168574418E9	0.008533361119896329
1.175388263E9	0.05277519520916604
1.182202108E9	0.0074292855208769795
1.189015953E9	0.07631961102725407
1.195829798E9	0.10735333721268975
1.202643643E9	0.2593484295577607
1.209457488E9	0.03495794224846618
1.216271333E9	0.14601212678010728
1.223085178E9	0.12493592090809227
1.229899023E9	0.15092227662942143
1.236712868E9	0.23689341333710995
1.243526713E9	0.050716005427185386
1.250340558E9	0.18542761098909646
1.257154403E9	0.048988199760927935
1.2618183335E9	0.05580950956557158
1.265225256E9	0.09132316657243811
1.270782093E9	0.04830517864729826
1.277595938E9	0.402575491517638
1.284409783E9	0.1617527255169438
1.291223628E9	0.6456061151963393
1.298037473E9	0.3324448971175599
1.304851318E9	0.06707578467076959
1.311665163E9	0.04292789166762672
1.318479008E9	0.05235546156391876
1.325292853E9	0.11814680257622531
1.332106698E9	0.12015697451292186
1.338920543E9	0.07991361705468791
1.345734388E9	0.08301524322904322
1.352548233E9	0.2271328449649207
1.359362078E9	0.26435353313731086
1.366175923E9	0.18255404987932658
1.372989768E9	0.07254611750047146
1.379803613E9	0.12441903213237167
1.386617458E9	0.1311258180953632
1.393431303E9	0.30467437988389817
1.400245148E9	0.02526268208331713
1.407058993E9	0.09371933174294396
1.413872838E9	0.31642119831020515
1.420686683E9	0.41639324052719134
1.427500528E9	0.34652725443563803
1.434314373E9	0.18566183997434635
1.441128218E9	0.16117449105461013
1.444861853E9	0.528123350040173
1.4482687755E9	0.28654507322552686
1.454755908E9	0.02068773211013752
1.461569753E9	0.048824855863319465
1.468383598E9	0.041553777639497226
1.475197443E9	0.09969246438684766
1.482011288E9	0.20809675007282966
1.488825133E9	0.024095793197526506
1.495638978E9	0.11066952653017496
1.502452823E9	0.15362750400104494
1.509266668E9	0.3011753275867003
1.516080513E9	0.04238194440877361
1.522894358E9	0.01943674973528162
1.529708203E9	0.1276668312824844
1.536522048E9	0.5063499389845234
1.543335893E9	0.22377541608298984
1.550149738E9	0.2218091253910237
1.556963583E9	0.028046132543373088
1.563777428E9	0.04604522116367484
1.570591273E9	0.05078630347476351
1.577405118E9	0.10634216070368492
1.584218963E9	0.09466652088505095
1.591032808E9	0.090396391464731
1.597846653E9	0.11250564108810811
1.6032409105E9	0.06021883577756141
1.606647833E9	0.0
1.611474343E9	0.12287849224630146
1.618288188E9	0.05328812146445949
1.625102033E9	0.05947214825109758
1.631915878E9	0.01412873348307747
1.638729723E9	0.6250506138604561
1.645543568E9	0.1032792791735063
1.652357413E9	0.3720764120698372
1.659171258E9	0.047277271496489866
1.665985103E9	0.1526163274920401
1.672798948E9	0.009584456353204394
1.679612793E9	0.021783002108207626
1.686426638E9	0.025820957183499183
1.693240483E9	0.058113884304676726
1.700054328E9	0.015819995905395557
1.706868173E9	0.05546354517897017
1.713682018E9	0.26363881186026394
1.720495863E9	0.222919805190755
1.727309708E9	0.4802656943326418
1.734123553E9	0.4385083605512013
1.740937398E9	0.558782449556748
1.747751243E9	0.42439254194951603
1.754565088E9	0.33261631281603854
1.759854186E9	0.6417225705041851
1.7632611085E9	0.001438927244979003
1.768192778E9	0.3065046240411985
1.775006623E9	0.0065500462660949875
1.781820468E9	0.07783666931079296
1.788634313E9	0.22687073157666487
1.795448158E9	0.4427064308037532
1.802262003E9	0.03322206478133859
1.809075848E9	0.02372390331743678
1.815889693E9	0.07664233630204385
1.822703538E9	0.025791458420319217
1.829517383E9	0.0907290964205966
1.836331228E9	0.11973151722705756
1.843145073E9	0.006187255506986144
1.849958918E9	0.058213974635466466
1.856772763E9	0.1247329518062122
1.863586608E9	0.08729388473028077
1.870400453E9	0.23727146713786415
1.877214298E9	0.3544257317270939
1.884028143E9	0.541091410209654
1.890841988E9	0.14565638050175783
1.897655833E9	0.21498038185488516
1.904469678E9	0.30728333268514324
1.910723823E9	0.28785843045283604
1.9141307455E9	0.0
1.918097368E9	0.05664540358637451
1.924911213E9	0.034327901500547785
1.931725058E9	0.0956204609878857
1.938538903E9	0.011438622393083494
1.945352748E9	0.45768299689822706
1.952166593E9	0.19265378064807756
1.958980438E9	0.13062125716097153
1.965794283E9	0.13698315708678432
1.972608128E9	0.023552487618958166
1.979421973E9	0.10986366728330334
1.986235818E9	0.12569525722994873
1.993049663E9	0.0096942328450383
1.999863508E9	0.26293377674426116
2.006677353E9	0.11240261555700196
2.013491198E9	0.03581237906057446
2.020305043E9	0.07875758841006802
2.027118888E9	0.1902618859102313
2.033932733E9	0.1378387679790192
2.040746578E9	0.2677436895027697
2.047560423E9	0.13837649667698634
2.054374268E9	0.11710143098353426
2.060544391E9	0.10977487880448776
2.0639513135E9	0.0
2.068001958E9	0.25162855920555866
2.074815803E9	0.055290955400364994
2.081629648E9	0.23246639745987766
2.088443493E9	0.2980129427657952
2.095257338E9	0.19320574506757932
2.102071183E9	0.03847255110734101
2.108885028E9	0.24463338981147942
2.115698873E9	0.06222668698803686
2.122512718E9	0.06473657677860298
2.129326563E9	0.2150682911043618
2.136140408E9	0.07373355278847699
2.142954253E9	0.1414289582460417
2.149768098E9	0.02668522691666746
2.156581943E9	0.08905441788006625
2.163395788E9	0.26608999764450175
2.170209633E9	0.09602537187153509
2.177023478E9	0.09754066903488412
2.183837323E9	0.20567242137148703
2.190651168E9	0.6210119249850855
2.197465013E9	0.19728127070692097
2.204278858E9	0.15924445008655172
2.2082174155E9	0.031081475072182983
2.211624338E9	0.08079070353834182
2.217906548E9	0.05038887735192098
2.224720393E9	0.18948126938608084
2.231534238E9	0.21787419584683831
2.238348083E9	0.046343290755806746
2.245161928E9	0.12712572710415337
2.251975773E9	0.05679069600203703
2.258789618E9	0.06108239914468263
2.265603463E9	0.013333734477376577
2.272417308E9	0.06444555166723047
2.279231153E9	0.4041823669308592
2.286044998E9	0.21160754317129316
2.292858843E9	0.5180483266056096
2.299672688E9	0.19606844593617848
2.306486533E9	0.2368640613339458
2.313300378E9	0.3428284617569082
2.320114223E9	0.2256030185600054
2.326928068E9	0.3591720973987521
2.333741913E9	0.44995417418505995
2.3376495495E9	0.17083704470016817
2.341056472E9	0.1540354038603906
2.347369603E9	0.0283060445313916
2.354183448E9	0.4183946068629386
2.360997293E9	0.4317434576219447
2.367811138E9	0.08861516515271481
2.374624983E9	0.055199230390477035
2.381438828E9	0.24537966449192783
2.388252673E9	0.061668852167902265
2.395066518E9	0.3125275083304654
2.401880363E9	0.25896509239643695
2.408694208E9	0.23788507076401064
2.415508053E9	0.11203953127786147
2.422321898E9	0.034463214235134494
2.429135743E9	0.03467821765831186
2.435949588E9	0.1494417615898219
2.442763433E9	0.21032412683294088
2.449577278E9	0.41909788085875155
2.456391123E9	0.22049224776906431
2.4612717095E9	0.29221552538434814
2.462753523E9	0.0
2.4646867815E9	0.0014500477635292339
2.470018813E9	0.08871188000314066
2.476832658E9	0.05913049093426692
2.483646503E9	0.0993019359847487
2.490460348E9	0.005998815646672327
2.497274193E9	0.03961683895069524
2.504088038E9	0.05760550760987372
2.510901883E9	0.037968430452996804
2.517715728E9	0.037417199833574145
2.524529573E9	0.009263345438588639
2.531343418E9	0.018143793995900992
2.538157263E9	0.15175059015871362
2.544971108E9	0.012810241500944035
2.551784953E9	0.010388847999917815
2.558598798E9	0.12205311391732568
2.565412643E9	0.13270378178546768
2.572226488E9	0.032351190847458376
2.579040333E9	0.007353557352713483
2.585854178E9	0.007366618994121527
2.592668023E9	0.037234043333829875
2.599481868E9	0.04168556813370424
2.606295713E9	0.04230709680070503
2.613109558E9	0.19547362759205705
2.619923403E9	0.07215324093811937
2.626737248E9	0.031665528053543925
2.631968571E9	0.4649288903395937
2.6353754935E9	0.0057411524136789256
2.640364938E9	0.0014191693529864563
2.647178783E9	0.0016808424611948172
2.653992628E9	0.004348499268768221
2.660806473E9	5.507903393751986E-4
2.667620318E9	0.0051753451979022124
2.674434163E9	0.0014753784390457957
2.681248008E9	0.0020136941770762325
2.688061853E9	5.503500593277364E-4
2.694875698E9	0.0017904721930129023
2.701689543E9	0.0012621361360582754
2.708503388E9	0.0012644842963114072
2.715317233E9	7.427524400687131E-4
2.7221309125E9	0.5652492972055242
