# Position (bp)	A	C	G	T	N
0.0	14.918645729081897	31.626090667624695	32.59697458072747	20.855555513308335	0.0027335092576045764
1.0	16.60347909959849	24.451060473137566	30.216879296349504	28.72627409020642	0.0023070407080158927
2.0	18.63610014139231	26.743405999806185	28.103886916571756	26.516283237186084	3.2370504366369986E-4
3.0	21.520774516212533	24.57571774399987	30.56287888262363	23.33966801838357	9.608387803986012E-4
4.0	21.378935187159577	24.78954290895328	29.81312148157024	24.01759372879539	8.06693521511125E-4
5.0	22.01298601871673	26.23219352505647	28.00603036805469	23.74808101998123	7.090681908823901E-4
6.0	15.302066646038606	26.53780705350207	26.11761221595011	32.04165600923474	8.580752744736171E-4
7.0	16.8871731722303	29.156467816884884	27.547222143151412	26.408319897861297	8.169698721036234E-4
8.0	16.75570781910047	28.175287000488435	28.322172017682313	26.74655056308749	2.825996412937062E-4
9.0	21.919943940452246	25.70991342071862	28.22291274730937	24.146798284794876	4.316067248849332E-4
10.0	17.745906133141837	29.686193137226997	29.212643487398783	23.355123649674685	1.335925577024793E-4
11.0	16.434176223587084	27.995748879286896	30.256006501230438	25.313626512820107	4.4188307547743155E-4
12.0	17.35970032517456	28.375783738723374	27.738475304028405	26.52589676316537	1.438689082949777E-4
13.0	18.26940398502489	27.624736655670628	27.66216826270381	26.443634576672416	5.651992825874124E-5
14.0	18.12136287838936	27.22971373889499	28.742726527505013	25.905981051848197	2.158033624424666E-4
15.0	17.997311912212012	27.77747919270223	28.701955106529276	25.522914668986928	3.391195695524475E-4
16.0	18.398212901526563	27.329286437961002	28.58618687892948	25.68553277893792	7.81002645029879E-4
17.0	18.385141383572904	27.71802536634933	28.102294082229918	25.794020212142925	5.189557049211696E-4
18.0	17.847451891521608	27.55763722447691	28.594145912463375	25.99904368281386	0.0017212887242434834
19.0	18.17580184565312	27.8969777355671	28.580853452971976	25.34017032640053	0.006196639407276539
20.0	18.13324233967429	27.6743662908571	28.690363383060934	25.488622487059764	0.013405499347914174
21.0	18.141293860363508	27.459631668876256	29.147717504355374	25.231030344932904	0.02032662147196185
22.0	18.251461476890388	27.11953070784222	28.613295891792497	25.99023685035609	0.025475073118803555
23.0	18.446979323263264	27.692899689150668	28.517849147489372	25.32326572967587	0.019006110420825808
24.0	18.598031593227244	27.807235921216662	28.16911265487963	25.41234221332229	0.013277617354174738
25.0	18.99431519996078	27.56713589600591	28.245566877012507	25.187930767008908	0.005051260011887675
26.0	19.296974067162147	26.918456712381083	27.77002898099103	26.011523741534536	0.0030164979312065805
27.0	18.976791795578723	27.5307332013648	28.795397673192515	24.696090623623526	9.86706240439035E-4
28.0	18.266954031775825	28.077633806841618	29.89135409458019	23.763734279955873	3.23786846493427E-4
29.0	16.876828274405025	27.758016446142953	29.329628263549484	26.03540365749456	1.233584079857299E-4
30.0	17.798118116018582	26.076983639222373	26.011320503497913	30.113536615050702	4.112621042791051E-5
31.0	20.543167606904916	26.533279539328074	28.923037262186078	24.000376770552954	1.3882102797176875E-4
32.0	19.929810804516	26.348759449707575	29.115669928424875	24.60563639511838	1.2342223316794582E-4
33.0	22.432645689609707	24.631344153313208	26.604780875469036	26.330843374423875	3.859071841767763E-4
34.0	17.179406677253482	27.85153630445622	26.331079116307926	28.63298298726899	0.004994914713376089
35.0	17.25820478448787	29.02919162453192	25.42367658601643	28.288653444617683	2.7356034609616226E-4
36.0	15.914636889946001	28.93912742938547	27.493542473673443	27.652552921996243	1.4028499884706513E-4
37.0	17.30546240706093	27.917968326916174	30.083424830049715	24.692326805741676	8.176302315061598E-4
38.0	21.08749794324862	30.12093698113772	29.474823226225556	19.315598616153565	0.0011432332345380377
39.0	15.682442887160366	31.957586507841746	35.042288047520806	17.311404730393065	0.006277827084023177
