#Insert size (bp)	insert size
28.0	1.0
33.0	1.0
34.0	1.0
36.0	3.0
37.0	1.0
38.0	5.0
39.0	8.0
40.0	52.0
41.0	219.0
42.0	212.0
43.0	179.0
44.0	188.0
45.0	187.0
46.0	172.0
47.0	154.0
48.0	186.0
49.0	181.0
50.0	207.0
51.0	158.0
52.0	161.0
53.0	188.0
54.0	168.0
55.0	202.0
56.0	168.0
57.0	165.0
58.0	132.0
59.0	175.0
60.0	150.0
61.0	188.0
62.0	124.0
63.0	178.0
64.0	154.0
65.0	181.0
66.0	187.0
67.0	176.0
68.0	188.0
69.0	177.0
70.0	203.0
71.0	200.0
72.0	198.0
73.0	227.0
74.0	234.0
75.0	227.0
76.0	274.0
77.0	275.0
78.0	312.0
79.0	353.0
80.0	368.0
81.0	419.0
82.0	461.0
83.0	496.0
84.0	577.0
85.0	632.0
86.0	714.0
87.0	785.0
88.0	889.0
89.0	999.0
90.0	1168.0
91.0	1313.0
92.0	1469.0
93.0	1697.0
94.0	1916.0
95.0	2144.0
96.0	2427.0
97.0	2711.0
98.0	3049.0
99.0	3363.0
100.0	3594.0
101.0	3982.0
102.0	4332.0
103.0	4874.0
104.0	5456.0
105.0	5900.0
106.0	6531.0
107.0	7060.0
108.0	7496.0
109.0	8176.0
110.0	8872.0
111.0	9600.0
112.0	10093.0
113.0	10947.0
114.0	11620.0
115.0	12219.0
116.0	13143.0
117.0	13910.0
118.0	14909.0
119.0	15472.0
120.0	16197.0
121.0	16886.0
122.0	17523.0
123.0	18244.0
124.0	18957.0
125.0	19745.0
126.0	20565.0
127.0	21327.0
128.0	22110.0
129.0	22865.0
130.0	23831.0
131.0	24285.0
132.0	24605.0
133.0	25198.0
134.0	25480.0
135.0	26625.0
136.0	27020.0
137.0	28083.0
138.0	28371.0
139.0	28762.0
140.0	29426.0
141.0	29498.0
142.0	30209.0
143.0	30770.0
144.0	30856.0
145.0	30969.0
146.0	31644.0
147.0	32084.0
148.0	32309.0
149.0	32917.0
150.0	33230.0
151.0	33277.0
152.0	33455.0
153.0	33383.0
154.0	33564.0
155.0	33782.0
156.0	33710.0
157.0	34429.0
158.0	34037.0
159.0	34587.0
160.0	34429.0
161.0	34701.0
162.0	34401.0
163.0	34613.0
164.0	34298.0
165.0	34402.0
166.0	34483.0
167.0	34087.0
168.0	34251.0
169.0	34153.0
170.0	34385.0
171.0	34242.0
172.0	34223.0
173.0	34413.0
174.0	33862.0
175.0	33717.0
176.0	33203.0
177.0	32901.0
178.0	33083.0
179.0	32788.0
180.0	32575.0
181.0	32500.0
182.0	32379.0
183.0	32447.0
184.0	31995.0
185.0	31756.0
186.0	31473.0
187.0	31599.0
188.0	31006.0
189.0	30674.0
190.0	30711.0
191.0	30391.0
192.0	29982.0
193.0	29967.0
194.0	30177.0
195.0	29712.0
196.0	29113.0
197.0	29097.0
198.0	28683.0
199.0	28194.0
200.0	28351.0
201.0	27723.0
202.0	27263.0
203.0	27599.0
204.0	27255.0
205.0	26909.0
206.0	26565.0
207.0	26373.0
208.0	25949.0
209.0	25846.0
210.0	25507.0
211.0	25338.0
212.0	24854.0
213.0	25124.0
214.0	24742.0
215.0	24564.0
216.0	24535.0
217.0	23832.0
218.0	23686.0
219.0	23235.0
220.0	23195.0
221.0	22761.0
222.0	22715.0
223.0	22348.0
224.0	22187.0
225.0	21973.0
226.0	21792.0
227.0	21449.0
228.0	21328.0
229.0	21022.0
230.0	20861.0
231.0	20626.0
232.0	20505.0
233.0	20226.0
234.0	20057.0
235.0	19582.0
236.0	19521.0
237.0	18962.0
238.0	19086.0
239.0	18863.0
240.0	18706.0
241.0	18483.0
242.0	18175.0
243.0	17967.0
244.0	17625.0
245.0	17554.0
246.0	17097.0
247.0	17098.0
248.0	17073.0
249.0	16509.0
250.0	16401.0
251.0	16375.0
252.0	16023.0
253.0	15995.0
254.0	15706.0
255.0	15683.0
256.0	15283.0
257.0	15212.0
258.0	15061.0
259.0	14815.0
260.0	14811.0
261.0	14342.0
262.0	14416.0
263.0	14257.0
264.0	13971.0
265.0	13850.0
266.0	13817.0
267.0	13382.0
268.0	13336.0
269.0	13277.0
270.0	12904.0
271.0	12889.0
272.0	12902.0
273.0	12452.0
274.0	12595.0
275.0	12239.0
276.0	12097.0
277.0	11905.0
278.0	11837.0
279.0	11730.0
280.0	11430.0
281.0	11477.0
282.0	11296.0
283.0	11054.0
284.0	10986.0
285.0	10775.0
286.0	10813.0
287.0	10643.0
288.0	10366.0
289.0	10430.0
290.0	10157.0
291.0	10108.0
292.0	9949.0
293.0	9720.0
294.0	9580.0
295.0	9468.0
296.0	9407.0
297.0	9399.0
298.0	9115.0
299.0	9092.0
300.0	9051.0
301.0	8700.0
302.0	8657.0
303.0	8597.0
304.0	8534.0
305.0	8415.0
306.0	8312.0
307.0	8281.0
308.0	7956.0
309.0	7916.0
310.0	7810.0
311.0	7809.0
312.0	7638.0
313.0	7702.0
314.0	7452.0
315.0	7330.0
316.0	7421.0
317.0	7088.0
318.0	7117.0
319.0	6930.0
320.0	6933.0
321.0	6808.0
322.0	6869.0
323.0	6633.0
324.0	6544.0
325.0	6466.0
326.0	6450.0
327.0	6179.0
328.0	6153.0
329.0	6025.0
330.0	6032.0
331.0	5880.0
332.0	5917.0
333.0	5814.0
334.0	5768.0
335.0	5680.0
336.0	5634.0
337.0	5485.0
338.0	5394.0
339.0	5418.0
340.0	5130.0
341.0	5202.0
342.0	5128.0
343.0	4980.0
344.0	4993.0
345.0	4938.0
346.0	4882.0
347.0	4875.0
348.0	4820.0
349.0	4743.0
350.0	4758.0
351.0	4682.0
352.0	4505.0
353.0	4645.0
354.0	4543.0
355.0	4402.0
356.0	4265.0
357.0	4212.0
358.0	4060.0
359.0	3995.0
360.0	4073.0
361.0	3912.0
362.0	3927.0
363.0	3870.0
364.0	3957.0
365.0	3744.0
366.0	3749.0
367.0	3702.0
368.0	3613.0
369.0	3697.0
370.0	3616.0
371.0	3496.0
372.0	3496.0
373.0	3488.0
374.0	3317.0
375.0	3244.0
376.0	3350.0
377.0	3241.0
378.0	3215.0
379.0	3097.0
380.0	3147.0
381.0	3139.0
382.0	3048.0
383.0	2928.0
384.0	2933.0
385.0	2907.0
386.0	2929.0
387.0	2863.0
388.0	2936.0
389.0	2654.0
390.0	2711.0
391.0	2620.0
392.0	2641.0
393.0	2539.0
394.0	2549.0
395.0	2576.0
396.0	2421.0
397.0	2386.0
398.0	2418.0
399.0	2378.0
400.0	2282.0
401.0	2363.0
402.0	2211.0
403.0	2366.0
404.0	2222.0
405.0	2228.0
406.0	2198.0
407.0	2137.0
408.0	2056.0
409.0	2146.0
410.0	2033.0
411.0	2085.0
412.0	2076.0
413.0	2040.0
414.0	2025.0
415.0	1933.0
416.0	1915.0
417.0	1948.0
418.0	1833.0
419.0	1856.0
420.0	1850.0
421.0	1791.0
422.0	1721.0
423.0	1697.0
424.0	1771.0
425.0	1680.0
426.0	1562.0
427.0	1616.0
428.0	1553.0
429.0	1575.0
430.0	1579.0
431.0	1582.0
432.0	1611.0
433.0	1509.0
434.0	1506.0
435.0	1482.0
436.0	1510.0
437.0	1463.0
438.0	1376.0
439.0	1420.0
440.0	1363.0
441.0	1355.0
442.0	1366.0
443.0	1378.0
444.0	1383.0
445.0	1362.0
446.0	1253.0
447.0	1183.0
448.0	1240.0
449.0	1219.0
450.0	1201.0
451.0	1206.0
452.0	1237.0
453.0	1207.0
454.0	1163.0
455.0	1132.0
456.0	1111.0
457.0	1139.0
458.0	1071.0
459.0	1082.0
460.0	1025.0
461.0	1070.0
462.0	1052.0
463.0	1010.0
464.0	1031.0
465.0	1027.0
466.0	1002.0
467.0	1039.0
468.0	959.0
469.0	933.0
470.0	998.0
471.0	964.0
472.0	888.0
473.0	969.0
474.0	861.0
475.0	879.0
476.0	890.0
477.0	828.0
478.0	884.0
479.0	850.0
480.0	808.0
481.0	835.0
482.0	806.0
483.0	791.0
484.0	801.0
485.0	788.0
486.0	793.0
487.0	817.0
488.0	775.0
489.0	686.0
490.0	740.0
491.0	681.0
492.0	718.0
493.0	692.0
494.0	682.0
495.0	706.0
496.0	657.0
497.0	629.0
498.0	655.0
499.0	599.0
500.0	631.0
501.0	619.0
502.0	623.0
503.0	613.0
504.0	638.0
505.0	648.0
506.0	589.0
507.0	564.0
508.0	599.0
509.0	610.0
510.0	543.0
511.0	565.0
512.0	541.0
513.0	537.0
514.0	530.0
515.0	570.0
516.0	547.0
