# Position (bp)	A	C	G	T	N
0.0	20.854726536688187	27.924185607995582	29.204592379597553	22.01266907542126	0.003826400297410362
1.0	20.89255351424761	25.29857576330859	24.5921678830217	29.216353219090358	3.496203317430788E-4
2.0	25.922269300110596	25.943110556552835	22.534380303788993	25.599579445587615	6.603939599591487E-4
3.0	28.310185877591703	24.13602017853168	23.741619309297842	23.812155211227008	1.9423351763504376E-5
4.0	29.460329940591734	21.886679504207294	24.038155620671265	24.614582430956784	2.525035729255569E-4
5.0	29.75376822735888	22.624533790999298	22.851379116245262	24.768357106868446	0.001961758528113942
6.0	27.88748518483844	21.54805278956236	19.558266364853676	31.006195660745522	0.0
7.0	26.888445086882594	23.8698522776405	21.24764151951212	27.99405140428891	9.711675881752188E-6
8.0	26.0930005621118	24.080168330535724	21.168316550909967	28.65850484476663	9.711675881752188E-6
9.0	31.76518255425622	21.28888700698192	21.002460550201402	25.943421330181053	4.855837940876094E-5
10.0	28.914252117436696	23.7326457207831	23.28710316635596	24.06595043704484	4.855837940876094E-5
11.0	26.997711152228188	24.06030795335754	22.777463551109246	26.164420226546202	9.711675881752188E-5
12.0	27.565581976061885	23.54284072735014	22.13707564346651	26.754113186086197	3.884670352700875E-4
13.0	28.110892576822273	23.137679321239318	21.905539578769655	26.84494649060823	9.420325605299623E-4
14.0	27.93461594789259	23.245760562127337	22.22132443174071	26.596686920042995	0.001612138196370863
15.0	27.93623779776484	23.386366205543347	22.286858820590773	26.384836422358454	0.005700753742588535
16.0	28.182419069691374	23.346053038958196	22.060130035455387	26.401851278503287	0.0095465773917624
17.0	28.269610495757746	23.294862795385477	22.028955555874962	26.392421241222102	0.01414991175971294
18.0	28.151778732284445	23.346655162862863	22.041629292900648	26.448671267929207	0.011265544022832539
19.0	28.2324342004824	23.350685508353788	22.09368387562684	26.314611294057507	0.008585121479468934
20.0	28.181156551826746	23.44463626083386	22.01986542724964	26.34983554248062	0.004506217609133016
21.0	28.380275042430313	23.42951518148597	21.982980482250746	26.206219279541266	0.0010100142917022275
22.0	28.339806489031048	23.28999724576872	21.811200359254315	26.558908500862984	8.74050829357697E-5
23.0	28.35236368594616	23.357299159629264	21.997664536183954	26.292293862881237	3.787553593883353E-4
24.0	28.34586631928409	23.544288995728518	21.97472541208219	26.134973591329576	1.4568157562199477E-4
25.0	28.612789074311458	23.50351334640393	21.84426744595558	26.03927473139261	1.554019364246793E-4
26.0	28.923505258019127	23.00939203261442	21.790867735851293	26.27621554721649	1.942629866263532E-5
27.0	28.87075292754754	23.12044954354708	22.45572944315376	25.552902952380684	1.6513337093841118E-4
28.0	27.951981924929353	24.289231050799998	23.1230905666305	24.635366166771437	3.3029086871064255E-4
29.0	25.71115651666092	25.040083389383206	23.00189538106642	26.24670926618761	1.554467018436076E-4
30.0	26.711045865112578	23.062432880251958	20.170536145648345	30.055635299225326	3.4980976179121255E-4
31.0	28.884371064295618	23.27884440357475	22.983245336826567	24.853179609378895	3.5958592417421333E-4
32.0	28.817713447749142	22.94745684716976	23.054334063085843	25.179815204968047	6.804370272056221E-4
33.0	33.176401854276996	22.035803287781583	21.55002363502044	23.23705162139352	7.196015274612099E-4
34.0	26.157203212776825	22.928580723786787	20.464842526885317	30.448779810753308	5.937257977655081E-4
35.0	25.998242469048144	25.150706816138076	19.8104363397321	29.039726831704222	8.875433774634205E-4
36.0	25.914217478313372	24.874761127410803	20.053060846990135	29.157233228596162	7.273186895250481E-4
37.0	29.625245983496367	23.198426754292385	20.78707257153436	26.388921939892708	3.327507841826814E-4
38.0	30.747583038192783	24.739448250504058	20.140431697816595	24.370430132849965	0.0021068806366020877
39.0	23.98648726512949	29.34398743851205	23.56017569153451	23.107474349333486	0.0018752554904652161
