#Insert size (bp)	insert size
36.0	1.0
38.0	1.0
39.0	4.0
40.0	24.0
41.0	104.0
42.0	92.0
43.0	104.0
44.0	91.0
45.0	99.0
46.0	98.0
47.0	109.0
48.0	89.0
49.0	92.0
50.0	107.0
51.0	97.0
52.0	104.0
53.0	98.0
54.0	112.0
55.0	102.0
56.0	105.0
57.0	101.0
58.0	114.0
59.0	102.0
60.0	108.0
61.0	105.0
62.0	114.0
63.0	111.0
64.0	102.0
65.0	111.0
66.0	108.0
67.0	100.0
68.0	97.0
69.0	101.0
70.0	122.0
71.0	108.0
72.0	119.0
73.0	119.0
74.0	134.0
75.0	147.0
76.0	154.0
77.0	134.0
78.0	139.0
79.0	164.0
80.0	177.0
81.0	209.0
82.0	204.0
83.0	260.0
84.0	241.0
85.0	269.0
86.0	349.0
87.0	373.0
88.0	381.0
89.0	437.0
90.0	446.0
91.0	555.0
92.0	583.0
93.0	635.0
94.0	782.0
95.0	859.0
96.0	962.0
97.0	1063.0
98.0	1188.0
99.0	1301.0
100.0	1492.0
101.0	1601.0
102.0	1780.0
103.0	1998.0
104.0	2177.0
105.0	2491.0
106.0	2515.0
107.0	2818.0
108.0	3206.0
109.0	3397.0
110.0	3621.0
111.0	3873.0
112.0	4353.0
113.0	4562.0
114.0	4780.0
115.0	5178.0
116.0	5650.0
117.0	5986.0
118.0	6273.0
119.0	6887.0
120.0	7087.0
121.0	7591.0
122.0	7873.0
123.0	8425.0
124.0	8846.0
125.0	9277.0
126.0	9844.0
127.0	10147.0
128.0	10543.0
129.0	11143.0
130.0	11581.0
131.0	12037.0
132.0	12335.0
133.0	12792.0
134.0	13202.0
135.0	13615.0
136.0	14314.0
137.0	14701.0
138.0	15134.0
139.0	15749.0
140.0	16408.0
141.0	16408.0
142.0	16972.0
143.0	17401.0
144.0	17815.0
145.0	18283.0
146.0	18443.0
147.0	18828.0
148.0	19422.0
149.0	19969.0
150.0	20368.0
151.0	20594.0
152.0	20688.0
153.0	21227.0
154.0	21520.0
155.0	21581.0
156.0	22074.0
157.0	22084.0
158.0	22852.0
159.0	23249.0
160.0	23353.0
161.0	23356.0
162.0	23771.0
163.0	23802.0
164.0	24377.0
165.0	24137.0
166.0	24193.0
167.0	24723.0
168.0	25262.0
169.0	25264.0
170.0	25156.0
171.0	25280.0
172.0	25555.0
173.0	25510.0
174.0	25190.0
175.0	25808.0
176.0	25770.0
177.0	25947.0
178.0	25680.0
179.0	26051.0
180.0	25965.0
181.0	26007.0
182.0	26096.0
183.0	26380.0
184.0	26106.0
185.0	26115.0
186.0	26061.0
187.0	26028.0
188.0	25910.0
189.0	26154.0
190.0	25867.0
191.0	25595.0
192.0	25972.0
193.0	25735.0
194.0	25403.0
195.0	25492.0
196.0	25619.0
197.0	25440.0
198.0	25066.0
199.0	25317.0
200.0	25085.0
201.0	25245.0
202.0	24751.0
203.0	24612.0
204.0	24956.0
205.0	24416.0
206.0	24585.0
207.0	24229.0
208.0	24148.0
209.0	23913.0
210.0	23636.0
211.0	23604.0
212.0	23536.0
213.0	23488.0
214.0	23288.0
215.0	23054.0
216.0	23067.0
217.0	22702.0
218.0	22366.0
219.0	22307.0
220.0	22003.0
221.0	22022.0
222.0	21874.0
223.0	21563.0
224.0	21373.0
225.0	21229.0
226.0	21173.0
227.0	20971.0
228.0	20582.0
229.0	20610.0
230.0	20304.0
231.0	20496.0
232.0	20034.0
233.0	19874.0
234.0	19574.0
235.0	19585.0
236.0	19207.0
237.0	18950.0
238.0	18879.0
239.0	18917.0
240.0	18547.0
241.0	18354.0
242.0	18016.0
243.0	17906.0
244.0	17731.0
245.0	17337.0
246.0	17299.0
247.0	17253.0
248.0	16989.0
249.0	16578.0
250.0	16756.0
251.0	16492.0
252.0	16179.0
253.0	16155.0
254.0	16136.0
255.0	15751.0
256.0	15543.0
257.0	15322.0
258.0	15309.0
259.0	15119.0
260.0	15053.0
261.0	14552.0
262.0	14638.0
263.0	14325.0
264.0	14212.0
265.0	14231.0
266.0	13747.0
267.0	13400.0
268.0	13779.0
269.0	13449.0
270.0	13152.0
271.0	13069.0
272.0	12818.0
273.0	12535.0
274.0	12630.0
275.0	12582.0
276.0	12239.0
277.0	12393.0
278.0	12039.0
279.0	11865.0
280.0	11688.0
281.0	11585.0
282.0	11389.0
283.0	11360.0
284.0	11236.0
285.0	11131.0
286.0	10935.0
287.0	10684.0
288.0	10389.0
289.0	10564.0
290.0	10255.0
291.0	10156.0
292.0	10153.0
293.0	9990.0
294.0	10029.0
295.0	9666.0
296.0	9530.0
297.0	9403.0
298.0	9161.0
299.0	9009.0
300.0	9134.0
301.0	9203.0
302.0	8837.0
303.0	8892.0
304.0	8761.0
305.0	8370.0
306.0	8428.0
307.0	8368.0
308.0	8093.0
309.0	8074.0
310.0	7928.0
311.0	7844.0
312.0	7695.0
313.0	7488.0
314.0	7588.0
315.0	7599.0
316.0	7324.0
317.0	7322.0
318.0	7277.0
319.0	7090.0
320.0	6963.0
321.0	6825.0
322.0	6952.0
323.0	6778.0
324.0	6712.0
325.0	6517.0
326.0	6577.0
327.0	6419.0
328.0	6168.0
329.0	6199.0
330.0	6327.0
331.0	6218.0
332.0	6054.0
333.0	5829.0
334.0	5860.0
335.0	5767.0
336.0	5743.0
337.0	5732.0
338.0	5609.0
339.0	5529.0
340.0	5543.0
341.0	5339.0
342.0	5226.0
343.0	5160.0
344.0	4947.0
345.0	5025.0
346.0	5024.0
347.0	5004.0
348.0	4767.0
349.0	4755.0
350.0	4870.0
351.0	4736.0
352.0	4659.0
353.0	4542.0
354.0	4517.0
355.0	4399.0
356.0	4565.0
357.0	4294.0
358.0	4276.0
359.0	4132.0
360.0	4042.0
361.0	4135.0
362.0	3983.0
363.0	4053.0
364.0	3976.0
365.0	3849.0
366.0	3782.0
367.0	3781.0
368.0	3723.0
369.0	3767.0
370.0	3690.0
371.0	3458.0
372.0	3611.0
373.0	3558.0
374.0	3405.0
375.0	3422.0
376.0	3307.0
377.0	3401.0
378.0	3274.0
379.0	3184.0
380.0	3194.0
381.0	3147.0
382.0	3016.0
383.0	3093.0
384.0	2896.0
385.0	2970.0
386.0	2883.0
387.0	2830.0
388.0	2892.0
389.0	2742.0
390.0	2756.0
391.0	2654.0
392.0	2690.0
393.0	2628.0
394.0	2578.0
395.0	2623.0
396.0	2467.0
397.0	2452.0
398.0	2495.0
399.0	2367.0
400.0	2471.0
401.0	2246.0
402.0	2358.0
403.0	2326.0
404.0	2359.0
405.0	2290.0
406.0	2236.0
407.0	2163.0
408.0	2206.0
409.0	2128.0
410.0	2162.0
411.0	2134.0
412.0	2118.0
413.0	1997.0
414.0	1941.0
415.0	1955.0
416.0	1970.0
417.0	1935.0
418.0	1841.0
419.0	1921.0
420.0	1936.0
421.0	1825.0
422.0	1811.0
423.0	1806.0
424.0	1698.0
425.0	1755.0
426.0	1720.0
427.0	1687.0
428.0	1642.0
429.0	1664.0
430.0	1652.0
431.0	1599.0
432.0	1569.0
433.0	1558.0
434.0	1575.0
435.0	1541.0
436.0	1510.0
437.0	1470.0
438.0	1463.0
439.0	1426.0
440.0	1476.0
441.0	1445.0
442.0	1392.0
443.0	1323.0
444.0	1445.0
445.0	1365.0
446.0	1332.0
447.0	1353.0
448.0	1335.0
449.0	1325.0
450.0	1280.0
451.0	1309.0
452.0	1234.0
453.0	1222.0
454.0	1232.0
455.0	1207.0
456.0	1130.0
457.0	1205.0
458.0	1178.0
459.0	1134.0
460.0	1164.0
461.0	1139.0
462.0	1129.0
463.0	1045.0
464.0	1116.0
465.0	994.0
466.0	1059.0
467.0	1013.0
468.0	975.0
469.0	996.0
470.0	992.0
471.0	1040.0
472.0	987.0
473.0	974.0
474.0	957.0
475.0	938.0
476.0	968.0
477.0	938.0
478.0	864.0
479.0	896.0
480.0	889.0
481.0	900.0
482.0	828.0
483.0	842.0
484.0	818.0
485.0	809.0
486.0	851.0
487.0	814.0
488.0	765.0
489.0	757.0
490.0	784.0
491.0	790.0
492.0	774.0
493.0	805.0
494.0	811.0
495.0	741.0
496.0	712.0
497.0	700.0
498.0	760.0
499.0	700.0
500.0	698.0
501.0	710.0
502.0	717.0
503.0	674.0
504.0	656.0
505.0	682.0
506.0	635.0
507.0	692.0
508.0	626.0
509.0	618.0
510.0	642.0
511.0	609.0
512.0	611.0
513.0	628.0
514.0	562.0
515.0	590.0
516.0	599.0
517.0	590.0
518.0	566.0
519.0	569.0
520.0	564.0
521.0	616.0
522.0	572.0
523.0	566.0
524.0	527.0
525.0	528.0
526.0	503.0
527.0	551.0
528.0	519.0
529.0	531.0
530.0	510.0
531.0	552.0
532.0	525.0
533.0	487.0
534.0	462.0
535.0	468.0
536.0	490.0
537.0	518.0
538.0	500.0
539.0	463.0
540.0	492.0
541.0	445.0
542.0	468.0
543.0	465.0
544.0	453.0
545.0	419.0
546.0	420.0
547.0	456.0
548.0	414.0
549.0	433.0
550.0	399.0
