# Position (bp)	A	C	G	T	N
0.0	20.570146972987022	29.826185874176126	27.061205370689382	22.538343300532233	0.0041184816152400865
1.0	21.93696214168618	24.249891949031184	24.03061830717151	29.781924031529584	6.035705815438057E-4
2.0	27.32607817824883	25.695183128048328	21.97908190050411	24.998816528271483	8.40264927247259E-4
3.0	30.10387568055542	23.498718773506706	23.324215867136836	23.07317784408375	1.1834717285172661E-5
4.0	30.564435538425194	21.546096933908785	23.756135709176498	24.133130628295675	2.0119019384793522E-4
5.0	30.254460623291955	22.79164175458678	22.486436230519462	24.46565067985717	0.0018107117446314173
6.0	26.880938957001632	22.064315534391927	19.494501353654965	31.560232320234192	1.1834717285172661E-5
7.0	26.067633515729998	24.760725685928378	21.359782979688312	27.811845983936028	1.1834717285172661E-5
8.0	25.377776010459996	24.802407560206756	21.300999938932858	28.51876915153125	4.7338869140690645E-5
9.0	32.14093822798304	21.34968796584406	21.233056826998684	25.27629330973964	2.3669434570345322E-5
10.0	28.51056769245262	24.36294900325644	23.759922818707754	23.366513146714045	4.7338869140690645E-5
11.0	26.333382092368545	24.588577888298257	23.22568001102049	25.85225349585714	1.0651245556655396E-4
12.0	26.964835267836225	24.19338117399449	22.212687384996137	26.628729296937315	3.6687623584035254E-4
13.0	27.81592896139941	23.431450240457785	21.9103695319464	26.840937612577747	0.0013136536186541656
14.0	27.657746130165794	23.503926049112184	22.39414910512969	26.44215497893657	0.002023736655764525
15.0	27.813869720591793	23.584047085132802	22.48080290509172	26.114321475420006	0.006958813763681525
16.0	27.962998993102257	23.58978692301611	22.30643018061199	26.129635599587015	0.011148303682632647
17.0	28.05017352062483	23.595952810721684	22.321803478365425	26.01527672646039	0.016793463827660008
18.0	27.844119257972693	23.699885297920073	22.388279085356242	26.05430762406689	0.013408734684100627
19.0	27.94182668387908	23.672192059472767	22.49324119295844	25.88270422343189	0.010035840257826417
20.0	27.88652305000547	23.806374084052056	22.40541575598517	25.89685854530496	0.004828564652350446
21.0	28.12488609084613	23.735614309404006	22.373485688749774	25.764700257381428	0.0013136536186541656
22.0	28.11861369068499	23.551158405797306	22.22361082905035	26.10648689257722	1.3018189013689927E-4
23.0	28.191468210292513	23.533240643827554	22.328359911741412	25.946422341295257	5.088928432624245E-4
24.0	28.18878764739049	23.69402569957076	22.3164953788019	25.80058475683972	1.0651739713141549E-4
25.0	28.58181713164886	23.611805814137636	22.192867813788713	25.613379045252767	1.3019517203161519E-4
26.0	29.033281351257777	22.96037427094399	22.202256633632896	25.80402856153662	5.918262871481963E-5
27.0	28.734769973780622	23.144751093460545	23.297652093111346	24.822696630543504	1.3020910398380673E-4
28.0	27.590380030170575	24.75567645673418	23.745507885771353	23.908092322484467	3.433048394262642E-4
29.0	25.421678003010268	25.22847218464883	23.572021467523626	25.77760339778934	2.2494702793475068E-4
30.0	26.479049388105935	23.06722978137447	20.468762562652667	29.984496465494896	4.618023720301223E-4
31.0	28.805928698108346	23.1820623129147	23.75875433386529	24.25274539818266	5.092569290030704E-4
32.0	28.832210084059497	22.734313383822887	23.910035184114246	24.52265953144549	7.818165578796566E-4
33.0	33.651253491929204	21.731226595793725	22.430412352502913	22.186349120987224	7.584387869387834E-4
34.0	25.896194031019192	22.610030635827457	21.192263658848688	30.30070509374601	8.065805586566733E-4
35.0	25.621444777686282	24.88560528402791	20.251478192734652	29.240425742329467	0.0010460032216899227
36.0	25.460012647375525	24.56054922048779	20.535741773126592	29.44280991670197	8.864423081184819E-4
37.0	29.61874997540909	22.885206701316893	21.45861448935509	26.036973902163606	4.5493175531852105E-4
38.0	31.382099012876445	24.70456975282616	20.127798172257037	23.782999884833114	0.002533177207237621
39.0	24.80858879494971	27.740846098458576	25.39273110911179	22.055527413810978	0.002306583668951936
