#Position (bp)	Coverage
3406923.0	0.16823878441614096
1.0220768E7	0.6065678042280093
1.7034613E7	0.3979104308947444
2.3848458E7	0.25601727071866176
3.0662303E7	0.6660129486361959
3.7476148E7	0.45286237065856355
4.4289993E7	0.40557350512082385
5.1103838E7	0.2738334963592509
5.7917683E7	0.37299777144915974
6.4731528E7	0.39794800145879455
7.1545373E7	0.15745500521364955
7.8359218E7	0.8721001138123923
8.5173063E7	0.46147057938652847
9.1986908E7	0.5117988448519155
9.8800753E7	0.24231619592168593
1.05614598E8	0.11661007845056645
1.12428443E8	0.29429360368485047
1.19242288E8	0.4234189360045613
1.26056133E8	0.6621141220559024
1.300790245E8	0.19021411791827186
1.33485947E8	0.7605182243272774
1.39683823E8	0.47104769773894184
1.46497668E8	0.07318320272914926
1.53311513E8	0.7340733462531067
1.60125358E8	0.4726080502271478
1.66939203E8	0.49288456077295567
1.73753048E8	0.49368807185957414
1.80566893E8	0.4952278779455652
1.87380738E8	0.7812976373838854
1.94194583E8	0.5243306826028475
2.01008428E8	0.6567475485573857
2.07822273E8	1.2576655324563444
2.14636118E8	0.8504842713622045
2.21449963E8	0.511316297919897
2.28263808E8	1.1206330640042443
2.35077653E8	1.0316146023280541
2.41891498E8	0.7003641849792591
2.48705343E8	1.0465177884146175
2.52444901E8	0.4908285495685217
2.558518235E8	0.45512211449353945
2.62333033E8	0.20351211393860588
2.69146878E8	0.31323665272691115
2.75960723E8	0.17809914959908832
2.82774568E8	0.34906532214924174
2.89588413E8	0.1286436659477872
2.96402258E8	0.2123122847672643
3.03216103E8	0.24092549801176869
3.10029948E8	0.45153052351499046
3.16843793E8	0.12590174857220848
3.23657638E8	0.6175909490163043
3.30471483E8	0.978283626938975
3.37285328E8	0.7535111233084991
3.44099173E8	0.15269675198070987
3.50913018E8	0.5477989299727246
3.57726863E8	0.6030351438871885
3.64540708E8	0.6413866179814774
3.704270945E8	0.23123263737646524
3.73834017E8	0.0
3.78168398E8	0.3219508221862986
3.84982243E8	0.4522433369118317
3.91796088E8	0.5915997502144531
3.98609933E8	0.23002166911633593
4.05423778E8	0.6029489957579017
4.12237623E8	0.459166447138143
4.19051468E8	0.9815562285317614
4.25865313E8	0.6929572069807869
4.32679158E8	0.2829958709069549
4.39493003E8	0.39790250585389014
4.46306848E8	0.27147007306447385
4.53120693E8	0.22039201067825875
4.59934538E8	0.15735770332316043
4.66748383E8	0.5515031527720399
4.73562228E8	0.3834737948984751
4.80376073E8	0.5036856576573139
4.87189918E8	0.41941840473330405
4.91962519E8	0.23100056125947652
4.953694415E8	0.007581651189176796
5.00817608E8	0.23400693734594785
5.07631453E8	0.20240833185961818
5.14445298E8	0.4752933182366197
5.21259143E8	0.565845862358184
5.28072988E8	0.3296993107415857
5.34886833E8	0.056885943252304685
5.41700678E8	0.399182986991926
5.48514523E8	0.7566531084872051
5.55328368E8	0.5147151131262891
5.62142213E8	0.5177891484176702
5.68956058E8	0.6648784937139016
5.75769903E8	0.16159275709969922
5.82583748E8	0.19433667774949387
5.89397593E8	0.08915304061069777
5.96211438E8	0.30999692537766854
6.03025283E8	0.011879195960577325
6.09839128E8	0.10160063811254878
6.15738246E8	0.6406507836162934
6.191451685E8	0.0
6.23466818E8	0.44002541883474017
6.30280663E8	0.28064345461336443
6.37094508E8	0.01360201178629687
6.43908353E8	0.197711864593339
6.50722198E8	0.3341668323831845
6.57536043E8	0.3253788426358392
6.64349888E8	0.08541535652777543
6.71163733E8	0.40679102621207264
6.77977578E8	0.815599415601617
6.84791423E8	0.4317500618226567
6.91605268E8	0.3876913842331312
6.98419113E8	1.0998158895601529
7.05232958E8	0.3478197698949712
7.12046803E8	0.33692386604039276
7.18860648E8	0.8241402614823202
7.222708485E8	0.0
7.25677771E8	0.2997199031802528
7.32488338E8	0.37551000939997903
7.39302183E8	0.8486556415650781
7.46116028E8	0.41512053766999396
7.52929873E8	0.7501272776237206
7.59743718E8	0.44380228784188663
7.66557563E8	0.39882386523321267
7.73371408E8	0.662716131640799
7.80185253E8	0.31946191907799487
7.86999098E8	0.08193597007269757
7.93812943E8	0.046228671183450754
8.00626788E8	0.20085047429168112
8.07440633E8	0.14727543699629211
8.14254478E8	0.6768213835213451
8.190716475E8	0.35267403511583434
8.2247857E8	0.21365139202639588
8.27882168E8	0.43708317403756614
8.34696013E8	0.48308539451660554
8.41509858E8	0.3970264953194562
8.48323703E8	1.1842369469807428
8.55137548E8	0.9238654533526959
8.61951393E8	0.1824458877476667
8.68765238E8	0.7623449021807804
8.75579083E8	0.5768157332607361
8.82392928E8	0.19324228831151868
8.89206773E8	0.37100667831451994
8.96020618E8	0.48853899670450385
9.02834463E8	0.5078929737908626
9.09648308E8	0.3242819582775951
9.14262198E8	0.10271196200394792
9.176691205E8	0.15730276301106158
9.23275998E8	0.7079303975948968
9.30089843E8	0.2470163321883606
9.36903688E8	0.17851081144346548
9.43717533E8	0.09710464502788073
9.50531378E8	1.1269821958086808
9.57345223E8	0.3628117457911062
9.64159068E8	0.30494280395283424
9.70972913E8	0.21179172699114818
9.77786758E8	0.4056857765329267
9.84600603E8	0.30645340479567706
9.91414448E8	0.4165721409864768
9.98228293E8	0.5138746185156838
1.00390351E9	0.290614820959095
1.0073104325E9	0.0
1.011855983E9	1.1501799644694002
1.018669828E9	0.44960077606696364
1.025483673E9	0.2925006365715686
1.032297518E9	0.36643319594149854
1.039111363E9	0.32037579369651054
1.045925208E9	0.7415614825403278
1.052739053E9	0.5202733552054677
1.059552898E9	0.3713343934298476
1.0652815955E9	0.4913837473484726
1.068688518E9	0.0
1.073180588E9	0.13113491721634407
1.079994433E9	0.3152082267794468
1.086808278E9	0.49707661386485896
1.093622123E9	0.0800097448650505
1.100435968E9	0.28992734645416796
1.107249813E9	0.8007569881616033
1.114063658E9	0.2141821541288362
1.120877503E9	0.7665589692750568
1.127691348E9	0.5373496168462887
1.134505193E9	0.38820210908818736
1.141319038E9	0.28076335754628995
1.148132883E9	0.6564899847296204
1.154946728E9	0.6755188883809362
1.161760573E9	0.39957982607470527
1.168574418E9	0.07306447387635029
1.175388263E9	0.7450562787970668
1.182202108E9	0.015333046172902378
1.189015953E9	0.20921961095387406
1.195829798E9	0.5596279340078912
1.202643643E9	0.6975205629127167
1.209457488E9	0.28447403778630126
1.216271333E9	0.2400717949997395
1.223085178E9	0.40032169795467903
1.229899023E9	0.9478847845819798
1.236712868E9	0.5718169403618661
1.243526713E9	0.4868001840370598
1.250340558E9	0.6213032436164897
1.257154403E9	0.34331291656913243
1.2618183335E9	0.20418843794152464
1.265225256E9	0.2511423128687211
1.270782093E9	0.48137446625216745
1.277595938E9	0.5062072882491456
1.284409783E9	0.612709564130091
1.291223628E9	0.9119282871858694
1.298037473E9	0.8352447113193798
1.304851318E9	0.7002077388023943
1.311665163E9	0.19637135860883245
1.318479008E9	0.3009215795193463
1.325292853E9	0.5013580438063971
1.332106698E9	0.5787468015489052
1.338920543E9	0.40801867374441303
1.345734388E9	0.22965344823664172
1.352548233E9	0.5487342315535502
1.359362078E9	0.20472391138923765
1.366175923E9	0.5793018479287392
1.372989768E9	0.17107213328157597
1.379803613E9	0.5436363756440012
1.386617458E9	0.7049106635093695
1.393431303E9	0.5565481750758933
1.400245148E9	0.13127771471173766
1.407058993E9	0.3486777289474592
1.413872838E9	0.5426866915816253
1.420686683E9	0.8982876775154116
1.427500528E9	0.6195540109879224
1.434314373E9	0.4093111892037462
1.441128218E9	0.3859566808461302
1.444861853E9	0.9379729884837587
1.4482687755E9	0.018958447638310377
1.454755908E9	0.13526591814166597
1.461569753E9	0.2453745278913741
1.468383598E9	0.16038932496996924
1.475197443E9	0.4320556161755954
1.482011288E9	0.4939355092462479
1.488825133E9	0.1400202088541785
1.495638978E9	0.34297536853274474
1.502452823E9	0.45935518051848845
1.509266668E9	0.2574409896321387
1.516080513E9	0.21337688192202786
1.522894358E9	0.1285071791330739
1.529708203E9	0.47755723824067026
1.536522048E9	0.6222541017589922
1.543335893E9	0.6805289818010243
1.550149738E9	0.7745051435716545
1.556963583E9	0.15721549286783013
1.563777428E9	0.2835183365632767
1.570591273E9	0.1936756706382373
1.577405118E9	0.5052251702232734
1.584218963E9	0.4187130760972696
1.591032808E9	0.24238531988913747
1.597846653E9	0.2452066344332752
1.6032409105E9	0.2073241300535642
1.606647833E9	0.0
1.611474343E9	0.4976925656512586
1.618288188E9	0.2328454785807426
1.625102033E9	0.22004433620077946
1.631915878E9	0.10229466622736502
1.638729723E9	0.6496107557480395
1.645543568E9	0.3501808450294951
1.652357413E9	0.632124740143047
1.659171258E9	0.20765162694484537
1.665985103E9	0.4126945946084773
1.672798948E9	0.054165452839035816
1.679612793E9	0.07898624051471673
1.686426638E9	0.14625839008665445
1.693240483E9	0.4016077559733161
1.700054328E9	0.14267245586009075
1.706868173E9	0.3134272939874623
1.713682018E9	0.596804007135472
1.720495863E9	0.37575304398617815
1.727309708E9	0.6798770738107486
1.734123553E9	0.8359785113984836
1.740937398E9	1.107685455128492
1.747751243E9	0.515901521094184
1.754565088E9	0.7377662685312038
1.759854186E9	0.636411163571091
1.7632611085E9	0.002034107953647392
1.768192778E9	0.6421827910673049
1.775006623E9	0.01306677800859867
1.781820468E9	0.2947956696989732
1.788634313E9	0.6215462782026888
1.795448158E9	0.9016496559578329
1.802262003E9	0.16126548226441897
1.809075848E9	0.15377338345677075
1.815889693E9	0.3151276555307613
1.822703538E9	0.20029175891145162
1.829517383E9	0.44031571014603355
1.836331228E9	0.5047254523694038
1.843145073E9	0.019798219654248078
1.849958918E9	0.3204220231014941
1.856772763E9	0.3870708828862412
1.863586608E9	0.3496966837373025
1.870400453E9	0.8128732015477311
1.877214298E9	0.5833251270024487
1.884028143E9	0.9552324715340604
1.890841988E9	0.17671784433018362
1.897655833E9	0.5393090098175113
1.904469678E9	0.5829257929994005
1.910723823E9	0.6095823210163589
1.9141307455E9	0.0
1.918097368E9	0.14235516070588633
1.924911213E9	0.1767021410084908
1.931725058E9	0.27426144856538415
1.938538903E9	0.11841610720525636
1.945352748E9	1.407253173501892
1.952166593E9	0.5452931494626015
1.958980438E9	0.40257739939784365
1.965794283E9	0.4293351257623266
1.972608128E9	0.21847620543173493
1.979421973E9	0.2967233625067785
1.986235818E9	0.3759687812094346
1.993049663E9	0.07881056877577931
1.999863508E9	0.7067643892692012
2.006677353E9	0.39514649951679265
2.013491198E9	0.8241430499226208
2.020305043E9	0.2564598989263771
2.027118888E9	0.503540658761683
2.033932733E9	0.4742213830810651
2.040746578E9	0.4423104722810689
2.047560423E9	0.36407916528773404
2.054374268E9	0.2939581102886843
2.060544391E9	0.5786514586979845
2.0639513135E9	0.0
2.068001958E9	0.2319599286452803
2.074815803E9	0.09787205315060733
2.081629648E9	0.39426344450159934
2.088443493E9	0.3821428283149969
2.095257338E9	0.45110638706926853
2.102071183E9	0.15975356058143383
2.108885028E9	0.4100736074859349
2.115698873E9	0.09462733596082681
2.122512718E9	0.22238750661337323
2.129326563E9	0.38778707176344634
2.136140408E9	0.7277193713681482
2.142954253E9	0.5295899745297993
2.149768098E9	0.1573632802037616
2.156581943E9	0.23222306935364687
2.163395788E9	0.9104810866698612
2.170209633E9	0.4247836573916783
2.177023478E9	0.4842632904035827
2.183837323E9	0.6558276567782214
2.190651168E9	0.7943749821136231
2.197465013E9	0.292980835343334
2.204278858E9	0.4706546744165739
2.2082174155E9	0.27246136917245856
2.211624338E9	0.20965486060089644
2.217906548E9	0.12551694381072653
2.224720393E9	0.36143454980264444
2.231534238E9	0.6014389819551222
2.238348083E9	0.05661032794259335
2.245161928E9	0.3614678643262358
2.251975773E9	0.2627484188442796
2.258789618E9	0.11628970133602981
2.265603463E9	0.13782805449786428
2.272417308E9	0.20713194972882418
2.279231153E9	0.6195001500621162
2.286044998E9	0.35813553140701027
2.292858843E9	0.9180743031284099
2.299672688E9	0.3786057651737015
2.306486533E9	0.30943395395698026
2.313300378E9	0.5165325891622131
2.320114223E9	0.5000782964684404
2.326928068E9	0.5006309946880212
2.333741913E9	0.7717001193892729
2.3376495495E9	0.5206315381635025
2.341056472E9	0.15653436427565331
2.347369603E9	0.10405153037675498
2.354183448E9	0.6971717143551108
2.360997293E9	0.6058111095864376
2.367811138E9	0.3151165017695589
2.374624983E9	0.1959297577212279
2.381438828E9	0.905611882864961
2.388252673E9	0.25357621137551556
2.395066518E9	0.8768224108414558
2.401880363E9	0.9523071041387058
2.408694208E9	0.6712268917182589
2.415508053E9	0.2971492600726902
2.422321898E9	0.2306671196659155
2.429135743E9	0.17540566302873048
2.435949588E9	0.610816066405972
2.442763433E9	0.5212862928346623
2.449577278E9	0.700061419066621
2.456391123E9	0.3541207644142184
2.4612717095E9	0.7494364386997308
2.462753523E9	0.0
2.4646867815E9	0.002758545100563137
2.470018813E9	0.154651595391442
2.476832658E9	0.20705225904023353
2.483646503E9	0.23134896669941862
2.490460348E9	0.01057097717955134
2.497274193E9	0.16430869795247763
2.504088038E9	0.30406341793803643
2.510901883E9	0.2234111577237228
2.517715728E9	0.1256462393846646
2.524529573E9	0.1230904137091466
2.531343418E9	0.07076180922812303
2.538157263E9	0.3740468120422463
2.544971108E9	0.031025507624549722
2.551784953E9	0.03200292932991578
2.558598798E9	0.3812349708571299
2.565412643E9	0.668987774156882
2.572226488E9	0.1774986076143499
2.579040333E9	0.04766222301798764
2.585854178E9	0.019254767315663918
2.592668023E9	0.11419206042990411
2.599481868E9	0.14907603563039665
2.606295713E9	0.1784259841543211
2.613109558E9	0.3431586717925048
2.619923403E9	0.3068810634817786
2.626737248E9	0.15950729727488663
2.631968571E9	0.22347340948437583
2.6353754935E9	0.018198799132018387
2.640364938E9	0.005229793163771703
2.647178783E9	0.005911933717306455
2.653992628E9	0.006133688101211577
2.660806473E9	0.0020395239398606807
2.667620318E9	0.00586687839244949
2.674434163E9	0.008078405070852066
2.681248008E9	0.004748273551863889
2.688061853E9	0.0020820843444486923
2.694875698E9	0.00615027198299932
2.701689543E9	0.0035078578981470815
2.708503388E9	0.002594863839726322
2.715317233E9	0.002754538736939276
2.7221309125E9	0.2147878466236365
