#Position (bp)	insert size
3406923.0	237.72178304787
1.0220768E7	247.31064466553426
1.7034613E7	235.24263645106996
2.3848458E7	242.10839260312943
3.0662303E7	228.13600496497918
3.7476148E7	234.58795828233917
4.4289993E7	239.04699856218548
5.1103838E7	238.75909577314073
5.7917683E7	247.13420477882454
6.4731528E7	250.79568664959427
7.1545373E7	236.49513745309747
7.8359218E7	274.04170212765956
8.5173063E7	250.46104186977945
9.1986908E7	244.60101443063294
9.8800753E7	246.83266852812127
1.05614598E8	238.33433485288023
1.12428443E8	255.56493935143163
1.19242288E8	254.02470842332613
1.26056133E8	267.2569416201427
1.300790245E8	255.25870473537606
1.33485947E8	251.54642891941927
1.39683823E8	245.28460793804453
1.46497668E8	235.7280251613971
1.53311513E8	241.58742834421287
1.60125358E8	253.06233062330622
1.66939203E8	245.52966228332338
1.73753048E8	239.96616541353384
1.80566893E8	259.49704869650765
1.87380738E8	247.1030232013124
1.94194583E8	246.67481917655786
2.01008428E8	276.9881297264758
2.07822273E8	253.26536984601063
2.14636118E8	248.11101860358292
2.21449963E8	236.23606696333968
2.28263808E8	255.7321487151449
2.35077653E8	251.99331238513074
2.41891498E8	230.52309472752646
2.48705343E8	262.19439095269774
2.52444901E8	243.3976923076923
2.558518235E8	243.966342026583
2.62333033E8	239.19061302681993
2.69146878E8	246.98115651866684
2.75960723E8	251.19727797635414
2.82774568E8	236.73212004005939
2.89588413E8	244.56105610561056
2.96402258E8	229.72928886654375
3.03216103E8	251.96593761204733
3.10029948E8	245.55589875355346
3.16843793E8	256.3311225982639
3.23657638E8	243.7668146525591
3.30471483E8	234.68966148215918
3.37285328E8	240.48198379588615
3.44099173E8	234.3728136730293
3.50913018E8	241.03672229316192
3.57726863E8	248.68152152152152
3.64540708E8	267.7840657663844
3.704270945E8	243.90899202320523
3.73834017E8	0.0
3.78168398E8	286.3665230210932
3.84982243E8	256.01807869549805
3.91796088E8	230.45917066359056
3.98609933E8	234.1973971889641
4.05423778E8	237.62856687707838
4.12237623E8	235.27963850401085
4.19051468E8	233.62035845982334
4.25865313E8	252.09232046345684
4.32679158E8	243.0673625905411
4.39493003E8	241.92679746489978
4.46306848E8	256.3168079032039
4.53120693E8	232.0237978543811
4.59934538E8	236.66722804868712
4.66748383E8	240.1294964028777
4.73562228E8	246.891894481349
4.80376073E8	235.93436182445382
4.87189918E8	238.88393295057847
4.91962519E8	254.6842453955214
4.953694415E8	250.48541114058355
5.00817608E8	246.18866749688667
5.07631453E8	249.71971626045834
5.14445298E8	251.71576779311923
5.21259143E8	252.7041051114982
5.28072988E8	239.520878715156
5.34886833E8	248.24410278011794
5.41700678E8	246.65180271482095
5.48514523E8	261.5982771486973
5.55328368E8	238.3219429539678
5.62142213E8	242.56570935305507
5.68956058E8	240.28630373534492
5.75769903E8	236.7535805819388
5.82583748E8	230.58343239692172
5.89397593E8	257.2486263736264
5.96211438E8	256.50817554200813
6.03025283E8	264.21671826625385
6.09839128E8	244.29769267364415
6.15738246E8	237.0279519062789
6.191451685E8	0.0
6.23466818E8	248.93268135470785
6.30280663E8	242.14938480935612
6.37094508E8	254.11051693404636
6.43908353E8	236.4008193714076
6.50722198E8	245.42553506080657
6.57536043E8	257.0142464101308
6.64349888E8	246.5819881053526
6.71163733E8	236.08166509656147
6.77977578E8	241.56019699234895
6.84791423E8	234.66181990046985
6.91605268E8	262.6573763817994
6.98419113E8	260.3337074905535
7.05232958E8	255.017057793345
7.12046803E8	239.3042870957344
7.18860648E8	261.74745230477544
7.222708485E8	0.0
7.25677771E8	249.83258527827647
7.32488338E8	251.04170300739736
7.39302183E8	252.65281563533028
7.46116028E8	252.23060376151855
7.52929873E8	246.01339596663158
7.59743718E8	237.8174579285812
7.66557563E8	233.10209179834462
7.73371408E8	233.2904128887765
7.80185253E8	237.85184625269284
7.86999098E8	236.3690144969981
7.93812943E8	234.226998689384
8.00626788E8	233.13899706428614
8.07440633E8	261.22310493214167
8.14254478E8	247.5072333865156
8.190716475E8	250.73411940546376
8.2247857E8	250.28661870503598
8.27882168E8	248.5616563398982
8.34696013E8	255.7786889369623
8.41509858E8	248.72660623022634
8.48323703E8	251.49976417028955
8.55137548E8	276.8132400646117
8.61951393E8	231.78663935509448
8.68765238E8	248.80966417851312
8.75579083E8	262.3194682948547
8.82392928E8	234.3296130952381
8.89206773E8	247.3649037032143
8.96020618E8	252.95781411925284
9.02834463E8	250.12796003650513
9.09648308E8	239.68965903573962
9.14262198E8	246.23089646046972
9.176691205E8	237.0757341576507
9.23275998E8	236.60103326569933
9.30089843E8	236.5941887198552
9.36903688E8	241.4749076986189
9.43717533E8	237.24364592462751
9.50531378E8	246.11951580391988
9.57345223E8	243.03189058404462
9.64159068E8	234.4207005116096
9.70972913E8	238.74875823033383
9.77786758E8	245.393789338663
9.84600603E8	245.57464278526868
9.91414448E8	245.57598775415897
9.98228293E8	235.56880970219143
1.00390351E9	232.09528854543188
1.0073104325E9	0.0
1.011855983E9	262.6598482279125
1.018669828E9	254.36432018548973
1.025483673E9	241.92805424182816
1.032297518E9	245.206167519526
1.039111363E9	239.7247755086576
1.045925208E9	246.2792981645319
1.052739053E9	259.98176942438425
1.059552898E9	245.29427615986495
1.0652815955E9	250.00508185415077
1.068688518E9	0.0
1.073180588E9	243.6263706140351
1.079994433E9	239.66877873507707
1.086808278E9	233.2448147704112
1.093622123E9	229.3190562067929
1.100435968E9	251.75125300088447
1.107249813E9	239.08281087907628
1.114063658E9	250.62401675060835
1.120877503E9	243.26452441751653
1.127691348E9	243.21909602468688
1.134505193E9	232.69141552793116
1.141319038E9	251.58639657731598
1.148132883E9	237.24677296886864
1.154946728E9	251.26088610346326
1.161760573E9	247.9119831943007
1.168574418E9	242.77980882106323
1.175388263E9	230.62156492217025
1.182202108E9	264.1113801452785
1.189015953E9	242.83209085614445
1.195829798E9	240.87154609190162
1.202643643E9	254.32651159519665
1.209457488E9	237.4489606219368
1.216271333E9	283.5584622500899
1.223085178E9	247.29736704660667
1.229899023E9	242.87306153236426
1.236712868E9	242.42431751276024
1.243526713E9	237.28120125770593
1.250340558E9	250.85958130129654
1.257154403E9	245.17129237288137
1.2618183335E9	241.60628136635907
1.265225256E9	236.41657890777793
1.270782093E9	235.4397370525895
1.277595938E9	236.20427485975335
1.284409783E9	234.91777052788805
1.291223628E9	263.8438787878788
1.298037473E9	249.04374752931875
1.304851318E9	228.77911052130122
1.311665163E9	232.71942577886378
1.318479008E9	257.0464641515597
1.325292853E9	237.07291918264818
1.332106698E9	235.6013157894737
1.338920543E9	233.86617504480418
1.345734388E9	256.28290661850633
1.352548233E9	253.0071886232224
1.359362078E9	245.4042678961991
1.366175923E9	235.71784111683564
1.372989768E9	241.3007906254412
1.379803613E9	248.19159122365167
1.386617458E9	249.46000841928014
1.393431303E9	260.782590402799
1.400245148E9	232.92898484152502
1.407058993E9	249.58397134227715
1.413872838E9	241.76745887465083
1.420686683E9	244.95671873299227
1.427500528E9	248.80984683143592
1.434314373E9	242.4050469483568
1.441128218E9	252.566875
1.444861853E9	254.5208642808913
1.4482687755E9	227.15443425076452
1.454755908E9	235.55660711126836
1.461569753E9	231.8427092489501
1.468383598E9	239.54481467615125
1.475197443E9	236.50539407490217
1.482011288E9	256.00418681154366
1.488825133E9	240.8195358503637
1.495638978E9	236.09612565445028
1.502452823E9	232.3575098609093
1.509266668E9	244.23130304309092
1.516080513E9	259.6009784958471
1.522894358E9	240.11180822174362
1.529708203E9	240.98804082876296
1.536522048E9	259.48033126293996
1.543335893E9	251.87661082474227
1.550149738E9	242.6164707713863
1.556963583E9	248.9029457364341
1.563777428E9	237.35360563501268
1.570591273E9	237.37277147487845
1.577405118E9	245.07146963019736
1.584218963E9	232.39806464542357
1.591032808E9	245.39633596956654
1.597846653E9	245.77095631641086
1.6032409105E9	244.4094608341811
1.606647833E9	0.0
1.611474343E9	237.27231132302654
1.618288188E9	242.75716606403606
1.625102033E9	238.03013349581786
1.631915878E9	235.98198090692125
1.638729723E9	246.87033380523062
1.645543568E9	253.94484947849443
1.652357413E9	238.39572457417216
1.659171258E9	254.76072421750192
1.665985103E9	244.73154981549814
1.672798948E9	243.59758046108195
1.679612793E9	235.72889233152594
1.686426638E9	242.45687432421192
1.693240483E9	233.41540857895998
1.700054328E9	245.04436134953684
1.706868173E9	240.0164174502852
1.713682018E9	243.97317897756378
1.720495863E9	254.4439336137468
1.727309708E9	265.3912445233009
1.734123553E9	244.39884881602913
1.740937398E9	245.5628956302705
1.747751243E9	271.79561428846523
1.754565088E9	255.20397174331868
1.759854186E9	267.5352010250372
1.7632611085E9	229.84810126582278
1.768192778E9	245.42602320396054
1.775006623E9	262.46073793755914
1.781820468E9	246.33318326921503
1.788634313E9	245.30857299155986
1.795448158E9	252.02086549137488
1.802262003E9	244.87582442574484
1.809075848E9	250.85125532922785
1.815889693E9	235.78947368421052
1.822703538E9	234.94876303662383
1.829517383E9	242.0558628318584
1.836331228E9	245.91120337995338
1.843145073E9	252.71134663341647
1.849958918E9	245.33732222052302
1.856772763E9	236.75112824370063
1.863586608E9	248.79973622101903
1.870400453E9	249.3413351314902
1.877214298E9	255.59428283802774
1.884028143E9	266.6589021961251
1.890841988E9	251.59369840396258
1.897655833E9	257.0176092340551
1.904469678E9	262.77375926742695
1.910723823E9	238.12510377873187
1.9141307455E9	0.0
1.918097368E9	237.21998812250786
1.924911213E9	234.4033778742454
1.931725058E9	231.65339966832505
1.938538903E9	233.47679885527393
1.945352748E9	233.06870788287713
1.952166593E9	239.13607736287298
1.958980438E9	241.96171571432873
1.965794283E9	239.12185490240324
1.972608128E9	234.82437335092348
1.979421973E9	235.7583634078099
1.986235818E9	247.32422783400477
1.993049663E9	269.3109282831419
1.999863508E9	247.20449091532396
2.006677353E9	250.96768507638072
2.013491198E9	229.97416984843227
2.020305043E9	250.77553757003975
2.027118888E9	244.24101108732773
2.033932733E9	246.54757181501998
2.040746578E9	269.9576515613733
2.047560423E9	235.93228252591146
2.054374268E9	244.7518242156903
2.060544391E9	238.60879292403746
2.0639513135E9	0.0
2.068001958E9	270.29883665841976
2.074815803E9	268.8039667306462
2.081629648E9	262.49013600125056
2.088443493E9	264.81844213506645
2.095257338E9	265.6076315861353
2.102071183E9	244.17773556231003
2.108885028E9	273.50205773678994
2.115698873E9	237.607432775241
2.122512718E9	257.53625996457043
2.129326563E9	234.89721878862792
2.136140408E9	235.9901630082584
2.142954253E9	257.51418011065135
2.149768098E9	231.8414484764967
2.156581943E9	240.16042808396236
2.163395788E9	242.23330445791964
2.170209633E9	246.15168204400283
2.177023478E9	242.5548672345315
2.183837323E9	248.42128874388254
2.190651168E9	266.9248990453793
2.197465013E9	245.75637440368482
2.204278858E9	248.63222110914182
2.2082174155E9	263.62170002901075
2.211624338E9	251.38546746551484
2.217906548E9	236.0238630806846
2.224720393E9	243.9773007978102
2.231534238E9	240.93049882286658
2.238348083E9	249.31675279931093
2.245161928E9	234.03749623027176
2.251975773E9	249.35606941795004
2.258789618E9	240.174987026466
2.265603463E9	240.67402688078198
2.272417308E9	237.8279922666823
2.279231153E9	267.5352299499119
2.286044998E9	243.99127311784648
2.292858843E9	244.55099538562953
2.299672688E9	246.80490158240062
2.306486533E9	265.05955105810546
2.313300378E9	246.65362548107572
2.320114223E9	255.3839477801682
2.326928068E9	239.7254614849132
2.333741913E9	258.6617210682493
2.3376495495E9	244.98313253012049
2.341056472E9	650.8899930867611
2.347369603E9	256.3612795814009
2.354183448E9	237.40204950986262
2.360997293E9	266.92669359913924
2.367811138E9	240.50330972906403
2.374624983E9	264.45466377440346
2.381438828E9	250.8242240081031
2.388252673E9	260.1380468103742
2.395066518E9	246.13113482056255
2.401880363E9	245.56431334005592
2.408694208E9	239.388696717472
2.415508053E9	243.6416338905277
2.422321898E9	253.81565050408065
2.429135743E9	238.43897570041992
2.435949588E9	240.8292087137594
2.442763433E9	260.909041381434
2.449577278E9	252.53654537761793
2.456391123E9	251.19268795056644
2.4612717095E9	247.25223796033995
2.462753523E9	0.0
2.4646867815E9	248.03053435114504
2.470018813E9	257.3259690227219
2.476832658E9	257.7700302904318
2.483646503E9	248.44497658018
2.490460348E9	258.67386363636365
2.497274193E9	247.34088692128762
2.504088038E9	242.91165142031775
2.510901883E9	241.70959816553832
2.517715728E9	242.9131455399061
2.524529573E9	233.31675622862727
2.531343418E9	245.94775862068965
2.538157263E9	262.6413705501091
2.544971108E9	248.48464827050137
2.551784953E9	247.67388781431336
2.558598798E9	243.34504680062614
2.565412643E9	256.99000775737875
2.572226488E9	238.59204583754635
2.579040333E9	239.1747770700637
2.585854178E9	250.55089058524172
2.592668023E9	230.35192266836626
2.599481868E9	246.77357726867967
2.606295713E9	238.6502027027027
2.613109558E9	276.7145447950671
2.619923403E9	236.520009406969
2.626737248E9	245.48633672385
2.631968571E9	444.47251885960617
2.6353754935E9	257.7939042089985
2.640364938E9	248.4929906542056
2.647178783E9	239.7905544147844
2.653992628E9	248.3188976377953
2.660806473E9	230.48101265822785
2.667620318E9	245.68958333333333
2.674434163E9	238.3891402714932
2.681248008E9	252.21761658031087
2.688061853E9	233.09036144578315
2.694875698E9	236.7072691552063
2.701689543E9	233.77272727272728
2.708503388E9	239.96208530805688
2.715317233E9	241.3849557522124
2.7221309125E9	392.08985998687376
