# Position (bp)	A	C	G	T	N
0.0	22.055209886800714	26.329099395418957	27.413632821318103	24.19847386119184	0.003584035270389524
1.0	23.78239203374884	21.399498300358335	23.435966729850403	31.380797109032994	0.0013458270094276453
2.0	27.25428109929617	22.65476312301951	21.616706073521406	28.47374547248014	5.042316827774735E-4
3.0	30.366087074717306	21.209671395839898	23.079413261503657	25.344320408690297	5.078592488406208E-4
4.0	30.745555877884957	19.977165922658912	23.43389901719441	25.842766123597055	6.130586646718923E-4
5.0	31.414943388385396	20.799255826587544	21.553785940156114	26.230781472409475	0.001233372461470079
6.0	25.55433834591621	20.958886871196338	19.567896664282507	33.91829770803484	5.804105701035666E-4
7.0	26.38705701840986	23.085126678053115	21.103314786434485	29.42404807134465	4.534457578934114E-4
8.0	25.76271299571552	23.03379661825958	21.45527938371135	29.748044134274647	1.6686803890477543E-4
9.0	32.37636810479951	19.76661836078778	21.167537216016445	26.689200623375463	2.7569502079919414E-4
10.0	28.559098474379933	22.64502673570602	23.324792712713126	25.470984132917213	9.794428370497687E-5
11.0	26.500549050261483	22.793600958954343	22.695145188434463	28.010363811139772	3.4099120993584536E-4
12.0	27.23369466188781	22.264422504360606	21.57062147425518	28.930858699663393	4.026598330093494E-4
13.0	27.917429196167998	21.651385605085093	21.446696562405947	28.983487428107534	0.0010012082334286525
14.0	27.77533380590846	21.719845031828807	21.90050507690567	28.602904962158497	0.0014111231985642965
15.0	27.88010154137821	21.818627283294372	22.011722624835702	28.286015301146207	0.0035332493455054624
16.0	28.040182404178843	21.837026298366656	21.831000911135767	28.285794019616358	0.005996366702382473
17.0	28.184385410321074	21.74981598264253	21.841945277948284	28.215618754124772	0.008234574963344352
18.0	27.94697209418627	21.847985175443423	21.901216079854045	28.29690162690171	0.0069250236145481795
19.0	28.054725316525996	21.860297134661746	21.992949970458916	28.085008238021153	0.007019340332190009
20.0	28.00728400755216	21.95626802242837	21.912106033175615	28.116996115565986	0.007345821277873265
21.0	28.228083071117744	21.901622367253122	21.878979099886955	27.983871696180607	0.007443765561578243
22.0	28.149811078173215	21.83147612229004	21.740264601198263	28.269546151219515	0.008902047118963453
23.0	28.239484511254215	21.806482192114956	21.850618788405267	28.097102543275682	0.006311964949876287
24.0	28.22791523793078	21.9731320260793	21.857547716029945	27.938216212058993	0.003188807900988059
25.0	28.494477034793604	21.933231012193826	21.770581396551133	27.800535090823768	0.0011754656376746894
26.0	28.781130562034505	21.50276856800376	21.683336657970848	28.031893444799273	8.70767191611087E-4
27.0	28.772783915607096	21.611730264099375	22.244141486181974	27.371043175543658	3.0115856789594516E-4
28.0	27.914365963555998	22.60915599250615	22.807246852381958	26.66902435552342	2.0683603247703095E-4
29.0	25.602644184978125	23.135232245695867	22.599164648498736	28.662875451726606	8.346910066435234E-5
30.0	26.911785266953547	21.0867545852662	19.934008057019085	32.06721616154342	2.3592921775018186E-4
31.0	29.62873630124827	21.427941826832285	22.962748020947547	25.98034877094324	2.2508002865631797E-4
32.0	29.373397759029494	21.104905700059	22.92342435131402	26.597963546983376	3.086426141114381E-4
33.0	33.322875363999266	19.700293269938932	20.9593579482474	26.01700119273158	4.722250828164739E-4
34.0	26.19221638223114	21.651191581047335	20.83741392848234	31.317752922095142	0.0014251861440349107
35.0	25.86496943459557	23.43672372961684	20.116207186849863	30.581564148734998	5.355002027250768E-4
36.0	25.2794374449718	23.123130408471855	21.462223492773816	30.134680140858972	5.285129235540189E-4
37.0	28.45840095874046	21.650153826216297	22.72226465766009	27.168635254380654	5.453030025022638E-4
38.0	31.104858931320816	23.541584041964718	21.678968703170284	23.673216833778728	0.0013714897654559812
39.0	24.34062436227454	27.33433658708739	26.347090177805434	21.974274714256975	0.0036741585756678687
