#Position (bp)	Coverage
3406923.0	0.011949494008155453
1.0220768E7	0.11189599998238879
1.7034613E7	0.03319828965877562
2.3848458E7	0.03372134235516071
3.0662303E7	0.03337396139771304
3.7476148E7	0.048646835964128915
4.4289993E7	0.051608746603422885
5.1103838E7	0.04073104099080622
5.7917683E7	0.04367871590856558
6.4731528E7	0.07936165263518616
7.1545373E7	0.021033498707411162
7.8359218E7	0.2900535600677738
8.5173063E7	0.037874504042871536
9.1986908E7	0.09019151448264526
9.8800753E7	0.011905466003409235
1.05614598E8	0.008082074071247584
1.12428443E8	0.019641333197335718
1.19242288E8	0.12145873585325173
1.26056133E8	0.1352553514205269
1.300790245E8	0.007065290623391762
1.33485947E8	0.22945688632934946
1.39683823E8	0.08069379329879092
1.46497668E8	0.01158039256836632
1.53311513E8	0.08094842192623988
1.60125358E8	0.04098112005776474
1.66939203E8	0.1976126548226442
1.73753048E8	0.15046291777990253
1.80566893E8	0.14043319153869804
1.87380738E8	0.11348907995412282
1.94194583E8	0.12297843581707538
2.01008428E8	0.1907100909985478
2.07822273E8	0.24519944319249998
2.14636118E8	0.164376354319771
2.21449963E8	0.21700552331319542
2.28263808E8	0.28957614973630896
2.35077653E8	0.33954133092255545
2.41891498E8	0.57892291356789
2.48705343E8	0.33218527864957303
2.52444901E8	0.03554190698226738
2.558518235E8	0.05568071556103903
2.62333033E8	0.006874972941122083
2.69146878E8	0.01260829971917471
2.75960723E8	0.02525284916225714
2.82774568E8	0.03573533005226858
2.89588413E8	0.029953865989026753
2.96402258E8	0.014766258991802719
3.03216103E8	0.044856905315574395
3.10029948E8	0.08104997985718783
3.16843793E8	0.009061990696882597
3.23657638E8	0.10610822523846668
3.30471483E8	0.10146385777780387
3.37285328E8	0.12688460039815994
3.44099173E8	0.030795241159726996
3.50913018E8	0.16908133366696776
3.57726863E8	0.2667410250746825
3.64540708E8	0.0863651873501672
3.704270945E8	0.011880995247359914
3.73834017E8	0.0
3.78168398E8	0.05558946527254436
3.84982243E8	0.6859451601848883
3.91796088E8	0.04083744200227625
3.98609933E8	0.023224332223583014
4.05423778E8	0.12475452552853786
4.12237623E8	0.07238923104355911
4.19051468E8	0.3712118488166373
4.25865313E8	0.13940807282819026
4.32679158E8	0.06180255054231495
4.39493003E8	0.07054122892434447
4.46306848E8	0.04252811738453106
4.53120693E8	0.01651402402021179
4.59934538E8	0.02163873701265585
4.66748383E8	0.06327249886077538
4.73562228E8	0.10092965132021642
4.80376073E8	0.07598382411105624
4.87189918E8	0.055454299297973464
4.91962519E8	0.04432192496257355
4.953694415E8	9.555447560409241E-4
5.00817608E8	0.026793976088390622
5.07631453E8	0.007876316529066922
5.14445298E8	0.104293831162875
5.21259143E8	0.06239428692610413
5.28072988E8	0.05091060920816367
5.34886833E8	0.01572137317476403
5.41700678E8	0.06824443467675005
5.48514523E8	0.18728662010949765
5.55328368E8	0.08559689866734567
5.62142213E8	0.17098759951246323
5.68956058E8	0.12807614496660844
5.75769903E8	0.01890606551807386
5.82583748E8	0.02400949830822392
5.89397593E8	0.01149028191865239
5.96211438E8	0.06772960054125093
6.03025283E8	0.0033549339616618813
6.09839128E8	0.02230267932422883
6.15738246E8	0.06479708353538075
6.191451685E8	0.0
6.23466818E8	0.04750298840082215
6.30280663E8	0.03072978619267095
6.37094508E8	0.0033976411262657135
6.43908353E8	0.04219350454845979
6.50722198E8	0.03415487144189514
6.57536043E8	0.09699941809653727
6.64349888E8	0.01614609666054922
6.71163733E8	0.11250182532769677
6.77977578E8	0.10231800106988051
6.84791423E8	0.09638830939065975
6.91605268E8	0.19083366293186887
6.98419113E8	0.34174361171996137
7.05232958E8	0.07228914071276937
7.12046803E8	0.08053059616119827
7.18860648E8	0.2979834440026153
7.222708485E8	0.0
7.25677771E8	0.08749077643096981
7.32488338E8	0.08274711268013875
7.39302183E8	0.17864113433751427
7.46116028E8	0.03210918358136999
7.52929873E8	0.103979471208987
7.59743718E8	0.039901406621371635
7.66557563E8	0.06822080631420292
7.73371408E8	0.035509319627904656
7.80185253E8	0.12194304390546014
7.86999098E8	0.015944595158827356
7.93812943E8	0.002877083350149585
8.00626788E8	0.03406314643200718
8.07440633E8	0.020081026204734623
8.14254478E8	0.15042916297626377
8.190716475E8	0.11952764302990894
8.2247857E8	0.019939644674359956
8.27882168E8	0.04711833039935602
8.34696013E8	0.05378226243772789
8.41509858E8	0.05469643057627522
8.48323703E8	0.31326556445002784
8.55137548E8	0.46015326148452157
8.61951393E8	0.041160020517050214
8.68765238E8	0.2082718347717038
8.75579083E8	0.1589984803000362
8.82392928E8	0.03699379718793134
8.89206773E8	0.07007555939414531
8.96020618E8	0.038262684284717366
9.02834463E8	0.11301210990270545
9.09648308E8	0.04444392263105486
9.14262198E8	0.02529397021875071
9.176691205E8	0.011502280728469446
9.23275998E8	0.09280795204469723
9.30089843E8	0.028456326787592027
9.36903688E8	0.02082612680505647
9.43717533E8	0.008089852352086084
9.50531378E8	0.126270556491966
9.57345223E8	0.035686312206984455
9.64159068E8	0.017259711660596918
9.70972913E8	0.03026529074259834
9.77786758E8	0.08200362643999093
9.84600603E8	0.03624179886686592
9.91414448E8	0.055444172856881836
9.98228293E8	0.1784019155117265
1.00390351E9	0.013025425049525094
1.0073104325E9	0.0
1.011855983E9	0.8089048107199386
1.018669828E9	0.10159799643226401
1.025483673E9	0.03701449035016206
1.032297518E9	0.04348058988720759
1.039111363E9	0.03834912593403578
1.045925208E9	0.08660866221641379
1.052739053E9	0.09699941809653727
1.059552898E9	0.02180927215103954
1.0652815955E9	0.19621539554866427
1.068688518E9	0.0
1.073180588E9	0.012806425740532696
1.079994433E9	0.08023546176938277
1.086808278E9	0.15498283274714936
1.093622123E9	0.014053152074929794
1.100435968E9	0.07590369314241813
1.107249813E9	0.17692697735272817
1.114063658E9	0.02812288803164733
1.120877503E9	0.13503726603701727
1.127691348E9	0.06439932226224694
1.134505193E9	0.03970797692051991
1.141319038E9	0.040374707672393484
1.148132883E9	0.1278860907461206
1.154946728E9	0.10762454972192646
1.161760573E9	0.09475575097466996
1.168574418E9	0.03137567702229798
1.175388263E9	0.1499849204083744
1.182202108E9	0.004019169793266504
1.189015953E9	0.026818485011032685
1.195829798E9	0.10047190683087155
1.202643643E9	0.1587486947531093
1.209457488E9	0.036171647579303606
1.216271333E9	0.019400206491342258
1.223085178E9	0.0782192726720376
1.229899023E9	0.16377258361468452
1.236712868E9	0.4697515132792131
1.243526713E9	0.12313796395427251
1.250340558E9	0.1160631038716026
1.257154403E9	0.07690019364984088
1.2618183335E9	0.06335520537657675
1.265225256E9	0.011250679968901089
1.270782093E9	0.12409513277745532
1.277595938E9	0.05478037730532467
1.284409783E9	0.20528614900984687
1.291223628E9	0.26803133913377836
1.298037473E9	0.153353209531476
1.304851318E9	0.054810903388615384
1.311665163E9	0.015260253205055295
1.318479008E9	0.03407327287309882
1.325292853E9	0.03462098125214178
1.332106698E9	0.07912859773006284
1.338920543E9	0.06949086749111552
1.345734388E9	0.01799263117960564
1.352548233E9	0.06988873389400552
1.359362078E9	0.14043730081914102
1.366175923E9	0.10036418497925914
1.372989768E9	0.01393178154184605
1.379803613E9	0.0772089767231277
1.386617458E9	0.13065985504513236
1.393431303E9	0.08617924241012233
1.400245148E9	0.022663708963147827
1.407058993E9	0.08414324071064135
1.413872838E9	0.12002885301911036
1.420686683E9	0.15406440856814324
1.427500528E9	0.15644764446505607
1.434314373E9	0.10940709687408505
1.441128218E9	0.08688471780617257
1.444861853E9	0.16127941232735202
1.4482687755E9	0.003974242015966444
1.454755908E9	0.04233747612397993
1.461569753E9	0.036426863246815856
1.468383598E9	0.010201288699698921
1.475197443E9	0.03150981567675813
1.482011288E9	0.02076800983879146
1.488825133E9	0.013025831964184685
1.495638978E9	0.051384057019201346
1.502452823E9	0.018606968605831217
1.509266668E9	0.026795150168517187
1.516080513E9	0.024498355920922768
1.522894358E9	0.029323091441029257
1.529708203E9	0.07960439370135364
1.536522048E9	0.08751813403445485
1.543335893E9	0.1515939972218329
1.550149738E9	0.13430493355807183
1.556963583E9	0.03802243813881883
1.563777428E9	0.04752705704341675
1.570591273E9	0.023010796400563853
1.577405118E9	0.07735529645890096
1.584218963E9	0.0808252902729663
1.591032808E9	0.043018442597388115
1.597846653E9	0.03257676099177483
1.6032409105E9	0.027582415647085166
1.606647833E9	0.0
1.611474343E9	0.0700096641470418
1.618288188E9	0.03262357743682165
1.625102033E9	0.008753060863579961
1.631915878E9	0.006031102850152887
1.638729723E9	0.043394882037968284
1.645543568E9	0.13291995928877162
1.652357413E9	0.07538856548688735
1.659171258E9	0.03658844602423448
1.665985103E9	0.07734472973776187
1.672798948E9	0.015154439233648549
1.679612793E9	0.007635630103120925
1.686426638E9	0.034258484013064576
1.693240483E9	0.06155423259554627
1.700054328E9	0.019335045044317857
1.706868173E9	0.034477303196653285
1.713682018E9	0.03688548829625564
1.720495863E9	0.10327238145276273
1.727309708E9	0.1369857987670691
1.734123553E9	0.1734009212126193
1.740937398E9	0.3474254257324609
1.747751243E9	0.11557703469920434
1.754565088E9	0.23655630558076973
1.759854186E9	0.16641274950183976
1.7632611085E9	2.623386043717417E-5
1.768192778E9	0.05926668422894856
1.775006623E9	0.0031192373762537894
1.781820468E9	0.04674644051926629
1.788634313E9	0.11881984400877918
1.795448158E9	0.15988094827516622
1.802262003E9	0.03316893765561148
1.809075848E9	0.024572322968896415
1.815889693E9	0.024674908219955105
1.822703538E9	0.014351368427077517
1.829517383E9	0.07492729875716281
1.836331228E9	0.08033423126003013
1.843145073E9	0.006169791065103476
1.849958918E9	0.05898857399896828
1.856772763E9	0.05463772656994693
1.863586608E9	0.07275774544328496
1.870400453E9	0.14226255513590344
1.877214298E9	0.11851106093549237
1.884028143E9	0.312877384208182
1.890841988E9	0.021103062954910188
1.897655833E9	0.19259331552155942
1.904469678E9	0.23141383462641138
1.910723823E9	0.12032164679788812
1.9141307455E9	0.0
1.918097368E9	0.01831198097403155
1.924911213E9	0.01364633331107473
1.931725058E9	0.004501423205253422
1.938538903E9	0.028140205713514176
1.945352748E9	0.19515457131766278
1.952166593E9	0.07200604064225118
1.958980438E9	0.0814901131446342
1.965794283E9	0.111195074146829
1.972608128E9	0.03350575189192005
1.979421973E9	0.017989549219273406
1.986235818E9	0.07635263203081373
1.993049663E9	0.023444325487298287
1.999863508E9	0.19491006913130546
2.006677353E9	0.09695098729131643
2.013491198E9	0.33474286544528087
2.020305043E9	0.010127028131693633
2.027118888E9	0.08426637236391495
2.033932733E9	0.08687591220522334
2.040746578E9	0.1233516465373075
2.047560423E9	0.04251916502356599
2.054374268E9	0.021854474235912323
2.060544391E9	0.13317998458671385
2.0639513135E9	0.0
2.068001958E9	0.0645419729976247
2.074815803E9	0.01314940389750574
2.081629648E9	0.15372818137189795
2.088443493E9	0.10226824942451729
2.095257338E9	0.17436983083706775
2.102071183E9	0.03463052065317013
2.108885028E9	0.16183329676562938
2.115698873E9	0.0064188428119512555
2.122512718E9	0.008328043857763128
2.129326563E9	0.04367563394823334
2.136140408E9	0.13237004950949133
2.142954253E9	0.1236243266467024
2.149768098E9	0.03596031315652176
2.156581943E9	0.02236064953047802
2.163395788E9	0.14276961099056407
2.170209633E9	0.08896386695030485
2.177023478E9	0.08685404496286604
2.183837323E9	0.09179090513505957
2.190651168E9	0.22275147145260862
2.197465013E9	0.08883574545649336
2.204278858E9	0.1650865260363275
2.2082174155E9	0.11788539129289832
2.211624338E9	0.03590632241123714
2.217906548E9	0.03250455506399104
2.224720393E9	0.03287497734392256
2.231534238E9	0.09218686365774391
2.238348083E9	0.012864982986845167
2.245161928E9	0.03753945092675281
2.251975773E9	0.032453189058453784
2.258789618E9	0.01553454767462424
2.265603463E9	0.0221155603040574
2.272417308E9	0.0231414128146443
2.279231153E9	0.19807039931198905
2.286044998E9	0.04438360426455254
2.292858843E9	0.14865923718546578
2.299672688E9	0.0210982198743881
2.306486533E9	0.05952615593691961
2.313300378E9	0.07819417670933225
2.320114223E9	0.08959082573789101
2.326928068E9	0.07587859717971278
2.333741913E9	0.30785716434700233
2.3376495495E9	0.01878717191850038
2.341056472E9	0.24045367013412836
2.347369603E9	0.019146018143940756
2.354183448E9	0.03534421461010633
2.360997293E9	0.13018831511430037
2.367811138E9	0.05721131020737924
2.374624983E9	0.04247704489902544
2.381438828E9	0.28663258409899256
2.388252673E9	0.055083143217962836
2.395066518E9	1.9705536301456814
2.401880363E9	0.17385705134179014
2.408694208E9	0.069591985142016
2.415508053E9	0.10905751451640007
2.422321898E9	0.03644799668909404
2.429135743E9	0.04601454832036831
2.435949588E9	0.0686348163188332
2.442763433E9	0.1140298906124222
2.449577278E9	0.09533780119741497
2.456391123E9	0.06495774412244482
2.4612717095E9	0.10314020020846
2.462753523E9	0.0
2.4646867815E9	7.228162145623962E-4
2.470018813E9	0.03322514674167082
2.476832658E9	0.04706755143388205
2.483646503E9	0.01259597187784577
2.490460348E9	0.002796365341448184
2.497274193E9	0.02387932217419093
2.504088038E9	0.023171938897935014
2.510901883E9	0.045618883317715624
2.517715728E9	0.014632560617390034
2.524529573E9	0.04724835977337318
2.531343418E9	0.00823191604740055
2.538157263E9	0.08051518635953708
2.544971108E9	0.0070176236764998325
2.551784953E9	0.005515388154558843
2.558598798E9	0.06274005352337778
2.565412643E9	0.3009598838834755
2.572226488E9	0.01017472513683537
2.579040333E9	0.00852734395924768
2.585854178E9	0.004676948184175014
2.592668023E9	0.004856142163492125
2.599481868E9	0.015968663801421958
2.606295713E9	0.0249431855288754
2.613109558E9	0.03471960398277331
2.619923403E9	0.022582550674398964
2.626737248E9	0.0285672773595525
2.631968571E9	0.010255423630940685
2.6353754935E9	0.003946548610382667
2.640364938E9	0.0010640101147002903
2.647178783E9	0.0011068640393199435
2.653992628E9	6.190337467318379E-4
2.660806473E9	2.791375500910279E-4
2.667620318E9	5.801423425393445E-4
2.674434163E9	0.0017122491045804536
2.681248008E9	7.252879981860462E-4
2.688061853E9	2.807519102650559E-4
2.694875698E9	8.873110556521318E-4
2.701689543E9	5.254008566382124E-4
2.708503388E9	3.2874243543843453E-4
2.715317233E9	3.965455627476117E-4
2.7221309125E9	0.015319848172323415
