# Position (bp)	A	C	G	T	N
0.0	19.226779647181445	32.58008565786562	27.45846602272286	20.728463504154643	0.006205168075438916
1.0	22.08031080260033	23.96983425564695	24.399865676361664	29.5490435579571	9.45707433957268E-4
2.0	26.942557730461438	26.028290920843624	23.801083548440296	23.227155275537665	9.125247169763112E-4
3.0	29.706346227805327	23.86958926764748	24.543463884096752	21.880584029091953	1.6591358490478386E-5
4.0	30.39525261504697	21.77053354822461	24.685336590548832	23.148661558519215	2.1568766037621898E-4
5.0	29.571491665994714	22.844193538860445	23.544465006668066	24.034225317948497	0.005624470528272172
6.0	25.978068878692945	22.278660493354	19.99447839589437	31.748709275266236	8.295679245239192E-5
7.0	25.225136439036543	24.923057575000406	22.1939781996186	27.657761420910486	6.636543396191354E-5
8.0	24.65991862934142	25.75582763171299	21.823775217620554	27.760362381815607	1.161395094333487E-4
9.0	32.28464333722567	21.920287149959666	21.463062492679065	24.331924063343152	8.295679245239192E-5
10.0	28.30920452068063	24.95305475115119	24.158544367117653	22.57899726474864	1.9909630188574061E-4
11.0	25.339152254583112	24.93357649628337	24.4168718188144	25.309835324130436	5.641061886762651E-4
12.0	25.944305464164824	24.615022413266185	23.546655065988812	25.892573608391512	0.0014434481886716195
13.0	26.83446502989597	24.05400221726915	23.168455049198357	25.93931146525919	0.0037662383773385934
14.0	27.084347480121064	24.08418189836333	23.36348646825393	25.46204444692209	0.005939706339591262
15.0	27.108023348686977	24.36278399013544	23.086012588859166	25.429176965752447	0.014003106565963758
16.0	27.336917730421618	24.543662980398636	22.990562503463448	25.109212617263577	0.01964416845272641
17.0	27.264612590120112	23.903999745156735	23.6198561396488	25.186893357715995	0.024638167358360403
18.0	27.30650577030857	24.34191206115442	23.148014495538085	25.183724408244313	0.01984326475461215
19.0	27.32902024378015	23.847572534930617	23.587834817762175	25.222564778470524	0.013007625056535055
20.0	26.880887650952328	24.252916014211497	23.75019785195	25.109909454320174	0.006089028566005568
21.0	27.08856168517765	24.350539567569466	23.707723974214375	24.85133313224607	0.0018416407924431008
22.0	27.54314831645826	23.685325640252227	23.461275935196806	25.30966941054553	5.806975471667435E-4
23.0	27.69633632940085	23.417607479649867	23.483989504970275	25.401303483488448	7.632024905620058E-4
24.0	26.87479446772658	24.618958512595086	23.230945768681575	25.275052372360935	2.4887863582651103E-4
25.0	27.716692526062236	23.926918046207764	23.33264142650282	25.023582076327777	1.659248994038816E-4
26.0	28.079663822320306	23.55030842559829	23.348386106536463	25.021525493335766	1.1615220917353554E-4
27.0	28.244267335557034	24.11760518354632	23.662234482557203	23.975644089349036	2.4890899041020035E-4
28.0	26.68799878923997	25.450670406923905	24.53991201744052	23.320871156446756	5.476299488530223E-4
29.0	24.422755980886652	26.277315448538285	24.027935809110836	25.271743820624515	2.489408397073252E-4
30.0	24.94248935928665	23.765637417070153	21.41019078594888	29.881035131781523	6.47305912790964E-4
31.0	27.742082629449943	23.859999399102005	24.825519639819753	23.571916949257485	4.81382370814816E-4
32.0	28.028280408145783	23.479256529472565	24.622306440040017	23.869392951048336	7.63671293297257E-4
33.0	33.13999334814365	22.151744352190388	22.710958576336694	21.996456881906635	8.46841422633813E-4
34.0	24.903124065146606	23.423271385999005	21.575631497879932	30.09712592119135	8.471297831065378E-4
35.0	24.39720738301608	25.76116311579194	20.380757876275066	29.459740525881212	0.0011310990357048046
36.0	23.98087710590637	25.408622426523213	21.376412912167666	29.23310090825051	9.866471522353077E-4
37.0	27.269669248163307	25.22026318828616	21.83368036502221	25.675994267997755	3.9293053056555345E-4
38.0	30.145744666951362	25.86677298036635	20.016424985232298	23.96804881352948	0.0030085539205067847
39.0	23.15155077317484	28.09058671052084	27.97294514198341	20.782250663929805	0.0026667103911073137
