#Coverage	Number of genomic locations
0.0	2.476859955E9
1.0	1.06449433E8
2.0	3.8566802E7
3.0	2.2790132E7
4.0	1.5916803E7
5.0	1.1710587E7
6.0	8902192.0
7.0	6902767.0
8.0	5454559.0
9.0	4374245.0
10.0	3556084.0
11.0	2916133.0
12.0	2426113.0
13.0	2031421.0
14.0	1714964.0
15.0	1467621.0
16.0	1261938.0
17.0	1092926.0
18.0	949691.0
19.0	833607.0
20.0	736475.0
21.0	656272.0
22.0	584611.0
23.0	523409.0
24.0	470310.0
25.0	425185.0
26.0	383002.0
27.0	349914.0
28.0	318334.0
29.0	288511.0
30.0	265590.0
31.0	243742.0
32.0	224039.0
33.0	205901.0
34.0	191277.0
35.0	178265.0
36.0	164633.0
37.0	153113.0
38.0	143604.0
39.0	134003.0
40.0	124997.0
41.0	116972.0
42.0	109464.0
43.0	102186.0
44.0	96820.0
45.0	90888.0
46.0	85328.0
47.0	80447.0
48.0	76070.0
49.0	72042.0
50.0	68780.0
51.0	64955.0
52.0	62346.0
53.0	58265.0
54.0	55560.0
55.0	53024.0
56.0	50214.0
57.0	47889.0
58.0	45325.0
59.0	43646.0
60.0	41677.0
61.0	39400.0
62.0	37849.0
63.0	35930.0
64.0	34249.0
65.0	32558.0
66.0	31090.0
67.0	30052.0
68.0	28540.0
69.0	27335.0
70.0	26333.0
71.0	25197.0
72.0	24001.0
73.0	23187.0
74.0	22087.0
75.0	21110.0
76.0	20488.0
77.0	19621.0
78.0	18756.0
79.0	18132.0
80.0	17483.0
81.0	16880.0
82.0	16114.0
83.0	15372.0
84.0	15253.0
85.0	14846.0
86.0	14090.0
87.0	13523.0
88.0	13145.0
89.0	12855.0
90.0	12085.0
91.0	12104.0
92.0	11622.0
93.0	11193.0
94.0	11035.0
95.0	10730.0
96.0	10265.0
97.0	9938.0
98.0	9672.0
99.0	9477.0
100.0	9054.0
101.0	8524.0
102.0	8568.0
103.0	8188.0
104.0	8121.0
105.0	7817.0
106.0	7553.0
107.0	7341.0
108.0	7107.0
109.0	6925.0
110.0	6714.0
111.0	6629.0
112.0	6493.0
113.0	6254.0
114.0	6035.0
115.0	6010.0
116.0	5878.0
117.0	5651.0
118.0	5435.0
119.0	5352.0
120.0	5288.0
121.0	5359.0
122.0	5087.0
123.0	4944.0
124.0	4934.0
125.0	4838.0
126.0	4797.0
127.0	4628.0
128.0	4455.0
129.0	4438.0
130.0	4263.0
131.0	4251.0
132.0	4237.0
133.0	4117.0
134.0	4108.0
135.0	3777.0
136.0	3777.0
137.0	3723.0
138.0	3606.0
139.0	3443.0
140.0	3427.0
141.0	3424.0
142.0	3246.0
143.0	3168.0
144.0	3097.0
145.0	3082.0
146.0	2968.0
147.0	2865.0
148.0	2797.0
149.0	2783.0
150.0	2680.0
151.0	2625.0
152.0	2668.0
153.0	2460.0
154.0	2503.0
155.0	2456.0
156.0	2300.0
157.0	2270.0
158.0	2203.0
159.0	2196.0
160.0	2090.0
161.0	2091.0
162.0	2054.0
163.0	2012.0
164.0	1966.0
165.0	1860.0
166.0	1816.0
167.0	1773.0
168.0	1780.0
169.0	1782.0
170.0	1588.0
171.0	1583.0
172.0	1657.0
173.0	1618.0
174.0	1582.0
175.0	1503.0
176.0	1470.0
177.0	1434.0
178.0	1436.0
179.0	1428.0
180.0	1381.0
181.0	1388.0
182.0	1337.0
183.0	1281.0
184.0	1255.0
185.0	1197.0
186.0	1196.0
187.0	1185.0
188.0	1163.0
189.0	1215.0
190.0	1078.0
191.0	1117.0
192.0	1069.0
193.0	1060.0
194.0	1002.0
195.0	1003.0
196.0	1015.0
197.0	1006.0
198.0	964.0
199.0	937.0
200.0	956.0
201.0	859.0
202.0	919.0
203.0	920.0
204.0	834.0
205.0	843.0
206.0	832.0
207.0	792.0
208.0	773.0
209.0	767.0
210.0	729.0
211.0	744.0
212.0	693.0
213.0	690.0
214.0	635.0
215.0	622.0
216.0	682.0
217.0	656.0
218.0	644.0
219.0	592.0
220.0	623.0
221.0	560.0
222.0	577.0
223.0	536.0
224.0	533.0
225.0	516.0
226.0	521.0
227.0	486.0
228.0	494.0
229.0	471.0
230.0	514.0
231.0	470.0
232.0	458.0
233.0	429.0
234.0	436.0
235.0	433.0
236.0	422.0
237.0	379.0
238.0	429.0
239.0	460.0
240.0	390.0
241.0	395.0
242.0	400.0
243.0	343.0
244.0	347.0
245.0	333.0
246.0	355.0
247.0	335.0
248.0	332.0
249.0	341.0
250.0	336.0
251.0	325.0
252.0	292.0
253.0	280.0
254.0	278.0
255.0	287.0
256.0	253.0
257.0	252.0
258.0	260.0
259.0	244.0
260.0	234.0
261.0	262.0
262.0	223.0
263.0	233.0
264.0	249.0
265.0	227.0
266.0	228.0
267.0	235.0
268.0	211.0
269.0	238.0
270.0	207.0
271.0	211.0
272.0	199.0
273.0	185.0
274.0	210.0
275.0	176.0
276.0	183.0
277.0	189.0
278.0	164.0
279.0	189.0
280.0	204.0
281.0	153.0
282.0	154.0
283.0	166.0
284.0	135.0
285.0	145.0
286.0	156.0
287.0	153.0
288.0	133.0
289.0	163.0
290.0	144.0
291.0	145.0
292.0	121.0
293.0	138.0
294.0	148.0
295.0	148.0
296.0	136.0
297.0	103.0
298.0	148.0
299.0	122.0
300.0	117.0
301.0	103.0
302.0	99.0
303.0	90.0
304.0	92.0
305.0	118.0
306.0	107.0
307.0	101.0
308.0	122.0
309.0	100.0
310.0	107.0
311.0	85.0
312.0	94.0
313.0	100.0
314.0	86.0
315.0	74.0
316.0	93.0
317.0	99.0
318.0	80.0
319.0	71.0
320.0	71.0
321.0	62.0
322.0	69.0
323.0	89.0
324.0	68.0
325.0	78.0
326.0	71.0
327.0	72.0
328.0	70.0
329.0	78.0
330.0	76.0
331.0	70.0
332.0	65.0
333.0	70.0
334.0	56.0
335.0	56.0
336.0	52.0
337.0	56.0
338.0	42.0
339.0	46.0
340.0	53.0
341.0	49.0
342.0	52.0
343.0	41.0
344.0	59.0
345.0	50.0
346.0	52.0
347.0	55.0
348.0	52.0
349.0	50.0
350.0	59.0
351.0	39.0
352.0	39.0
353.0	43.0
354.0	41.0
355.0	59.0
356.0	42.0
357.0	45.0
358.0	37.0
359.0	39.0
360.0	37.0
361.0	37.0
362.0	43.0
363.0	38.0
364.0	38.0
365.0	36.0
366.0	31.0
367.0	35.0
368.0	36.0
369.0	44.0
370.0	42.0
371.0	41.0
372.0	37.0
373.0	31.0
374.0	26.0
375.0	32.0
376.0	28.0
377.0	30.0
378.0	17.0
379.0	18.0
380.0	30.0
381.0	25.0
382.0	19.0
383.0	30.0
384.0	24.0
385.0	20.0
386.0	19.0
387.0	23.0
388.0	23.0
389.0	17.0
390.0	23.0
391.0	25.0
392.0	22.0
393.0	26.0
394.0	24.0
395.0	22.0
396.0	10.0
397.0	17.0
398.0	22.0
399.0	21.0
400.0	18.0
401.0	15.0
402.0	18.0
403.0	15.0
404.0	18.0
405.0	16.0
406.0	19.0
407.0	14.0
408.0	14.0
409.0	19.0
410.0	9.0
411.0	23.0
412.0	14.0
413.0	7.0
414.0	15.0
415.0	15.0
416.0	15.0
417.0	15.0
418.0	16.0
419.0	22.0
420.0	8.0
421.0	10.0
422.0	14.0
423.0	12.0
424.0	14.0
425.0	19.0
426.0	10.0
427.0	10.0
428.0	12.0
429.0	22.0
430.0	10.0
431.0	14.0
432.0	20.0
433.0	15.0
434.0	8.0
435.0	17.0
436.0	18.0
437.0	20.0
438.0	7.0
439.0	7.0
440.0	12.0
441.0	11.0
442.0	20.0
443.0	17.0
444.0	16.0
445.0	19.0
446.0	16.0
447.0	16.0
448.0	15.0
449.0	11.0
450.0	14.0
451.0	17.0
452.0	12.0
453.0	6.0
454.0	6.0
455.0	13.0
456.0	12.0
457.0	5.0
458.0	8.0
459.0	14.0
460.0	14.0
461.0	13.0
462.0	11.0
463.0	12.0
464.0	15.0
465.0	14.0
466.0	13.0
467.0	19.0
468.0	19.0
469.0	13.0
470.0	14.0
471.0	6.0
472.0	12.0
473.0	6.0
474.0	17.0
475.0	12.0
476.0	11.0
477.0	17.0
478.0	11.0
479.0	15.0
480.0	9.0
481.0	10.0
482.0	17.0
483.0	14.0
484.0	20.0
485.0	14.0
486.0	9.0
487.0	19.0
488.0	11.0
489.0	16.0
490.0	9.0
491.0	10.0
492.0	12.0
493.0	11.0
494.0	10.0
495.0	17.0
496.0	14.0
497.0	26.0
498.0	20.0
499.0	47.0
500.0	8.0
501.0	4.0
502.0	5.0
503.0	15.0
504.0	8.0
505.0	13.0
506.0	9.0
507.0	11.0
508.0	8.0
509.0	5.0
510.0	14.0
511.0	11.0
512.0	12.0
513.0	12.0
514.0	15.0
515.0	10.0
516.0	6.0
517.0	12.0
518.0	8.0
519.0	13.0
520.0	11.0
521.0	7.0
522.0	12.0
523.0	10.0
524.0	8.0
525.0	5.0
526.0	5.0
527.0	9.0
528.0	7.0
529.0	4.0
530.0	6.0
531.0	9.0
532.0	9.0
533.0	10.0
534.0	18.0
535.0	5.0
536.0	5.0
537.0	2.0
538.0	6.0
539.0	3.0
540.0	10.0
541.0	3.0
542.0	10.0
543.0	6.0
544.0	9.0
545.0	10.0
546.0	8.0
547.0	6.0
548.0	6.0
549.0	8.0
550.0	5.0
551.0	11.0
552.0	6.0
553.0	6.0
554.0	9.0
555.0	8.0
556.0	8.0
557.0	9.0
558.0	3.0
559.0	9.0
560.0	4.0
561.0	9.0
562.0	10.0
563.0	4.0
564.0	8.0
565.0	5.0
566.0	5.0
567.0	8.0
568.0	3.0
569.0	4.0
570.0	7.0
571.0	3.0
572.0	10.0
573.0	10.0
574.0	4.0
575.0	8.0
576.0	3.0
577.0	4.0
578.0	6.0
579.0	3.0
580.0	5.0
581.0	5.0
582.0	5.0
583.0	3.0
584.0	8.0
585.0	8.0
586.0	9.0
587.0	8.0
588.0	5.0
589.0	3.0
590.0	4.0
591.0	4.0
592.0	4.0
593.0	10.0
594.0	5.0
595.0	11.0
596.0	4.0
597.0	2.0
598.0	3.0
599.0	5.0
600.0	2.0
601.0	3.0
602.0	9.0
603.0	3.0
604.0	6.0
605.0	9.0
606.0	7.0
607.0	5.0
608.0	5.0
609.0	6.0
610.0	6.0
611.0	1.0
612.0	6.0
613.0	5.0
614.0	4.0
615.0	8.0
616.0	5.0
617.0	7.0
618.0	1.0
619.0	6.0
620.0	8.0
621.0	9.0
622.0	8.0
623.0	8.0
624.0	9.0
625.0	7.0
626.0	9.0
627.0	9.0
628.0	7.0
629.0	5.0
630.0	8.0
631.0	7.0
632.0	9.0
633.0	6.0
634.0	6.0
635.0	8.0
636.0	3.0
637.0	9.0
638.0	6.0
639.0	14.0
640.0	8.0
641.0	5.0
642.0	6.0
643.0	11.0
644.0	12.0
645.0	21.0
646.0	8.0
647.0	3.0
648.0	3.0
649.0	7.0
650.0	1.0
651.0	7.0
652.0	3.0
653.0	4.0
654.0	6.0
655.0	6.0
656.0	4.0
657.0	9.0
658.0	4.0
659.0	5.0
660.0	3.0
661.0	6.0
662.0	6.0
663.0	2.0
664.0	10.0
665.0	2.0
666.0	5.0
667.0	5.0
668.0	8.0
669.0	9.0
670.0	3.0
671.0	8.0
672.0	3.0
673.0	4.0
674.0	3.0
675.0	6.0
676.0	2.0
677.0	4.0
678.0	8.0
679.0	4.0
680.0	3.0
681.0	4.0
682.0	2.0
683.0	3.0
684.0	5.0
685.0	2.0
686.0	5.0
687.0	6.0
688.0	6.0
689.0	3.0
690.0	2.0
691.0	8.0
692.0	4.0
693.0	7.0
694.0	3.0
695.0	8.0
696.0	8.0
697.0	4.0
698.0	7.0
699.0	4.0
700.0	3.0
701.0	6.0
702.0	5.0
703.0	3.0
704.0	5.0
705.0	4.0
706.0	4.0
707.0	3.0
708.0	4.0
709.0	8.0
710.0	4.0
711.0	1.0
712.0	4.0
713.0	3.0
714.0	5.0
715.0	1.0
716.0	4.0
717.0	5.0
718.0	3.0
719.0	4.0
720.0	3.0
721.0	4.0
722.0	5.0
723.0	9.0
724.0	2.0
725.0	5.0
726.0	3.0
727.0	5.0
728.0	5.0
729.0	1.0
731.0	2.0
732.0	2.0
733.0	6.0
734.0	2.0
735.0	4.0
736.0	1.0
737.0	1.0
738.0	5.0
739.0	7.0
740.0	3.0
741.0	3.0
742.0	5.0
743.0	6.0
744.0	4.0
745.0	4.0
746.0	3.0
747.0	1.0
748.0	9.0
749.0	5.0
750.0	1.0
751.0	10.0
752.0	7.0
753.0	4.0
754.0	3.0
755.0	6.0
756.0	2.0
757.0	5.0
758.0	2.0
759.0	4.0
760.0	6.0
761.0	4.0
762.0	4.0
763.0	9.0
764.0	2.0
765.0	4.0
766.0	9.0
767.0	7.0
768.0	7.0
769.0	9.0
770.0	18.0
771.0	12.0
772.0	5.0
773.0	4.0
774.0	5.0
775.0	4.0
776.0	6.0
777.0	6.0
778.0	2.0
779.0	5.0
780.0	2.0
781.0	8.0
782.0	3.0
783.0	4.0
784.0	2.0
785.0	5.0
786.0	5.0
787.0	3.0
788.0	7.0
789.0	3.0
790.0	5.0
791.0	6.0
792.0	2.0
793.0	1.0
794.0	3.0
795.0	5.0
796.0	5.0
797.0	5.0
798.0	4.0
799.0	5.0
800.0	5.0
801.0	3.0
802.0	7.0
803.0	5.0
804.0	3.0
805.0	7.0
806.0	7.0
807.0	1.0
808.0	2.0
809.0	2.0
810.0	2.0
811.0	2.0
812.0	2.0
813.0	2.0
814.0	2.0
815.0	8.0
816.0	5.0
817.0	2.0
818.0	4.0
819.0	3.0
820.0	7.0
821.0	4.0
822.0	3.0
823.0	2.0
824.0	2.0
825.0	6.0
826.0	2.0
827.0	6.0
828.0	6.0
829.0	4.0
830.0	3.0
831.0	4.0
832.0	5.0
833.0	6.0
834.0	7.0
835.0	4.0
836.0	4.0
837.0	4.0
838.0	4.0
839.0	5.0
840.0	2.0
841.0	4.0
843.0	5.0
844.0	3.0
845.0	3.0
846.0	1.0
847.0	6.0
848.0	3.0
849.0	1.0
850.0	5.0
851.0	2.0
852.0	2.0
853.0	4.0
854.0	5.0
855.0	6.0
856.0	8.0
857.0	9.0
858.0	2.0
859.0	5.0
861.0	3.0
862.0	6.0
863.0	4.0
864.0	8.0
865.0	1.0
866.0	3.0
867.0	2.0
868.0	3.0
869.0	2.0
870.0	4.0
871.0	2.0
873.0	6.0
875.0	5.0
876.0	4.0
877.0	3.0
878.0	5.0
879.0	3.0
880.0	2.0
881.0	3.0
882.0	4.0
883.0	4.0
885.0	1.0
886.0	4.0
887.0	4.0
888.0	7.0
889.0	6.0
891.0	3.0
892.0	1.0
893.0	3.0
894.0	5.0
895.0	5.0
896.0	1.0
897.0	5.0
898.0	5.0
899.0	3.0
900.0	1.0
901.0	3.0
902.0	5.0
903.0	4.0
904.0	2.0
905.0	3.0
906.0	6.0
907.0	1.0
908.0	3.0
909.0	1.0
910.0	1.0
911.0	3.0
912.0	3.0
913.0	7.0
914.0	7.0
915.0	4.0
916.0	1.0
917.0	3.0
918.0	7.0
919.0	5.0
920.0	3.0
921.0	4.0
922.0	2.0
923.0	2.0
924.0	1.0
925.0	2.0
926.0	5.0
927.0	5.0
928.0	3.0
929.0	3.0
930.0	2.0
931.0	2.0
932.0	5.0
933.0	3.0
934.0	5.0
935.0	2.0
936.0	3.0
937.0	2.0
938.0	7.0
939.0	3.0
940.0	6.0
941.0	1.0
942.0	3.0
943.0	6.0
944.0	6.0
945.0	6.0
946.0	6.0
947.0	3.0
948.0	4.0
949.0	6.0
950.0	7.0
951.0	8.0
952.0	4.0
953.0	3.0
954.0	4.0
955.0	3.0
956.0	3.0
957.0	6.0
958.0	6.0
959.0	4.0
960.0	2.0
961.0	7.0
962.0	3.0
963.0	2.0
964.0	5.0
965.0	7.0
966.0	2.0
967.0	6.0
968.0	4.0
969.0	5.0
970.0	5.0
971.0	3.0
972.0	5.0
973.0	4.0
974.0	3.0
975.0	2.0
976.0	5.0
977.0	4.0
978.0	6.0
979.0	6.0
980.0	4.0
981.0	1.0
982.0	2.0
983.0	4.0
984.0	3.0
985.0	1.0
986.0	6.0
987.0	3.0
988.0	4.0
989.0	7.0
990.0	4.0
991.0	5.0
992.0	7.0
993.0	5.0
994.0	7.0
995.0	3.0
996.0	5.0
997.0	4.0
998.0	4.0
999.0	4.0
1000.0	4.0
1001.0	4.0
1002.0	6.0
1003.0	4.0
1004.0	7.0
1005.0	4.0
1006.0	6.0
1007.0	1.0
1008.0	6.0
1009.0	3.0
1010.0	3.0
1011.0	3.0
1013.0	2.0
1014.0	5.0
1015.0	2.0
1016.0	5.0
1017.0	3.0
1018.0	2.0
1019.0	4.0
1020.0	4.0
1021.0	2.0
1022.0	5.0
1023.0	1.0
1024.0	5.0
1025.0	3.0
1026.0	4.0
1027.0	5.0
1028.0	4.0
1029.0	3.0
1030.0	4.0
1031.0	1.0
1032.0	1.0
1033.0	5.0
1034.0	4.0
1035.0	3.0
1036.0	7.0
1037.0	4.0
1038.0	6.0
1039.0	4.0
1040.0	4.0
1041.0	5.0
1042.0	5.0
1043.0	3.0
1044.0	3.0
1045.0	5.0
1046.0	4.0
1047.0	7.0
1048.0	3.0
1049.0	3.0
1050.0	3.0
1051.0	3.0
1052.0	4.0
1053.0	4.0
1055.0	3.0
1056.0	3.0
1057.0	6.0
1058.0	2.0
1059.0	2.0
1060.0	5.0
1062.0	1.0
1063.0	5.0
1064.0	2.0
1065.0	3.0
1066.0	3.0
1067.0	4.0
1068.0	3.0
1069.0	4.0
1070.0	3.0
1071.0	1.0
1072.0	2.0
1073.0	3.0
1074.0	5.0
1075.0	2.0
1076.0	7.0
1077.0	2.0
1078.0	3.0
1079.0	4.0
1080.0	3.0
1081.0	5.0
1082.0	6.0
1084.0	1.0
1085.0	3.0
1086.0	5.0
1087.0	1.0
1088.0	4.0
1089.0	1.0
1090.0	8.0
1091.0	3.0
1092.0	3.0
1093.0	7.0
1094.0	7.0
1095.0	2.0
1096.0	7.0
1097.0	9.0
1098.0	4.0
1099.0	4.0
1100.0	3.0
1101.0	3.0
1102.0	2.0
1103.0	2.0
1104.0	2.0
1105.0	4.0
1106.0	1.0
1107.0	1.0
1108.0	3.0
1109.0	1.0
1110.0	3.0
1111.0	2.0
1112.0	2.0
1113.0	1.0
1114.0	1.0
1115.0	1.0
1116.0	3.0
1117.0	2.0
1118.0	3.0
1119.0	3.0
1120.0	2.0
1122.0	2.0
1123.0	6.0
1124.0	2.0
1126.0	8.0
1127.0	3.0
1128.0	1.0
1129.0	4.0
1131.0	3.0
1132.0	2.0
1133.0	1.0
1134.0	5.0
1135.0	2.0
1136.0	2.0
1137.0	3.0
1138.0	2.0
1139.0	6.0
1140.0	5.0
1141.0	1.0
1142.0	3.0
1143.0	6.0
1144.0	5.0
1145.0	4.0
1146.0	5.0
1148.0	3.0
1149.0	3.0
1150.0	4.0
1151.0	6.0
1152.0	1.0
1153.0	2.0
1154.0	3.0
1155.0	3.0
1156.0	1.0
1157.0	4.0
1158.0	8.0
1159.0	3.0
1160.0	4.0
1161.0	2.0
1162.0	7.0
1163.0	3.0
1164.0	2.0
1165.0	3.0
1166.0	4.0
1167.0	3.0
1168.0	3.0
1169.0	4.0
1170.0	6.0
1171.0	2.0
1173.0	1.0
1174.0	5.0
1175.0	6.0
1176.0	2.0
1177.0	2.0
1178.0	3.0
1179.0	2.0
1180.0	6.0
1181.0	4.0
1182.0	5.0
1183.0	2.0
1184.0	6.0
1185.0	5.0
1186.0	1.0
1187.0	4.0
1188.0	3.0
1189.0	3.0
1190.0	6.0
1191.0	2.0
1192.0	2.0
1193.0	3.0
1194.0	7.0
1195.0	2.0
1196.0	9.0
1197.0	4.0
1198.0	3.0
1199.0	3.0
1200.0	4.0
1201.0	4.0
1202.0	5.0
1203.0	4.0
1204.0	2.0
1205.0	3.0
1206.0	4.0
1207.0	5.0
1208.0	4.0
1209.0	5.0
1210.0	1.0
1211.0	8.0
1212.0	3.0
1213.0	2.0
1214.0	7.0
1215.0	5.0
1217.0	5.0
1218.0	4.0
1219.0	4.0
1220.0	2.0
1221.0	1.0
1222.0	1.0
1223.0	1.0
1224.0	5.0
1225.0	3.0
1226.0	5.0
1227.0	5.0
1228.0	11.0
1229.0	8.0
1230.0	2.0
1231.0	1.0
1232.0	5.0
1233.0	4.0
1234.0	2.0
1235.0	4.0
1236.0	5.0
1237.0	4.0
1238.0	5.0
1239.0	7.0
1240.0	2.0
1241.0	3.0
1242.0	3.0
1243.0	4.0
1244.0	4.0
1245.0	2.0
1246.0	5.0
1247.0	3.0
1248.0	1.0
1249.0	4.0
1250.0	3.0
1251.0	5.0
1252.0	3.0
1253.0	5.0
1254.0	3.0
1255.0	3.0
1256.0	5.0
1257.0	2.0
1258.0	5.0
1259.0	4.0
1260.0	1.0
1261.0	7.0
1262.0	4.0
1263.0	6.0
1264.0	5.0
1265.0	5.0
1266.0	4.0
1267.0	8.0
1268.0	3.0
1269.0	7.0
1270.0	8.0
1271.0	6.0
1272.0	8.0
1273.0	5.0
1274.0	5.0
1275.0	3.0
1276.0	7.0
1277.0	3.0
1278.0	5.0
1279.0	8.0
1280.0	8.0
1281.0	4.0
1282.0	4.0
1283.0	4.0
1284.0	5.0
1285.0	3.0
1286.0	7.0
1287.0	3.0
1288.0	7.0
1289.0	3.0
1290.0	6.0
1291.0	6.0
1293.0	3.0
1294.0	4.0
1295.0	2.0
1296.0	4.0
1298.0	2.0
1299.0	6.0
1300.0	2.0
1301.0	6.0
1302.0	6.0
1303.0	6.0
1304.0	4.0
1305.0	2.0
1306.0	3.0
1307.0	4.0
1308.0	3.0
1309.0	6.0
1310.0	4.0
1311.0	5.0
1312.0	3.0
1313.0	7.0
1314.0	2.0
1315.0	3.0
1316.0	5.0
1317.0	4.0
1318.0	2.0
1319.0	7.0
1320.0	3.0
1321.0	6.0
1322.0	4.0
1323.0	4.0
1324.0	5.0
1325.0	7.0
1326.0	1.0
1327.0	3.0
1328.0	4.0
1329.0	3.0
1330.0	3.0
1331.0	2.0
1332.0	3.0
1334.0	2.0
1335.0	1.0
1336.0	4.0
1337.0	3.0
1338.0	2.0
1339.0	3.0
1340.0	2.0
1341.0	3.0
1343.0	4.0
1344.0	2.0
1345.0	2.0
1346.0	4.0
1347.0	3.0
1348.0	3.0
1349.0	7.0
1350.0	3.0
1351.0	2.0
1352.0	1.0
1353.0	2.0
1354.0	2.0
1355.0	3.0
1356.0	4.0
1357.0	1.0
1358.0	3.0
1360.0	2.0
1361.0	2.0
1362.0	2.0
1363.0	3.0
1365.0	3.0
1366.0	2.0
1367.0	3.0
1368.0	3.0
1369.0	4.0
1370.0	1.0
1371.0	2.0
1372.0	2.0
1373.0	3.0
1374.0	3.0
1375.0	1.0
1376.0	2.0
1378.0	3.0
1379.0	4.0
1380.0	3.0
1382.0	4.0
1383.0	6.0
1384.0	5.0
1385.0	7.0
1386.0	7.0
1387.0	9.0
1388.0	6.0
1389.0	5.0
1390.0	2.0
1391.0	3.0
1392.0	1.0
1393.0	4.0
1394.0	3.0
1395.0	1.0
1396.0	2.0
1397.0	7.0
1398.0	2.0
1399.0	4.0
1400.0	4.0
1401.0	5.0
1402.0	5.0
1403.0	4.0
1404.0	3.0
1405.0	3.0
1406.0	3.0
1407.0	6.0
1408.0	6.0
1409.0	7.0
1410.0	6.0
1411.0	4.0
1412.0	2.0
1413.0	7.0
1414.0	5.0
1416.0	1.0
1417.0	3.0
1418.0	3.0
1420.0	3.0
1421.0	7.0
1422.0	5.0
1423.0	1.0
1424.0	7.0
1425.0	2.0
1426.0	6.0
1427.0	2.0
1428.0	5.0
1429.0	4.0
1430.0	6.0
1431.0	5.0
1432.0	4.0
1433.0	4.0
1434.0	3.0
1435.0	3.0
1436.0	4.0
1437.0	1.0
1438.0	1.0
1440.0	2.0
1441.0	3.0
1442.0	3.0
1443.0	5.0
1444.0	7.0
1445.0	1.0
1447.0	2.0
1448.0	5.0
1449.0	2.0
1450.0	1.0
1451.0	2.0
1452.0	2.0
1453.0	2.0
1455.0	5.0
1456.0	1.0
1457.0	3.0
1458.0	3.0
1459.0	2.0
1461.0	1.0
1462.0	5.0
1463.0	3.0
1464.0	4.0
1465.0	4.0
1466.0	2.0
1467.0	7.0
1468.0	3.0
1469.0	1.0
1470.0	3.0
1471.0	5.0
1472.0	1.0
1473.0	2.0
1474.0	1.0
1475.0	3.0
1476.0	1.0
1477.0	3.0
1478.0	4.0
1479.0	3.0
1480.0	3.0
1481.0	3.0
1482.0	4.0
1483.0	11.0
1484.0	1.0
1485.0	1.0
1486.0	3.0
1487.0	3.0
1488.0	2.0
1489.0	1.0
1490.0	2.0
1491.0	3.0
1492.0	3.0
1493.0	1.0
1494.0	3.0
1495.0	3.0
1496.0	3.0
1498.0	1.0
1499.0	1.0
1500.0	6.0
1501.0	1.0
1503.0	3.0
1504.0	2.0
1505.0	1.0
1506.0	2.0
1507.0	3.0
1509.0	3.0
1510.0	3.0
1511.0	2.0
1512.0	1.0
1513.0	1.0
1514.0	3.0
1515.0	1.0
1516.0	1.0
1517.0	2.0
1518.0	3.0
1519.0	3.0
1520.0	1.0
1521.0	4.0
1522.0	2.0
1523.0	4.0
1524.0	2.0
1525.0	3.0
1526.0	1.0
1527.0	1.0
1528.0	1.0
1529.0	3.0
1530.0	1.0
1531.0	5.0
1532.0	5.0
1534.0	1.0
1535.0	2.0
1536.0	2.0
1537.0	1.0
1538.0	1.0
1540.0	1.0
1541.0	1.0
1542.0	2.0
1543.0	1.0
1544.0	1.0
1545.0	3.0
1546.0	2.0
1547.0	3.0
1548.0	2.0
1549.0	1.0
1550.0	1.0
1552.0	2.0
1553.0	1.0
1554.0	1.0
1555.0	3.0
1556.0	2.0
1557.0	1.0
1559.0	1.0
1560.0	2.0
1561.0	1.0
1562.0	4.0
1563.0	1.0
1564.0	3.0
1565.0	2.0
1566.0	2.0
1567.0	1.0
1568.0	6.0
1569.0	1.0
1570.0	3.0
1571.0	1.0
1572.0	2.0
1574.0	2.0
1575.0	4.0
1576.0	4.0
1577.0	4.0
1579.0	1.0
1581.0	5.0
1582.0	2.0
1583.0	2.0
1584.0	2.0
1585.0	1.0
1586.0	1.0
1587.0	2.0
1588.0	4.0
1589.0	1.0
1590.0	4.0
1593.0	5.0
1594.0	2.0
1596.0	1.0
1597.0	2.0
1598.0	1.0
1599.0	3.0
1600.0	4.0
1601.0	3.0
1602.0	1.0
1603.0	1.0
1604.0	4.0
1605.0	2.0
1606.0	2.0
1607.0	4.0
1608.0	7.0
1609.0	2.0
1610.0	2.0
1611.0	4.0
1612.0	1.0
1613.0	3.0
1614.0	4.0
1615.0	4.0
1617.0	2.0
1619.0	3.0
1620.0	4.0
1621.0	2.0
1623.0	4.0
1624.0	4.0
1625.0	1.0
1626.0	2.0
1627.0	1.0
1628.0	1.0
1629.0	1.0
1630.0	2.0
1631.0	3.0
1632.0	2.0
1633.0	1.0
1634.0	2.0
1635.0	2.0
1636.0	2.0
1637.0	3.0
1638.0	2.0
1639.0	3.0
1640.0	1.0
1642.0	2.0
1644.0	2.0
1645.0	2.0
1646.0	1.0
1647.0	4.0
1648.0	3.0
1649.0	4.0
1650.0	1.0
1651.0	4.0
1652.0	2.0
1653.0	1.0
1654.0	1.0
1655.0	3.0
1656.0	1.0
1658.0	4.0
1659.0	2.0
1660.0	1.0
1661.0	3.0
1662.0	2.0
1663.0	1.0
1664.0	3.0
1665.0	2.0
1666.0	3.0
1667.0	2.0
1668.0	1.0
1669.0	1.0
1670.0	1.0
1671.0	2.0
1672.0	2.0
1673.0	2.0
1674.0	4.0
1675.0	2.0
1676.0	2.0
1677.0	2.0
1678.0	1.0
1679.0	2.0
1681.0	2.0
1682.0	1.0
1683.0	1.0
1684.0	1.0
1685.0	4.0
1686.0	1.0
1687.0	3.0
1690.0	2.0
1691.0	3.0
1693.0	2.0
1695.0	2.0
1696.0	3.0
1698.0	2.0
1700.0	1.0
1701.0	1.0
1702.0	3.0
1703.0	2.0
1704.0	2.0
1705.0	3.0
1707.0	4.0
1708.0	2.0
1710.0	1.0
1711.0	3.0
1713.0	2.0
1714.0	1.0
1715.0	2.0
1716.0	1.0
1717.0	1.0
1719.0	1.0
1720.0	1.0
1721.0	2.0
1722.0	2.0
1723.0	1.0
1725.0	1.0
1726.0	2.0
1727.0	1.0
1728.0	1.0
1729.0	2.0
1730.0	1.0
1731.0	2.0
1732.0	4.0
1733.0	2.0
1734.0	2.0
1735.0	1.0
1736.0	2.0
1737.0	1.0
1738.0	1.0
1739.0	1.0
1740.0	4.0
1741.0	2.0
1742.0	5.0
1743.0	2.0
1744.0	3.0
1746.0	1.0
1747.0	2.0
1748.0	1.0
1749.0	1.0
1751.0	1.0
1752.0	2.0
1753.0	3.0
1754.0	1.0
1755.0	2.0
1756.0	2.0
1757.0	2.0
1758.0	4.0
1759.0	4.0
1761.0	3.0
1763.0	2.0
1765.0	2.0
1766.0	4.0
1767.0	1.0
1768.0	2.0
1769.0	1.0
1770.0	1.0
1771.0	1.0
1773.0	1.0
1774.0	1.0
1775.0	3.0
1776.0	3.0
1777.0	2.0
1778.0	1.0
1781.0	2.0
1783.0	2.0
1785.0	1.0
1786.0	2.0
1787.0	2.0
1788.0	1.0
1789.0	2.0
1790.0	2.0
1791.0	1.0
1792.0	4.0
1793.0	1.0
1796.0	1.0
1797.0	2.0
1798.0	1.0
1799.0	1.0
1801.0	2.0
1802.0	3.0
1804.0	1.0
1805.0	1.0
1806.0	1.0
1807.0	1.0
1808.0	1.0
1812.0	2.0
1813.0	1.0
1814.0	2.0
1817.0	1.0
1818.0	2.0
1819.0	1.0
1820.0	4.0
1821.0	4.0
1822.0	1.0
1823.0	3.0
1824.0	1.0
1825.0	3.0
1826.0	1.0
1827.0	1.0
1828.0	2.0
1830.0	1.0
1831.0	3.0
1832.0	3.0
1833.0	4.0
1834.0	1.0
1835.0	1.0
1836.0	3.0
1837.0	3.0
1838.0	2.0
1839.0	2.0
1840.0	2.0
1842.0	5.0
1843.0	4.0
1844.0	2.0
1845.0	1.0
1846.0	3.0
1847.0	2.0
1848.0	2.0
1849.0	2.0
1851.0	3.0
1852.0	2.0
1854.0	3.0
1855.0	4.0
1856.0	2.0
1857.0	2.0
1858.0	1.0
1859.0	3.0
1860.0	1.0
1861.0	2.0
1862.0	3.0
1863.0	3.0
1864.0	2.0
1867.0	1.0
1868.0	2.0
1869.0	3.0
1871.0	1.0
1872.0	1.0
1873.0	3.0
1874.0	2.0
1875.0	1.0
1878.0	1.0
1879.0	4.0
1880.0	1.0
1881.0	1.0
1882.0	2.0
1883.0	3.0
1884.0	2.0
1885.0	3.0
1886.0	1.0
1888.0	5.0
1889.0	1.0
1891.0	2.0
1892.0	1.0
1893.0	2.0
1894.0	3.0
1896.0	4.0
1897.0	3.0
1898.0	5.0
1900.0	1.0
1901.0	1.0
1902.0	1.0
1903.0	3.0
1905.0	1.0
1906.0	2.0
1907.0	1.0
1908.0	1.0
1909.0	2.0
1910.0	2.0
1911.0	1.0
1912.0	1.0
1913.0	5.0
1914.0	2.0
1915.0	1.0
1916.0	4.0
1917.0	24.0
1918.0	2.0
1919.0	2.0
1920.0	1.0
1921.0	4.0
1922.0	1.0
1923.0	2.0
1925.0	3.0
1926.0	1.0
1927.0	2.0
1929.0	3.0
1930.0	1.0
1931.0	1.0
1932.0	1.0
1933.0	3.0
1934.0	1.0
1935.0	4.0
1936.0	1.0
1939.0	2.0
1940.0	4.0
1941.0	1.0
1942.0	3.0
1943.0	2.0
1944.0	5.0
1945.0	7.0
1946.0	5.0
1947.0	2.0
1948.0	7.0
1949.0	6.0
1950.0	4.0
1951.0	1.0
1952.0	1.0
1953.0	4.0
1954.0	1.0
1955.0	3.0
1957.0	2.0
1958.0	4.0
1959.0	4.0
1960.0	1.0
1961.0	3.0
1962.0	5.0
1963.0	7.0
1964.0	3.0
1965.0	1.0
1966.0	2.0
1967.0	1.0
1968.0	2.0
1969.0	1.0
1971.0	3.0
1972.0	2.0
1974.0	1.0
1976.0	1.0
1978.0	2.0
1980.0	1.0
1981.0	1.0
1982.0	2.0
1983.0	2.0
1984.0	2.0
1985.0	6.0
1987.0	4.0
1988.0	3.0
1989.0	2.0
1990.0	1.0
1991.0	2.0
1992.0	1.0
1994.0	3.0
1995.0	1.0
1996.0	1.0
1998.0	1.0
1999.0	3.0
2000.0	2.0
2001.0	1.0
2002.0	6.0
2004.0	3.0
2005.0	2.0
2006.0	1.0
2009.0	3.0
2010.0	1.0
2011.0	2.0
2012.0	3.0
2014.0	1.0
2015.0	1.0
2016.0	4.0
2017.0	2.0
2018.0	4.0
2019.0	1.0
2020.0	3.0
2021.0	1.0
2022.0	2.0
2024.0	1.0
2025.0	3.0
2026.0	2.0
2027.0	4.0
2028.0	1.0
2030.0	1.0
2031.0	2.0
2032.0	2.0
2034.0	4.0
2035.0	4.0
2036.0	1.0
2037.0	1.0
2039.0	2.0
2040.0	3.0
2041.0	1.0
2042.0	2.0
2044.0	1.0
2045.0	2.0
2046.0	2.0
2047.0	2.0
2048.0	3.0
2049.0	1.0
2051.0	4.0
2052.0	2.0
2054.0	1.0
2055.0	2.0
2056.0	1.0
2058.0	1.0
2059.0	3.0
2060.0	2.0
2061.0	2.0
2063.0	2.0
2064.0	2.0
2065.0	3.0
2066.0	1.0
2067.0	1.0
2068.0	1.0
2069.0	2.0
2070.0	3.0
2071.0	1.0
2072.0	1.0
2075.0	3.0
2076.0	1.0
2078.0	2.0
2079.0	1.0
2082.0	1.0
2083.0	1.0
2084.0	1.0
2086.0	1.0
2087.0	1.0
2089.0	1.0
2091.0	1.0
2092.0	1.0
2093.0	2.0
2095.0	2.0
2096.0	1.0
2098.0	2.0
2103.0	3.0
2105.0	1.0
2106.0	1.0
2108.0	3.0
2110.0	1.0
2111.0	2.0
2112.0	2.0
2115.0	2.0
2116.0	1.0
2118.0	2.0
2120.0	2.0
2121.0	3.0
2122.0	1.0
2123.0	1.0
2124.0	2.0
2126.0	2.0
2129.0	2.0
2130.0	1.0
2131.0	1.0
2132.0	1.0
2133.0	1.0
2134.0	3.0
2135.0	1.0
2136.0	1.0
2137.0	1.0
2139.0	1.0
2141.0	2.0
2142.0	1.0
2143.0	2.0
2144.0	1.0
2145.0	1.0
2146.0	2.0
2147.0	1.0
2149.0	3.0
2155.0	2.0
2157.0	2.0
2158.0	1.0
2162.0	2.0
2164.0	1.0
2165.0	1.0
2166.0	1.0
2167.0	1.0
2168.0	2.0
2169.0	1.0
2171.0	1.0
2172.0	1.0
2173.0	3.0
2175.0	1.0
2176.0	1.0
2178.0	1.0
2181.0	3.0
2182.0	1.0
2183.0	1.0
2185.0	1.0
2186.0	1.0
2189.0	2.0
2193.0	1.0
2194.0	3.0
2195.0	2.0
2196.0	2.0
2198.0	3.0
2200.0	3.0
2203.0	1.0
2204.0	1.0
2207.0	1.0
2208.0	1.0
2209.0	1.0
2210.0	2.0
2211.0	1.0
2213.0	2.0
2214.0	2.0
2216.0	1.0
2217.0	1.0
2218.0	1.0
2219.0	1.0
2220.0	1.0
2222.0	4.0
2224.0	2.0
2225.0	2.0
2226.0	1.0
2229.0	2.0
2230.0	2.0
2231.0	1.0
2238.0	1.0
2239.0	1.0
2242.0	1.0
2243.0	1.0
2244.0	2.0
2245.0	2.0
2249.0	2.0
2250.0	1.0
2251.0	2.0
2254.0	1.0
2255.0	1.0
2256.0	3.0
2257.0	3.0
2260.0	1.0
2261.0	2.0
2263.0	2.0
2264.0	1.0
2265.0	1.0
2266.0	3.0
2267.0	1.0
2268.0	2.0
2271.0	1.0
2272.0	3.0
2273.0	2.0
2275.0	2.0
2278.0	1.0
2279.0	3.0
2280.0	4.0
2283.0	1.0
2285.0	1.0
2289.0	3.0
2290.0	3.0
2291.0	1.0
2293.0	2.0
2294.0	1.0
2295.0	1.0
2298.0	1.0
2299.0	1.0
2300.0	2.0
2302.0	1.0
2303.0	1.0
2304.0	1.0
2305.0	1.0
2306.0	1.0
2307.0	2.0
2308.0	1.0
2309.0	1.0
2312.0	1.0
2314.0	1.0
2316.0	4.0
2318.0	3.0
2319.0	1.0
2321.0	4.0
2322.0	1.0
2323.0	2.0
2324.0	1.0
2325.0	1.0
2326.0	3.0
2327.0	1.0
2328.0	2.0
2329.0	1.0
2330.0	4.0
2332.0	1.0
2333.0	1.0
2335.0	1.0
2336.0	2.0
2337.0	1.0
2338.0	2.0
2339.0	6.0
2341.0	2.0
2342.0	1.0
2343.0	1.0
2344.0	3.0
2345.0	1.0
2346.0	1.0
2347.0	2.0
2348.0	2.0
2349.0	2.0
2350.0	2.0
2351.0	1.0
2352.0	1.0
2353.0	1.0
2359.0	1.0
2360.0	3.0
2361.0	2.0
2362.0	2.0
2365.0	1.0
2366.0	1.0
2368.0	1.0
2369.0	3.0
2371.0	1.0
2372.0	1.0
2373.0	3.0
2374.0	3.0
2375.0	4.0
2376.0	12.0
2377.0	2.0
2380.0	1.0
2381.0	2.0
2382.0	1.0
2383.0	2.0
2385.0	1.0
2386.0	1.0
2387.0	1.0
2388.0	2.0
2390.0	2.0
2391.0	1.0
2392.0	4.0
2393.0	1.0
2394.0	5.0
2396.0	2.0
2397.0	2.0
2398.0	1.0
2399.0	1.0
2400.0	1.0
2401.0	2.0
2402.0	2.0
2403.0	1.0
2404.0	2.0
2405.0	3.0
2408.0	1.0
2409.0	1.0
2410.0	3.0
2411.0	2.0
2412.0	1.0
2413.0	2.0
2415.0	1.0
2416.0	1.0
2417.0	1.0
2419.0	1.0
2421.0	1.0
2423.0	1.0
2425.0	1.0
2427.0	1.0
2428.0	2.0
2429.0	1.0
2430.0	1.0
2431.0	3.0
2432.0	3.0
2433.0	2.0
2434.0	1.0
2435.0	1.0
2437.0	2.0
2438.0	3.0
2440.0	7.0
2441.0	1.0
2442.0	3.0
2443.0	2.0
2444.0	2.0
2445.0	2.0
2447.0	1.0
2449.0	2.0
2450.0	1.0
2451.0	1.0
2452.0	1.0
2453.0	1.0
2455.0	1.0
2456.0	1.0
2457.0	2.0
2460.0	1.0
2461.0	1.0
2463.0	1.0
2465.0	1.0
2466.0	1.0
2468.0	1.0
2469.0	2.0
2470.0	1.0
2471.0	2.0
2472.0	1.0
2475.0	2.0
2478.0	1.0
2479.0	2.0
2480.0	1.0
2481.0	3.0
2483.0	2.0
2485.0	1.0
2488.0	1.0
2489.0	3.0
2490.0	1.0
2491.0	1.0
2492.0	2.0
2494.0	1.0
2495.0	1.0
2496.0	2.0
2497.0	2.0
2498.0	4.0
2499.0	1.0
2501.0	2.0
2502.0	1.0
2503.0	2.0
2505.0	1.0
2506.0	1.0
2507.0	1.0
2508.0	4.0
2509.0	3.0
2511.0	1.0
2515.0	1.0
2517.0	2.0
2518.0	3.0
2519.0	2.0
2520.0	2.0
2525.0	1.0
2526.0	1.0
2528.0	1.0
2530.0	1.0
2531.0	1.0
2532.0	3.0
2533.0	1.0
2534.0	1.0
2535.0	2.0
2537.0	3.0
2539.0	1.0
2540.0	4.0
2541.0	1.0
2542.0	1.0
2543.0	2.0
2544.0	1.0
2546.0	4.0
2548.0	1.0
2549.0	1.0
2550.0	1.0
2551.0	1.0
2554.0	1.0
2555.0	1.0
2556.0	1.0
2557.0	3.0
2558.0	1.0
2559.0	1.0
2562.0	1.0
2564.0	3.0
2565.0	2.0
2566.0	1.0
2569.0	2.0
2571.0	1.0
2572.0	1.0
2573.0	1.0
2574.0	2.0
2576.0	1.0
2578.0	1.0
2579.0	1.0
2581.0	1.0
2583.0	2.0
2585.0	2.0
2586.0	2.0
2588.0	3.0
2590.0	1.0
2591.0	1.0
2592.0	2.0
2594.0	1.0
2595.0	1.0
2597.0	2.0
2598.0	1.0
2599.0	3.0
2600.0	4.0
2602.0	1.0
2603.0	2.0
2605.0	1.0
2606.0	2.0
2609.0	2.0
2610.0	2.0
2612.0	1.0
2615.0	4.0
2616.0	1.0
2617.0	2.0
2618.0	3.0
2619.0	1.0
2620.0	3.0
2623.0	2.0
2624.0	2.0
2625.0	3.0
2626.0	1.0
2628.0	1.0
2631.0	1.0
2633.0	2.0
2634.0	1.0
2636.0	1.0
2637.0	4.0
2639.0	1.0
2640.0	1.0
2643.0	4.0
2644.0	1.0
2645.0	2.0
2648.0	2.0
2649.0	2.0
2651.0	1.0
2653.0	1.0
2654.0	1.0
2656.0	1.0
2657.0	3.0
2658.0	1.0
2659.0	3.0
2661.0	3.0
2663.0	1.0
2665.0	1.0
2666.0	3.0
2667.0	3.0
2673.0	2.0
2674.0	1.0
2675.0	2.0
2676.0	2.0
2677.0	1.0
2680.0	1.0
2682.0	1.0
2683.0	2.0
2685.0	4.0
2686.0	2.0
2688.0	1.0
2689.0	2.0
2690.0	1.0
2691.0	2.0
2692.0	1.0
2693.0	2.0
2694.0	3.0
2696.0	1.0
2697.0	1.0
2698.0	1.0
2702.0	1.0
2704.0	2.0
2705.0	4.0
2707.0	2.0
2708.0	1.0
2709.0	1.0
2710.0	3.0
2711.0	5.0
2712.0	1.0
2714.0	4.0
2715.0	1.0
2717.0	1.0
2718.0	2.0
2719.0	1.0
2720.0	2.0
2722.0	1.0
2723.0	1.0
2724.0	1.0
2725.0	1.0
2726.0	1.0
2727.0	1.0
2729.0	1.0
2731.0	1.0
2732.0	3.0
2733.0	1.0
2734.0	1.0
2735.0	1.0
2737.0	1.0
2738.0	1.0
2739.0	2.0
2741.0	1.0
2746.0	3.0
2747.0	2.0
2748.0	1.0
2749.0	2.0
2750.0	4.0
2751.0	2.0
2752.0	3.0
2754.0	3.0
2755.0	3.0
2756.0	3.0
2758.0	1.0
2759.0	1.0
2761.0	2.0
2762.0	6.0
2763.0	4.0
2764.0	5.0
2765.0	2.0
2766.0	2.0
2770.0	1.0
2771.0	1.0
2772.0	2.0
2773.0	1.0
2775.0	4.0
2777.0	3.0
2778.0	2.0
2779.0	1.0
2780.0	2.0
2782.0	1.0
2783.0	1.0
2785.0	1.0
2786.0	2.0
2787.0	2.0
2789.0	1.0
2791.0	1.0
2792.0	2.0
2794.0	1.0
2795.0	1.0
2798.0	3.0
2801.0	3.0
2803.0	2.0
2804.0	3.0
2805.0	1.0
2808.0	1.0
2809.0	1.0
2812.0	1.0
2813.0	1.0
2814.0	1.0
2815.0	1.0
2818.0	2.0
2819.0	1.0
2820.0	2.0
2821.0	1.0
2822.0	3.0
2823.0	1.0
2824.0	2.0
2825.0	1.0
2826.0	2.0
2828.0	1.0
2829.0	1.0
2830.0	2.0
2833.0	1.0
2834.0	2.0
2836.0	1.0
2837.0	1.0
2840.0	3.0
2845.0	1.0
2847.0	1.0
2848.0	3.0
2850.0	2.0
2851.0	1.0
2855.0	2.0
2856.0	2.0
2857.0	1.0
2859.0	1.0
2860.0	1.0
2862.0	2.0
2863.0	2.0
2864.0	1.0
2869.0	2.0
2870.0	1.0
2871.0	2.0
2873.0	1.0
2874.0	1.0
2876.0	1.0
2877.0	1.0
2878.0	1.0
2881.0	1.0
2882.0	2.0
2884.0	1.0
2885.0	2.0
2887.0	3.0
2890.0	2.0
2896.0	1.0
2897.0	1.0
2899.0	1.0
2901.0	2.0
2902.0	1.0
2906.0	1.0
2907.0	2.0
2909.0	1.0
2911.0	1.0
2912.0	1.0
2914.0	1.0
2916.0	3.0
2918.0	3.0
2919.0	1.0
2921.0	1.0
2922.0	1.0
2924.0	1.0
2925.0	1.0
2927.0	1.0
2930.0	2.0
2931.0	1.0
2932.0	1.0
2933.0	1.0
2935.0	2.0
2936.0	2.0
2940.0	4.0
2941.0	2.0
2942.0	1.0
2943.0	1.0
2944.0	1.0
2945.0	1.0
2946.0	1.0
2948.0	5.0
2950.0	1.0
2951.0	1.0
2953.0	3.0
2954.0	1.0
2955.0	1.0
2957.0	2.0
2958.0	1.0
2960.0	1.0
2961.0	1.0
2962.0	2.0
2965.0	3.0
2969.0	1.0
2971.0	1.0
2972.0	1.0
2973.0	1.0
2974.0	2.0
2975.0	1.0
2976.0	2.0
2978.0	1.0
2979.0	1.0
2980.0	1.0
2981.0	1.0
2982.0	1.0
2983.0	1.0
2986.0	2.0
2987.0	2.0
2988.0	1.0
2990.0	3.0
2996.0	1.0
2997.0	1.0
2998.0	1.0
3000.0	1.0
3001.0	2.0
3002.0	1.0
3003.0	1.0
3005.0	1.0
3006.0	2.0
3007.0	1.0
3008.0	1.0
3009.0	1.0
3010.0	2.0
3011.0	1.0
3012.0	1.0
3014.0	3.0
3016.0	1.0
3019.0	2.0
3022.0	1.0
3024.0	1.0
3025.0	1.0
3026.0	2.0
3028.0	1.0
3029.0	1.0
3030.0	3.0
3031.0	2.0
3032.0	1.0
3033.0	1.0
3035.0	1.0
3036.0	1.0
3037.0	3.0
3038.0	2.0
3039.0	2.0
3040.0	3.0
3041.0	1.0
3043.0	1.0
3044.0	1.0
3046.0	1.0
3047.0	1.0
3048.0	1.0
3050.0	1.0
3052.0	2.0
3053.0	1.0
3054.0	1.0
3055.0	2.0
3058.0	2.0
3059.0	1.0
3060.0	1.0
3061.0	3.0
3062.0	4.0
3063.0	1.0
3064.0	1.0
3065.0	1.0
3067.0	1.0
3068.0	2.0
3069.0	4.0
3070.0	2.0
3071.0	2.0
3073.0	5.0
3074.0	2.0
3076.0	2.0
3078.0	4.0
3081.0	1.0
3082.0	1.0
3083.0	3.0
3084.0	2.0
3086.0	1.0
3088.0	1.0
3093.0	1.0
3095.0	2.0
3096.0	2.0
3097.0	2.0
3098.0	2.0
3100.0	3.0
3101.0	3.0
3102.0	1.0
3103.0	2.0
3104.0	1.0
3106.0	4.0
3107.0	1.0
3109.0	1.0
3111.0	1.0
3113.0	1.0
3114.0	1.0
3116.0	1.0
3118.0	2.0
3120.0	1.0
3122.0	1.0
3123.0	3.0
3124.0	1.0
3125.0	1.0
3126.0	1.0
3129.0	3.0
3132.0	1.0
3133.0	2.0
3139.0	2.0
3140.0	4.0
3141.0	2.0
3154.0	3.0
3155.0	1.0
3159.0	1.0
3160.0	1.0
3161.0	4.0
3162.0	3.0
3167.0	3.0
3168.0	2.0
3169.0	4.0
3171.0	1.0
3174.0	3.0
3177.0	1.0
3178.0	1.0
3179.0	1.0
3180.0	1.0
3182.0	2.0
3183.0	1.0
3186.0	1.0
3187.0	1.0
3188.0	1.0
3189.0	1.0
3190.0	1.0
3191.0	1.0
3194.0	1.0
3195.0	1.0
3196.0	1.0
3198.0	1.0
3200.0	1.0
3201.0	1.0
3202.0	2.0
3205.0	1.0
3208.0	1.0
3209.0	1.0
3210.0	1.0
3212.0	3.0
3213.0	2.0
3214.0	1.0
3215.0	2.0
3216.0	1.0
3217.0	4.0
3219.0	2.0
3220.0	1.0
3222.0	4.0
3223.0	2.0
3225.0	1.0
3226.0	1.0
3228.0	3.0
3229.0	1.0
3231.0	1.0
3234.0	3.0
3235.0	2.0
3237.0	1.0
3238.0	3.0
3240.0	1.0
3243.0	2.0
3244.0	2.0
3245.0	1.0
3246.0	3.0
3247.0	2.0
3250.0	1.0
3251.0	2.0
3252.0	1.0
3253.0	1.0
3255.0	2.0
3256.0	2.0
3259.0	1.0
3262.0	2.0
3263.0	1.0
3266.0	1.0
3267.0	1.0
3269.0	1.0
3270.0	1.0
3273.0	2.0
3274.0	1.0
3276.0	2.0
3277.0	1.0
3280.0	3.0
3283.0	2.0
3285.0	2.0
3286.0	1.0
3287.0	3.0
3288.0	2.0
3295.0	3.0
3296.0	1.0
3297.0	1.0
3298.0	2.0
3299.0	2.0
3301.0	2.0
3303.0	1.0
3304.0	3.0
3306.0	1.0
3307.0	2.0
3308.0	1.0
3309.0	1.0
3311.0	3.0
3315.0	2.0
3316.0	3.0
3317.0	1.0
3318.0	2.0
3321.0	1.0
3322.0	2.0
3324.0	1.0
3325.0	1.0
3328.0	2.0
3329.0	3.0
3333.0	1.0
3336.0	1.0
3337.0	1.0
3338.0	1.0
3339.0	2.0
3340.0	2.0
3341.0	2.0
3342.0	1.0
3343.0	2.0
3344.0	1.0
3345.0	3.0
3346.0	1.0
3348.0	1.0
3350.0	1.0
3351.0	2.0
3352.0	1.0
3354.0	3.0
3356.0	1.0
3358.0	2.0
3359.0	1.0
3360.0	1.0
3362.0	1.0
3366.0	1.0
3367.0	1.0
3369.0	2.0
3370.0	1.0
3371.0	1.0
3374.0	1.0
3375.0	1.0
3376.0	2.0
3379.0	2.0
3381.0	2.0
3383.0	1.0
3384.0	1.0
3386.0	1.0
3387.0	3.0
3388.0	3.0
3389.0	3.0
3390.0	2.0
3391.0	1.0
3392.0	2.0
3393.0	3.0
3395.0	1.0
3398.0	4.0
3399.0	2.0
3400.0	2.0
3402.0	1.0
3403.0	1.0
3406.0	1.0
3408.0	1.0
3409.0	1.0
3410.0	4.0
3411.0	2.0
3414.0	2.0
3415.0	1.0
3417.0	2.0
3418.0	2.0
3421.0	1.0
3424.0	1.0
3426.0	1.0
3427.0	2.0
3432.0	1.0
3435.0	1.0
3436.0	2.0
3438.0	4.0
3439.0	1.0
3440.0	1.0
3443.0	1.0
3446.0	1.0
3447.0	1.0
3449.0	2.0
3450.0	1.0
3451.0	1.0
3454.0	1.0
3455.0	1.0
3456.0	1.0
3458.0	2.0
3459.0	1.0
3462.0	1.0
3463.0	1.0
3464.0	2.0
3465.0	3.0
3467.0	4.0
3469.0	1.0
3474.0	1.0
3475.0	1.0
3476.0	1.0
3478.0	1.0
3479.0	1.0
3480.0	2.0
3485.0	1.0
3487.0	1.0
3488.0	1.0
3489.0	1.0
3490.0	3.0
3491.0	2.0
3492.0	1.0
3494.0	3.0
3495.0	3.0
3496.0	1.0
3497.0	1.0
3498.0	3.0
3500.0	1.0
3501.0	2.0
3503.0	1.0
3504.0	1.0
3505.0	1.0
3506.0	1.0
3507.0	1.0
3508.0	1.0
3512.0	1.0
3515.0	1.0
3516.0	2.0
3517.0	3.0
3520.0	1.0
3525.0	2.0
3526.0	1.0
3527.0	3.0
3528.0	1.0
3530.0	1.0
3531.0	2.0
3533.0	1.0
3534.0	1.0
3537.0	1.0
3538.0	1.0
3540.0	1.0
3541.0	1.0
3542.0	2.0
3544.0	1.0
3546.0	1.0
3549.0	1.0
3550.0	2.0
3552.0	2.0
3556.0	1.0
3557.0	1.0
3559.0	1.0
3560.0	2.0
3561.0	2.0
3562.0	1.0
3563.0	2.0
3564.0	1.0
3565.0	1.0
3569.0	1.0
3570.0	1.0
3571.0	1.0
3572.0	1.0
3574.0	1.0
3575.0	1.0
3577.0	1.0
3579.0	2.0
3580.0	2.0
3583.0	1.0
3584.0	1.0
3586.0	1.0
3587.0	1.0
3591.0	2.0
3592.0	1.0
3600.0	2.0
3601.0	1.0
3603.0	1.0
3604.0	2.0
3605.0	1.0
3606.0	1.0
3610.0	1.0
3611.0	1.0
3617.0	3.0
3619.0	2.0
3621.0	1.0
3623.0	1.0
3624.0	2.0
3625.0	1.0
3626.0	2.0
3627.0	1.0
3629.0	1.0
3632.0	2.0
3634.0	1.0
3638.0	1.0
3639.0	1.0
3642.0	1.0
3643.0	2.0
3645.0	1.0
3649.0	1.0
3650.0	1.0
3651.0	1.0
3652.0	3.0
3654.0	1.0
3655.0	2.0
3658.0	1.0
3659.0	1.0
3661.0	1.0
3666.0	3.0
3669.0	2.0
3672.0	1.0
3674.0	2.0
3676.0	4.0
3677.0	1.0
3679.0	1.0
3686.0	1.0
3688.0	3.0
3689.0	1.0
3690.0	1.0
3692.0	1.0
3693.0	1.0
3695.0	3.0
3697.0	1.0
3698.0	1.0
3701.0	2.0
3703.0	1.0
3704.0	1.0
3705.0	2.0
3707.0	1.0
3708.0	3.0
3709.0	1.0
3710.0	1.0
3711.0	1.0
3713.0	2.0
3715.0	1.0
3717.0	1.0
3719.0	1.0
3721.0	2.0
3722.0	1.0
3723.0	2.0
3724.0	1.0
3726.0	2.0
3729.0	3.0
3731.0	1.0
3732.0	1.0
3733.0	1.0
3734.0	4.0
3735.0	2.0
3736.0	1.0
3737.0	1.0
3738.0	1.0
3739.0	1.0
3740.0	2.0
3746.0	3.0
3747.0	1.0
3748.0	1.0
3752.0	2.0
3755.0	2.0
3756.0	1.0
3759.0	1.0
3760.0	2.0
3761.0	2.0
3764.0	1.0
3766.0	2.0
3767.0	1.0
3768.0	2.0
3770.0	1.0
3771.0	1.0
3772.0	1.0
3773.0	1.0
3774.0	1.0
3775.0	1.0
3776.0	1.0
3777.0	3.0
3778.0	3.0
3779.0	1.0
3780.0	1.0
3781.0	2.0
3782.0	3.0
3784.0	1.0
3785.0	1.0
3789.0	1.0
3790.0	1.0
3792.0	1.0
3794.0	1.0
3796.0	1.0
3797.0	2.0
3799.0	2.0
3800.0	1.0
3803.0	1.0
3804.0	1.0
3806.0	2.0
3808.0	1.0
3809.0	2.0
3810.0	1.0
3811.0	2.0
3812.0	1.0
3818.0	1.0
3819.0	1.0
3820.0	3.0
3821.0	1.0
3823.0	2.0
3825.0	1.0
3828.0	1.0
3829.0	1.0
3831.0	4.0
3832.0	1.0
3833.0	1.0
3834.0	1.0
3835.0	1.0
3837.0	2.0
3839.0	2.0
3840.0	1.0
3842.0	1.0
3843.0	3.0
3845.0	1.0
3846.0	2.0
3848.0	2.0
3849.0	1.0
3850.0	1.0
3851.0	1.0
3852.0	1.0
3853.0	2.0
3854.0	2.0
3855.0	1.0
3856.0	3.0
3857.0	1.0
3862.0	2.0
3863.0	4.0
3864.0	3.0
3866.0	1.0
3868.0	3.0
3869.0	1.0
3871.0	1.0
3872.0	2.0
3873.0	2.0
3875.0	2.0
3876.0	3.0
3877.0	2.0
3879.0	1.0
3880.0	2.0
3881.0	3.0
3882.0	2.0
3883.0	2.0
3884.0	2.0
3885.0	2.0
3887.0	3.0
3888.0	1.0
3889.0	2.0
3890.0	1.0
3891.0	1.0
3893.0	1.0
3894.0	2.0
3897.0	1.0
3898.0	2.0
3902.0	1.0
3903.0	2.0
3904.0	1.0
3906.0	2.0
3907.0	2.0
3908.0	1.0
3909.0	1.0
3910.0	1.0
3911.0	1.0
3913.0	4.0
3914.0	2.0
3915.0	1.0
3916.0	2.0
3918.0	1.0
3920.0	2.0
3921.0	1.0
3922.0	3.0
3923.0	1.0
3924.0	1.0
3925.0	2.0
3926.0	1.0
3927.0	2.0
3930.0	1.0
3931.0	1.0
3933.0	1.0
3934.0	2.0
3935.0	2.0
3936.0	1.0
3938.0	4.0
3939.0	1.0
3940.0	1.0
3941.0	4.0
3942.0	1.0
3945.0	1.0
3948.0	1.0
3950.0	1.0
3952.0	1.0
3953.0	3.0
3954.0	1.0
3955.0	2.0
3956.0	2.0
3957.0	4.0
3958.0	2.0
3963.0	1.0
3965.0	1.0
3968.0	2.0
3971.0	1.0
3973.0	2.0
3974.0	1.0
3975.0	1.0
3976.0	1.0
3978.0	1.0
3979.0	2.0
3982.0	3.0
3987.0	1.0
3993.0	1.0
3996.0	1.0
3997.0	1.0
3998.0	1.0
4000.0	1.0
4001.0	1.0
4003.0	1.0
4012.0	3.0
4014.0	1.0
4016.0	1.0
4017.0	4.0
4018.0	2.0
4019.0	1.0
4020.0	1.0
4025.0	2.0
4028.0	1.0
4029.0	2.0
4031.0	2.0
4032.0	2.0
4033.0	2.0
4034.0	1.0
4036.0	2.0
4037.0	1.0
4041.0	3.0
4042.0	1.0
4046.0	1.0
4047.0	1.0
4049.0	2.0
4050.0	3.0
4051.0	1.0
4052.0	1.0
4053.0	2.0
4054.0	1.0
4055.0	2.0
4058.0	4.0
4059.0	1.0
4060.0	1.0
4061.0	2.0
4062.0	1.0
4064.0	1.0
4065.0	3.0
4067.0	3.0
4068.0	5.0
4069.0	2.0
4070.0	2.0
4071.0	1.0
4072.0	2.0
4073.0	2.0
4074.0	1.0
4075.0	2.0
4076.0	3.0
4080.0	1.0
4081.0	2.0
4083.0	1.0
4084.0	2.0
4085.0	2.0
4087.0	1.0
4088.0	1.0
4089.0	1.0
4093.0	1.0
4096.0	2.0
4097.0	1.0
4102.0	2.0
4105.0	1.0
4107.0	1.0
4108.0	2.0
4109.0	1.0
4115.0	3.0
4120.0	3.0
4121.0	1.0
4123.0	1.0
4124.0	1.0
4125.0	1.0
4126.0	2.0
4127.0	2.0
4128.0	3.0
4129.0	2.0
4132.0	1.0
4133.0	3.0
4134.0	1.0
4136.0	1.0
4138.0	2.0
4140.0	4.0
4142.0	1.0
4145.0	2.0
4147.0	1.0
4148.0	3.0
4149.0	1.0
4150.0	2.0
4154.0	1.0
4155.0	2.0
4157.0	1.0
4158.0	1.0
4159.0	1.0
4160.0	4.0
4161.0	3.0
4162.0	2.0
4163.0	4.0
4164.0	1.0
4165.0	1.0
4166.0	3.0
4167.0	2.0
4168.0	4.0
4169.0	2.0
4170.0	2.0
4171.0	4.0
4172.0	2.0
4173.0	1.0
4175.0	2.0
4176.0	1.0
4177.0	1.0
4178.0	3.0
4179.0	1.0
4180.0	2.0
4182.0	1.0
4183.0	5.0
4184.0	4.0
4186.0	1.0
4188.0	3.0
4189.0	6.0
4190.0	1.0
4191.0	2.0
4192.0	1.0
4193.0	3.0
4197.0	1.0
4199.0	1.0
4200.0	1.0
4201.0	1.0
4202.0	1.0
4203.0	1.0
4205.0	1.0
4206.0	1.0
4208.0	1.0
4209.0	1.0
4210.0	1.0
4211.0	1.0
4213.0	1.0
4216.0	1.0
4218.0	1.0
4220.0	1.0
4221.0	1.0
4224.0	5.0
4226.0	2.0
4227.0	1.0
4228.0	1.0
4230.0	1.0
4231.0	2.0
4232.0	1.0
4233.0	1.0
4235.0	1.0
4238.0	2.0
4239.0	1.0
4240.0	1.0
4248.0	1.0
4250.0	1.0
4251.0	1.0
4252.0	2.0
4253.0	3.0
4254.0	2.0
4255.0	1.0
4256.0	1.0
4258.0	1.0
4259.0	4.0
4262.0	1.0
4266.0	1.0
4267.0	1.0
4268.0	1.0
4271.0	2.0
4272.0	1.0
4276.0	2.0
4280.0	1.0
4281.0	1.0
4282.0	1.0
4285.0	2.0
4287.0	1.0
4289.0	1.0
4290.0	1.0
4292.0	1.0
4297.0	1.0
4302.0	1.0
4303.0	2.0
4305.0	1.0
4307.0	2.0
4308.0	2.0
4309.0	1.0
4310.0	2.0
4311.0	1.0
4312.0	1.0
4313.0	1.0
4314.0	1.0
4315.0	1.0
4317.0	1.0
4319.0	1.0
4321.0	1.0
4322.0	3.0
4323.0	3.0
4324.0	1.0
4325.0	1.0
4326.0	1.0
4330.0	1.0
4331.0	1.0
4337.0	1.0
4338.0	1.0
4345.0	3.0
4349.0	2.0
4351.0	1.0
4356.0	1.0
4360.0	2.0
4361.0	1.0
4365.0	2.0
4366.0	1.0
4368.0	1.0
4369.0	1.0
4371.0	1.0
4375.0	2.0
4379.0	1.0
4382.0	1.0
4384.0	1.0
4385.0	1.0
4386.0	1.0
4387.0	1.0
4390.0	1.0
4393.0	2.0
4394.0	1.0
4395.0	1.0
4398.0	1.0
4400.0	1.0
4402.0	1.0
4403.0	1.0
4405.0	1.0
4408.0	1.0
4410.0	1.0
4412.0	1.0
4423.0	1.0
4424.0	2.0
4431.0	1.0
4432.0	1.0
4433.0	1.0
4434.0	1.0
4435.0	1.0
4436.0	1.0
4442.0	2.0
4447.0	2.0
4448.0	1.0
4450.0	1.0
4451.0	1.0
4458.0	1.0
4461.0	1.0
4462.0	1.0
4464.0	1.0
4469.0	1.0
4470.0	1.0
4475.0	1.0
4477.0	1.0
4479.0	1.0
4481.0	2.0
4482.0	1.0
4483.0	3.0
4488.0	1.0
4491.0	1.0
4492.0	1.0
4496.0	1.0
4504.0	2.0
4507.0	1.0
4509.0	1.0
4510.0	2.0
4518.0	2.0
4524.0	1.0
4525.0	1.0
4526.0	1.0
4527.0	1.0
4529.0	1.0
4533.0	1.0
4534.0	1.0
4535.0	1.0
4536.0	1.0
4538.0	1.0
4540.0	1.0
4541.0	1.0
4542.0	1.0
4545.0	1.0
4547.0	1.0
4548.0	1.0
4550.0	1.0
4552.0	2.0
4554.0	1.0
4555.0	2.0
4557.0	2.0
4561.0	1.0
4563.0	1.0
4564.0	2.0
4565.0	1.0
4568.0	1.0
4569.0	2.0
4570.0	1.0
4572.0	1.0
4579.0	1.0
4582.0	3.0
4583.0	2.0
4591.0	1.0
4592.0	1.0
4595.0	1.0
4600.0	1.0
4605.0	2.0
4606.0	1.0
4608.0	2.0
4611.0	1.0
4615.0	2.0
4618.0	1.0
4622.0	1.0
4627.0	1.0
4633.0	1.0
4637.0	1.0
4649.0	2.0
4652.0	1.0
4655.0	1.0
4658.0	1.0
4669.0	1.0
4671.0	1.0
4678.0	1.0
4681.0	3.0
4686.0	3.0
4691.0	1.0
4692.0	1.0
4694.0	1.0
4697.0	1.0
4701.0	2.0
4703.0	1.0
4706.0	1.0
4709.0	1.0
4711.0	1.0
4712.0	1.0
4714.0	2.0
4721.0	1.0
4725.0	1.0
4727.0	1.0
4729.0	1.0
4734.0	2.0
4736.0	1.0
4741.0	1.0
4743.0	2.0
4745.0	1.0
4747.0	2.0
4749.0	1.0
4754.0	1.0
4758.0	1.0
4761.0	1.0
4762.0	1.0
4771.0	1.0
4786.0	1.0
4787.0	1.0
4792.0	1.0
4794.0	1.0
4795.0	1.0
4801.0	1.0
4808.0	2.0
4813.0	1.0
4815.0	1.0
4817.0	1.0
4818.0	1.0
4820.0	1.0
4821.0	1.0
4826.0	1.0
4827.0	1.0
4831.0	1.0
4832.0	1.0
4834.0	1.0
4835.0	2.0
4836.0	1.0
4843.0	1.0
4848.0	1.0
4849.0	1.0
4850.0	1.0
4856.0	1.0
4857.0	1.0
4858.0	1.0
4860.0	2.0
4862.0	1.0
4863.0	1.0
4864.0	1.0
4871.0	1.0
4875.0	1.0
4876.0	2.0
4877.0	1.0
4878.0	1.0
4882.0	1.0
4883.0	1.0
4886.0	1.0
4889.0	1.0
4890.0	1.0
4891.0	1.0
4895.0	1.0
4897.0	2.0
4898.0	1.0
4902.0	2.0
4903.0	1.0
4906.0	1.0
4910.0	1.0
4912.0	1.0
4916.0	1.0
4917.0	2.0
4919.0	1.0
4921.0	1.0
4922.0	1.0
4923.0	1.0
4924.0	1.0
4927.0	1.0
4929.0	3.0
4930.0	1.0
4933.0	2.0
4935.0	1.0
4937.0	2.0
4941.0	1.0
4942.0	2.0
4943.0	1.0
4946.0	2.0
4948.0	1.0
4950.0	1.0
4951.0	1.0
4954.0	1.0
4955.0	1.0
4956.0	1.0
4959.0	1.0
4961.0	1.0
4962.0	2.0
4964.0	1.0
4965.0	3.0
4967.0	2.0
4968.0	3.0
4969.0	4.0
4972.0	1.0
4973.0	3.0
4974.0	1.0
4977.0	1.0
4978.0	2.0
4987.0	1.0
4989.0	1.0
4990.0	1.0
4991.0	1.0
4995.0	1.0
4996.0	1.0
5003.0	1.0
5004.0	1.0
5005.0	2.0
5006.0	1.0
5011.0	1.0
5012.0	2.0
5015.0	1.0
5022.0	1.0
5026.0	1.0
5028.0	1.0
5031.0	2.0
5033.0	2.0
5035.0	1.0
5044.0	2.0
5047.0	1.0
5050.0	1.0
5051.0	2.0
5053.0	1.0
5054.0	1.0
5055.0	2.0
5061.0	2.0
5065.0	1.0
5066.0	1.0
5070.0	1.0
5072.0	1.0
5074.0	1.0
5077.0	1.0
5079.0	1.0
5081.0	1.0
5082.0	1.0
5088.0	1.0
5090.0	2.0
5092.0	1.0
5094.0	1.0
5097.0	1.0
5100.0	1.0
5101.0	1.0
5102.0	1.0
5108.0	1.0
5109.0	2.0
5112.0	1.0
5119.0	1.0
5122.0	2.0
5132.0	1.0
5137.0	3.0
5140.0	1.0
5141.0	1.0
5144.0	3.0
5146.0	1.0
5147.0	1.0
5149.0	1.0
5153.0	1.0
5157.0	1.0
5158.0	1.0
5161.0	1.0
5163.0	1.0
5167.0	1.0
5168.0	1.0
5170.0	1.0
5172.0	1.0
5174.0	3.0
5175.0	1.0
5178.0	1.0
5179.0	1.0
5180.0	2.0
5181.0	1.0
5183.0	1.0
5184.0	1.0
5185.0	1.0
5186.0	1.0
5189.0	1.0
5190.0	1.0
5193.0	1.0
5195.0	1.0
5197.0	1.0
5198.0	1.0
5203.0	1.0
5204.0	1.0
5205.0	1.0
5209.0	3.0
5210.0	1.0
5218.0	1.0
5219.0	1.0
5220.0	1.0
5222.0	2.0
5223.0	1.0
5227.0	1.0
5228.0	1.0
5233.0	1.0
5234.0	1.0
5236.0	2.0
5238.0	1.0
5239.0	1.0
5240.0	1.0
5241.0	2.0
5243.0	1.0
5244.0	1.0
5247.0	1.0
5248.0	1.0
5250.0	1.0
5252.0	1.0
5257.0	1.0
5263.0	1.0
5269.0	1.0
5271.0	3.0
5273.0	1.0
5278.0	1.0
5282.0	1.0
5283.0	2.0
5286.0	1.0
5288.0	1.0
5292.0	1.0
5297.0	1.0
5298.0	2.0
5309.0	1.0
5312.0	1.0
5314.0	1.0
5316.0	1.0
5319.0	1.0
5322.0	1.0
5324.0	1.0
5326.0	1.0
5327.0	1.0
5330.0	1.0
5331.0	2.0
5333.0	1.0
5336.0	1.0
5343.0	3.0
5347.0	1.0
5348.0	3.0
5349.0	1.0
5356.0	1.0
5360.0	1.0
5363.0	1.0
5369.0	1.0
5373.0	1.0
5375.0	1.0
5378.0	1.0
5384.0	2.0
5387.0	1.0
5390.0	1.0
5393.0	1.0
5397.0	1.0
5399.0	1.0
5405.0	1.0
5408.0	1.0
5409.0	1.0
5412.0	1.0
5413.0	1.0
5419.0	2.0
5425.0	1.0
5426.0	1.0
5431.0	1.0
5434.0	1.0
5440.0	1.0
5443.0	2.0
5451.0	1.0
5458.0	1.0
5460.0	1.0
5462.0	1.0
5463.0	1.0
5469.0	1.0
5471.0	1.0
5472.0	2.0
5475.0	1.0
5486.0	1.0
5488.0	1.0
5490.0	1.0
5492.0	2.0
5493.0	1.0
5494.0	1.0
5498.0	1.0
5500.0	1.0
5514.0	1.0
5521.0	1.0
5525.0	1.0
5529.0	1.0
5530.0	1.0
5531.0	1.0
5536.0	1.0
5541.0	1.0
5544.0	1.0
5545.0	1.0
5549.0	1.0
5551.0	1.0
5554.0	1.0
5556.0	1.0
5558.0	1.0
5559.0	2.0
5561.0	1.0
5562.0	1.0
5566.0	1.0
5568.0	1.0
5573.0	1.0
5576.0	2.0
5583.0	1.0
5586.0	1.0
5587.0	1.0
5588.0	1.0
5590.0	2.0
5591.0	2.0
5593.0	2.0
5596.0	1.0
5597.0	1.0
5598.0	1.0
5601.0	3.0
5603.0	1.0
5607.0	1.0
5609.0	2.0
5611.0	2.0
5619.0	1.0
5626.0	1.0
5632.0	1.0
5633.0	1.0
5635.0	1.0
5641.0	1.0
5645.0	1.0
5648.0	1.0
5649.0	1.0
5650.0	3.0
5651.0	1.0
5652.0	2.0
5667.0	1.0
5671.0	1.0
5677.0	1.0
5679.0	1.0
5680.0	1.0
5689.0	2.0
5691.0	1.0
5694.0	1.0
5695.0	1.0
5697.0	1.0
5698.0	1.0
5699.0	1.0
5702.0	1.0
5703.0	1.0
5705.0	1.0
5712.0	1.0
5717.0	1.0
5721.0	1.0
5725.0	1.0
5736.0	1.0
5738.0	1.0
5747.0	1.0
5749.0	1.0
5753.0	1.0
5755.0	1.0
5756.0	1.0
5762.0	1.0
5763.0	1.0
5778.0	1.0
5781.0	1.0
5782.0	1.0
5790.0	2.0
5791.0	1.0
5792.0	1.0
5795.0	1.0
5796.0	1.0
5799.0	2.0
5802.0	1.0
5807.0	2.0
5813.0	1.0
5816.0	1.0
5820.0	1.0
5821.0	1.0
5824.0	1.0
5832.0	1.0
5839.0	1.0
5840.0	1.0
5843.0	1.0
5846.0	1.0
5847.0	1.0
5858.0	1.0
5859.0	1.0
5860.0	1.0
5863.0	1.0
5864.0	1.0
5865.0	1.0
5868.0	1.0
5869.0	2.0
5871.0	1.0
5873.0	1.0
5876.0	1.0
5877.0	1.0
5881.0	2.0
5885.0	1.0
5888.0	1.0
5895.0	1.0
5898.0	1.0
5899.0	1.0
5902.0	1.0
5903.0	1.0
5906.0	1.0
5915.0	1.0
5918.0	1.0
5931.0	3.0
5937.0	1.0
5938.0	1.0
5944.0	1.0
5945.0	1.0
5946.0	1.0
5950.0	1.0
5952.0	1.0
5954.0	2.0
5957.0	1.0
5959.0	1.0
5966.0	1.0
5967.0	1.0
5974.0	2.0
5975.0	1.0
5981.0	2.0
5982.0	1.0
5985.0	1.0
5986.0	1.0
5990.0	1.0
5994.0	1.0
6001.0	1.0
6004.0	1.0
6006.0	1.0
6014.0	2.0
6015.0	1.0
6019.0	1.0
6027.0	3.0
6029.0	1.0
6034.0	1.0
6037.0	1.0
6038.0	1.0
6040.0	1.0
6045.0	1.0
6046.0	1.0
6049.0	1.0
6050.0	1.0
6056.0	1.0
6057.0	1.0
6059.0	1.0
6061.0	1.0
6064.0	2.0
6067.0	3.0
6072.0	1.0
6073.0	1.0
6074.0	1.0
6078.0	1.0
6080.0	1.0
6083.0	1.0
6084.0	1.0
6085.0	1.0
6086.0	1.0
6087.0	1.0
6099.0	1.0
6100.0	2.0
6104.0	3.0
6106.0	1.0
6108.0	1.0
6111.0	1.0
6113.0	2.0
6114.0	1.0
6117.0	1.0
6126.0	1.0
6135.0	1.0
6136.0	1.0
6137.0	2.0
6138.0	1.0
6139.0	1.0
6144.0	1.0
6145.0	1.0
6157.0	1.0
6160.0	1.0
6163.0	1.0
6164.0	1.0
6168.0	1.0
6173.0	1.0
6179.0	1.0
6180.0	1.0
6188.0	1.0
6191.0	3.0
6192.0	1.0
6193.0	1.0
6194.0	1.0
6195.0	2.0
6196.0	4.0
6197.0	2.0
6198.0	5.0
6199.0	9.0
6206.0	1.0
6208.0	2.0
6213.0	1.0
6214.0	1.0
6216.0	1.0
6230.0	2.0
6246.0	1.0
6270.0	1.0
6272.0	1.0
6281.0	1.0
6283.0	1.0
6284.0	1.0
6302.0	2.0
6305.0	1.0
6316.0	1.0
6345.0	1.0
6347.0	1.0
6349.0	1.0
6353.0	2.0
6355.0	1.0
6357.0	2.0
6365.0	2.0
6372.0	1.0
6377.0	1.0
6385.0	1.0
6389.0	1.0
6404.0	1.0
6405.0	1.0
6407.0	1.0
6410.0	1.0
6439.0	1.0
6453.0	1.0
6457.0	1.0
6462.0	2.0
6464.0	1.0
6491.0	1.0
6509.0	1.0
6519.0	1.0
6523.0	1.0
6534.0	1.0
6540.0	1.0
6559.0	3.0
6566.0	1.0
6573.0	2.0
6576.0	1.0
6581.0	1.0
6593.0	1.0
6594.0	1.0
6597.0	1.0
6605.0	2.0
6610.0	1.0
6614.0	1.0
6616.0	1.0
6617.0	1.0
6626.0	1.0
6627.0	1.0
6628.0	1.0
6629.0	1.0
6638.0	1.0
6644.0	1.0
6645.0	1.0
6651.0	1.0
6654.0	1.0
6667.0	2.0
6680.0	1.0
6683.0	1.0
6687.0	1.0
6709.0	1.0
6710.0	1.0
6713.0	1.0
6719.0	1.0
6737.0	1.0
6739.0	1.0
6746.0	1.0
6749.0	1.0
6756.0	1.0
6762.0	1.0
6766.0	1.0
6772.0	1.0
6775.0	1.0
6778.0	1.0
6779.0	1.0
6784.0	1.0
6789.0	1.0
6794.0	1.0
6797.0	1.0
6801.0	1.0
6803.0	1.0
6808.0	1.0
6823.0	1.0
6831.0	1.0
6849.0	1.0
6855.0	1.0
6858.0	2.0
6863.0	1.0
6868.0	2.0
6870.0	3.0
6871.0	1.0
6874.0	1.0
6878.0	2.0
6879.0	1.0
6888.0	1.0
6893.0	1.0
6901.0	2.0
6903.0	1.0
6907.0	1.0
6909.0	1.0
6912.0	1.0
6917.0	1.0
6940.0	1.0
6943.0	1.0
6944.0	1.0
6955.0	1.0
6971.0	1.0
6973.0	1.0
6992.0	1.0
6999.0	1.0
7013.0	1.0
7019.0	1.0
7020.0	1.0
7037.0	1.0
7040.0	1.0
7043.0	1.0
7048.0	1.0
7051.0	1.0
7052.0	1.0
7058.0	1.0
7063.0	1.0
7082.0	1.0
7087.0	1.0
7090.0	1.0
7098.0	1.0
7103.0	2.0
7106.0	2.0
7115.0	1.0
7120.0	1.0
7135.0	2.0
7142.0	1.0
7148.0	1.0
7153.0	1.0
7156.0	1.0
7162.0	1.0
7173.0	1.0
7174.0	1.0
7185.0	1.0
7196.0	1.0
7204.0	1.0
7208.0	1.0
7220.0	1.0
7225.0	1.0
7240.0	1.0
7250.0	1.0
7253.0	1.0
7265.0	1.0
7268.0	1.0
7270.0	1.0
7273.0	1.0
7283.0	1.0
7297.0	1.0
7310.0	1.0
7321.0	1.0
7343.0	1.0
7344.0	1.0
7345.0	1.0
7348.0	1.0
7356.0	1.0
7357.0	2.0
7360.0	1.0
7361.0	1.0
7369.0	1.0
7382.0	1.0
7385.0	1.0
7388.0	1.0
7392.0	1.0
7394.0	1.0
7395.0	1.0
7397.0	1.0
7402.0	1.0
7405.0	1.0
7407.0	1.0
7422.0	2.0
7428.0	1.0
7431.0	1.0
7432.0	1.0
7436.0	1.0
7440.0	1.0
7444.0	1.0
7445.0	1.0
7450.0	2.0
7451.0	1.0
7460.0	1.0
7462.0	1.0
7479.0	2.0
7489.0	1.0
7506.0	1.0
7509.0	2.0
7512.0	2.0
7527.0	1.0
7544.0	1.0
7558.0	1.0
7559.0	1.0
7563.0	1.0
7575.0	1.0
7585.0	2.0
7590.0	1.0
7593.0	1.0
7598.0	1.0
7603.0	1.0
7605.0	2.0
7613.0	1.0
7615.0	1.0
7622.0	1.0
7623.0	1.0
7626.0	1.0
7627.0	1.0
7639.0	1.0
7643.0	1.0
7651.0	1.0
7660.0	1.0
7663.0	2.0
7668.0	1.0
7674.0	1.0
7682.0	1.0
7683.0	1.0
7684.0	2.0
7689.0	1.0
7695.0	1.0
7697.0	1.0
7699.0	2.0
7705.0	1.0
7707.0	1.0
7708.0	1.0
7710.0	1.0
7712.0	1.0
7716.0	1.0
7723.0	1.0
7728.0	2.0
7730.0	1.0
7739.0	2.0
7744.0	1.0
7745.0	1.0
7747.0	1.0
7752.0	1.0
7754.0	1.0
7756.0	1.0
7757.0	1.0
7764.0	1.0
7766.0	1.0
7768.0	1.0
7769.0	3.0
7774.0	2.0
7776.0	1.0
7779.0	1.0
7780.0	1.0
7782.0	1.0
7783.0	1.0
7785.0	1.0
7789.0	1.0
7790.0	1.0
7796.0	1.0
7802.0	1.0
7803.0	1.0
7807.0	1.0
7808.0	1.0
7812.0	1.0
7818.0	1.0
7819.0	2.0
7820.0	1.0
7821.0	1.0
7822.0	1.0
7823.0	1.0
7826.0	1.0
7829.0	1.0
7833.0	1.0
7836.0	1.0
7837.0	1.0
7839.0	1.0
7841.0	1.0
7843.0	1.0
7848.0	1.0
7850.0	1.0
7854.0	2.0
7864.0	3.0
7870.0	1.0
7872.0	1.0
7873.0	2.0
7881.0	1.0
7888.0	3.0
7891.0	1.0
7893.0	1.0
7900.0	1.0
7901.0	2.0
7910.0	1.0
7916.0	1.0
7918.0	1.0
7921.0	1.0
7925.0	1.0
7931.0	1.0
7932.0	2.0
7934.0	1.0
7938.0	1.0
7941.0	1.0
7943.0	1.0
7944.0	1.0
7949.0	1.0
7950.0	1.0
7956.0	1.0
7957.0	1.0
7966.0	1.0
7967.0	1.0
7974.0	1.0
7977.0	1.0
7978.0	1.0
7981.0	1.0
7988.0	1.0
7993.0	1.0
7998.0	1.0
8000.0	1.0
8004.0	1.0
8015.0	2.0
8024.0	1.0
8026.0	2.0
8050.0	2.0
8055.0	1.0
8064.0	1.0
8082.0	1.0
8091.0	1.0
8097.0	1.0
8103.0	1.0
8105.0	1.0
8108.0	1.0
8112.0	1.0
8117.0	2.0
8118.0	1.0
8122.0	1.0
8125.0	1.0
8127.0	1.0
8129.0	1.0
8130.0	1.0
8131.0	6.0
8146.0	1.0
8149.0	1.0
8151.0	2.0
8154.0	1.0
8187.0	1.0
8192.0	1.0
8202.0	1.0
8218.0	1.0
8228.0	1.0
8232.0	2.0
8238.0	1.0
8245.0	2.0
8248.0	1.0
8258.0	1.0
8266.0	1.0
8281.0	1.0
8282.0	1.0
8294.0	1.0
8306.0	1.0
8311.0	1.0
8315.0	1.0
8322.0	1.0
8325.0	1.0
8333.0	1.0
8334.0	1.0
8339.0	1.0
8348.0	1.0
8349.0	1.0
8357.0	1.0
8363.0	1.0
8366.0	1.0
8368.0	1.0
8385.0	1.0
8394.0	1.0
8402.0	1.0
8427.0	1.0
8444.0	1.0
8451.0	1.0
8460.0	1.0
8468.0	1.0
8482.0	1.0
8495.0	1.0
8498.0	1.0
8504.0	1.0
8510.0	1.0
8524.0	1.0
8527.0	1.0
8529.0	1.0
8537.0	1.0
8540.0	1.0
8541.0	1.0
8544.0	1.0
8549.0	1.0
8558.0	1.0
8560.0	1.0
8569.0	1.0
8579.0	1.0
8581.0	1.0
8585.0	1.0
8598.0	2.0
8603.0	1.0
8604.0	2.0
8619.0	1.0
8631.0	1.0
8638.0	1.0
8641.0	1.0
8659.0	1.0
8662.0	1.0
8665.0	1.0
8668.0	1.0
8671.0	1.0
8672.0	1.0
8674.0	1.0
8677.0	1.0
8679.0	1.0
8680.0	1.0
8681.0	1.0
8706.0	1.0
8711.0	1.0
8712.0	2.0
8723.0	1.0
8724.0	1.0
8725.0	1.0
8729.0	1.0
8740.0	1.0
8743.0	2.0
8748.0	1.0
8751.0	1.0
8782.0	1.0
8788.0	1.0
8789.0	1.0
8790.0	1.0
8792.0	1.0
8795.0	1.0
8801.0	1.0
8810.0	1.0
8812.0	1.0
8822.0	1.0
8826.0	1.0
8842.0	1.0
8843.0	1.0
8852.0	1.0
8856.0	1.0
8866.0	1.0
8872.0	2.0
8877.0	1.0
8883.0	1.0
8889.0	1.0
8892.0	1.0
8895.0	1.0
8896.0	1.0
8904.0	1.0
8910.0	1.0
8912.0	1.0
8915.0	1.0
8926.0	1.0
8934.0	1.0
8935.0	1.0
8943.0	1.0
8944.0	1.0
8960.0	1.0
8968.0	1.0
8981.0	1.0
8990.0	1.0
8993.0	1.0
8995.0	1.0
8996.0	2.0
9015.0	1.0
9028.0	1.0
9029.0	2.0
9031.0	1.0
9032.0	1.0
9037.0	1.0
9047.0	1.0
9060.0	2.0
9077.0	1.0
9085.0	1.0
9090.0	1.0
9099.0	1.0
9102.0	1.0
9121.0	1.0
9124.0	1.0
9131.0	1.0
9132.0	2.0
9135.0	1.0
9141.0	1.0
9147.0	1.0
9152.0	1.0
9153.0	1.0
9168.0	1.0
9169.0	1.0
9173.0	1.0
9189.0	1.0
9197.0	1.0
9205.0	2.0
9208.0	1.0
9214.0	1.0
9236.0	1.0
9242.0	1.0
9247.0	1.0
9254.0	1.0
9257.0	1.0
9260.0	1.0
9264.0	1.0
9278.0	1.0
9280.0	2.0
9282.0	1.0
9287.0	1.0
9296.0	1.0
9297.0	1.0
9316.0	1.0
9317.0	1.0
9320.0	1.0
9322.0	2.0
9324.0	1.0
9330.0	1.0
9338.0	1.0
9344.0	1.0
9357.0	1.0
9361.0	1.0
9364.0	1.0
9366.0	1.0
9367.0	1.0
9371.0	1.0
9377.0	1.0
9379.0	1.0
9384.0	2.0
9392.0	1.0
9393.0	1.0
9396.0	1.0
9397.0	1.0
9404.0	2.0
9408.0	1.0
9411.0	1.0
9412.0	1.0
9418.0	1.0
9420.0	1.0
9421.0	2.0
9429.0	1.0
9431.0	1.0
9440.0	1.0
9441.0	1.0
9451.0	1.0
9453.0	1.0
9457.0	1.0
9460.0	1.0
9463.0	1.0
9469.0	1.0
9471.0	1.0
9483.0	2.0
9495.0	1.0
9497.0	1.0
9500.0	1.0
9502.0	1.0
9505.0	1.0
9521.0	1.0
9535.0	1.0
9551.0	1.0
9557.0	1.0
9581.0	1.0
9583.0	1.0
9584.0	2.0
9592.0	1.0
9593.0	1.0
9602.0	1.0
9613.0	1.0
9615.0	1.0
9621.0	2.0
9627.0	1.0
9642.0	2.0
9647.0	1.0
9666.0	1.0
9670.0	1.0
9673.0	1.0
9679.0	1.0
9681.0	1.0
9692.0	1.0
9697.0	1.0
9701.0	1.0
9702.0	1.0
9704.0	1.0
9706.0	1.0
9707.0	1.0
9717.0	1.0
9718.0	1.0
9725.0	1.0
9729.0	1.0
9730.0	1.0
9744.0	1.0
9754.0	1.0
9756.0	1.0
9757.0	2.0
9764.0	1.0
9766.0	1.0
9770.0	1.0
9771.0	1.0
9783.0	1.0
9785.0	1.0
9788.0	1.0
9791.0	1.0
9795.0	1.0
9797.0	1.0
9812.0	1.0
9813.0	1.0
9815.0	1.0
9817.0	1.0
9823.0	1.0
9831.0	1.0
9837.0	3.0
9844.0	1.0
9858.0	1.0
9860.0	1.0
9864.0	1.0
9877.0	1.0
9880.0	1.0
9882.0	1.0
9885.0	1.0
9886.0	1.0
9888.0	1.0
9898.0	1.0
9902.0	1.0
9912.0	1.0
9914.0	1.0
9915.0	1.0
9920.0	1.0
9932.0	1.0
9935.0	1.0
9941.0	1.0
9942.0	1.0
9959.0	1.0
9961.0	2.0
9964.0	1.0
9965.0	1.0
9973.0	2.0
9978.0	1.0
9990.0	1.0
9995.0	1.0
10008.0	1.0
10012.0	1.0
10028.0	1.0
10033.0	1.0
10034.0	1.0
10035.0	1.0
10036.0	1.0
10039.0	1.0
10041.0	1.0
10045.0	1.0
10048.0	1.0
10049.0	2.0
10050.0	1.0
10052.0	1.0
10056.0	1.0
10059.0	1.0
10071.0	1.0
10072.0	1.0
10073.0	1.0
10075.0	1.0
10086.0	1.0
10088.0	1.0
10094.0	1.0
10103.0	1.0
10106.0	1.0
10113.0	1.0
10122.0	1.0
10126.0	1.0
10128.0	1.0
10145.0	1.0
10147.0	1.0
10148.0	1.0
10149.0	1.0
10158.0	1.0
10161.0	1.0
10165.0	1.0
10168.0	1.0
10177.0	1.0
10180.0	1.0
10181.0	1.0
10183.0	1.0
10184.0	1.0
10190.0	1.0
10193.0	1.0
10195.0	1.0
10197.0	1.0
10202.0	1.0
10204.0	1.0
10208.0	1.0
10209.0	1.0
10213.0	1.0
10214.0	1.0
10221.0	1.0
10224.0	1.0
10233.0	1.0
10234.0	1.0
10239.0	1.0
10241.0	1.0
10248.0	1.0
10252.0	1.0
10257.0	1.0
10267.0	1.0
10268.0	1.0
10271.0	1.0
10272.0	1.0
10273.0	1.0
10281.0	1.0
10289.0	1.0
10290.0	1.0
10295.0	1.0
10299.0	1.0
10300.0	1.0
10301.0	1.0
10302.0	1.0
10303.0	1.0
10311.0	1.0
10318.0	2.0
10324.0	1.0
10327.0	1.0
10330.0	2.0
10334.0	1.0
10342.0	1.0
10343.0	1.0
10347.0	1.0
10348.0	1.0
10351.0	1.0
10362.0	1.0
10363.0	1.0
10364.0	1.0
10365.0	1.0
10366.0	1.0
10371.0	1.0
10375.0	2.0
10389.0	1.0
10401.0	1.0
10402.0	1.0
10403.0	1.0
10417.0	1.0
10418.0	1.0
10425.0	1.0
10428.0	1.0
10438.0	1.0
10440.0	1.0
10442.0	1.0
10450.0	1.0
10451.0	1.0
10452.0	1.0
10454.0	1.0
10456.0	1.0
10457.0	1.0
10463.0	2.0
10468.0	2.0
10470.0	1.0
10478.0	1.0
10480.0	1.0
10486.0	1.0
10490.0	1.0
10506.0	1.0
10509.0	1.0
10510.0	1.0
10513.0	1.0
10517.0	2.0
10519.0	1.0
10525.0	1.0
10526.0	1.0
10527.0	1.0
10529.0	1.0
10544.0	1.0
10549.0	1.0
10550.0	1.0
10557.0	1.0
10570.0	2.0
10572.0	2.0
10577.0	1.0
10578.0	1.0
10579.0	2.0
10586.0	3.0
10587.0	1.0
10603.0	1.0
10606.0	1.0
10614.0	1.0
10616.0	1.0
10621.0	1.0
10629.0	1.0
10631.0	1.0
10637.0	1.0
10638.0	1.0
10642.0	1.0
10643.0	1.0
10644.0	1.0
10645.0	1.0
10646.0	1.0
10651.0	1.0
10653.0	2.0
10658.0	2.0
10667.0	1.0
10673.0	1.0
10678.0	1.0
10691.0	1.0
10699.0	1.0
10701.0	1.0
10706.0	1.0
10709.0	1.0
10717.0	1.0
10720.0	1.0
10723.0	1.0
10729.0	1.0
10732.0	1.0
10739.0	1.0
10741.0	1.0
10744.0	1.0
10746.0	2.0
10752.0	2.0
10756.0	1.0
10760.0	1.0
10761.0	2.0
10765.0	1.0
10768.0	1.0
10771.0	1.0
10772.0	1.0
10777.0	1.0
10782.0	1.0
10788.0	2.0
10790.0	1.0
10799.0	1.0
10800.0	1.0
10803.0	2.0
10804.0	1.0
10809.0	1.0
10815.0	1.0
10818.0	1.0
10821.0	1.0
10834.0	1.0
10835.0	1.0
10844.0	1.0
10854.0	1.0
10856.0	1.0
10861.0	2.0
10865.0	1.0
10868.0	1.0
10872.0	2.0
10877.0	1.0
10879.0	1.0
10882.0	1.0
10885.0	1.0
10887.0	1.0
10888.0	1.0
10894.0	1.0
10902.0	1.0
10906.0	1.0
10910.0	1.0
10912.0	1.0
10925.0	1.0
10927.0	1.0
10934.0	2.0
10935.0	1.0
10938.0	1.0
10939.0	1.0
10942.0	2.0
10948.0	1.0
10951.0	1.0
10954.0	1.0
10960.0	1.0
10963.0	1.0
10972.0	1.0
10979.0	1.0
10988.0	1.0
10994.0	1.0
11009.0	1.0
11013.0	1.0
11027.0	1.0
11039.0	1.0
11044.0	1.0
11051.0	1.0
11053.0	1.0
11054.0	1.0
11055.0	1.0
11067.0	1.0
11073.0	1.0
11074.0	1.0
11078.0	2.0
11103.0	1.0
11112.0	2.0
11120.0	1.0
11129.0	1.0
11130.0	1.0
11133.0	2.0
11141.0	2.0
11150.0	1.0
11151.0	1.0
11159.0	1.0
11163.0	1.0
11167.0	2.0
11178.0	1.0
11192.0	1.0
11199.0	1.0
11211.0	1.0
11214.0	1.0
11216.0	1.0
11222.0	1.0
11228.0	2.0
11230.0	1.0
11232.0	1.0
11233.0	1.0
11235.0	1.0
11237.0	1.0
11244.0	1.0
11247.0	1.0
11256.0	1.0
11270.0	1.0
11283.0	1.0
11290.0	1.0
11295.0	1.0
11296.0	1.0
11303.0	1.0
11313.0	1.0
11321.0	1.0
11326.0	1.0
11329.0	1.0
11332.0	1.0
11337.0	1.0
11338.0	1.0
11343.0	1.0
11345.0	1.0
11354.0	1.0
11366.0	1.0
11367.0	3.0
11375.0	1.0
11383.0	1.0
11394.0	1.0
11401.0	2.0
11408.0	1.0
11412.0	1.0
11421.0	1.0
11425.0	1.0
11428.0	1.0
11429.0	1.0
11430.0	1.0
11442.0	1.0
11445.0	1.0
11453.0	1.0
11458.0	1.0
11462.0	1.0
11482.0	1.0
11484.0	3.0
11487.0	1.0
11492.0	1.0
11498.0	1.0
11504.0	2.0
11512.0	2.0
11514.0	1.0
11515.0	1.0
11520.0	1.0
11526.0	1.0
11527.0	1.0
11535.0	1.0
11540.0	1.0
11544.0	1.0
11546.0	1.0
11548.0	1.0
11550.0	2.0
11552.0	1.0
11557.0	1.0
11559.0	1.0
11560.0	1.0
11561.0	1.0
11562.0	1.0
11574.0	1.0
11575.0	1.0
11577.0	1.0
11579.0	1.0
11582.0	1.0
11583.0	1.0
11587.0	1.0
11590.0	2.0
11594.0	1.0
11596.0	1.0
11598.0	1.0
11604.0	1.0
11607.0	1.0
11612.0	3.0
11615.0	1.0
11618.0	1.0
11621.0	1.0
11623.0	1.0
11624.0	1.0
11631.0	1.0
11636.0	1.0
11637.0	1.0
11638.0	1.0
11639.0	1.0
11640.0	1.0
11641.0	1.0
11645.0	1.0
11660.0	1.0
11661.0	2.0
11663.0	1.0
11671.0	1.0
11675.0	1.0
11681.0	1.0
11683.0	1.0
11685.0	1.0
11689.0	1.0
11692.0	1.0
11707.0	1.0
11708.0	1.0
11711.0	1.0
11717.0	1.0
11718.0	1.0
11723.0	1.0
11727.0	1.0
11728.0	1.0
11731.0	1.0
11744.0	1.0
11746.0	1.0
11747.0	1.0
11749.0	1.0
11750.0	1.0
11756.0	1.0
11759.0	1.0
11760.0	1.0
11766.0	1.0
11773.0	1.0
11788.0	1.0
11792.0	1.0
11793.0	1.0
11797.0	1.0
11799.0	1.0
11803.0	1.0
11809.0	2.0
11814.0	1.0
11816.0	1.0
11817.0	2.0
11818.0	1.0
11819.0	1.0
11821.0	1.0
11824.0	1.0
11833.0	1.0
11840.0	1.0
11841.0	1.0
11844.0	1.0
11849.0	2.0
11861.0	1.0
11862.0	1.0
11869.0	1.0
11889.0	1.0
11892.0	1.0
11902.0	1.0
11907.0	1.0
11909.0	1.0
11912.0	1.0
11918.0	1.0
11926.0	1.0
11932.0	1.0
11933.0	3.0
11940.0	1.0
11943.0	1.0
11944.0	1.0
11946.0	1.0
11947.0	1.0
11948.0	1.0
11951.0	1.0
11955.0	1.0
11960.0	1.0
11969.0	2.0
11972.0	1.0
11974.0	2.0
11977.0	1.0
11984.0	1.0
11987.0	1.0
11991.0	1.0
11993.0	1.0
11994.0	1.0
12006.0	1.0
12010.0	1.0
12011.0	1.0
12013.0	2.0
12018.0	1.0
12023.0	1.0
12026.0	1.0
12031.0	1.0
12035.0	1.0
12036.0	1.0
12043.0	1.0
12046.0	1.0
12052.0	1.0
12055.0	2.0
12057.0	1.0
12065.0	1.0
12067.0	1.0
12072.0	1.0
12075.0	1.0
12079.0	1.0
12096.0	1.0
12097.0	1.0
12098.0	1.0
12100.0	1.0
12105.0	1.0
12108.0	1.0
12117.0	1.0
12123.0	2.0
12125.0	1.0
12126.0	1.0
12130.0	1.0
12133.0	2.0
12139.0	1.0
12145.0	1.0
12146.0	2.0
12149.0	1.0
12155.0	1.0
12165.0	1.0
12168.0	1.0
12169.0	1.0
12172.0	1.0
12177.0	1.0
12186.0	1.0
12190.0	2.0
12194.0	1.0
12203.0	1.0
12204.0	2.0
12207.0	1.0
12217.0	2.0
12226.0	1.0
12229.0	1.0
12231.0	1.0
12233.0	1.0
12235.0	1.0
12240.0	1.0
12243.0	1.0
12255.0	1.0
12258.0	1.0
12264.0	1.0
12273.0	1.0
12280.0	1.0
12284.0	1.0
12286.0	1.0
12288.0	1.0
12291.0	1.0
12298.0	1.0
12300.0	1.0
12303.0	1.0
12304.0	1.0
12306.0	2.0
12307.0	1.0
12311.0	1.0
12312.0	2.0
12314.0	1.0
12317.0	1.0
12324.0	1.0
12325.0	1.0
12326.0	2.0
12328.0	1.0
12329.0	1.0
12330.0	1.0
12331.0	1.0
12332.0	1.0
12334.0	1.0
12337.0	1.0
12338.0	3.0
12339.0	1.0
12341.0	1.0
12347.0	1.0
12350.0	1.0
12353.0	1.0
12363.0	1.0
12364.0	2.0
12372.0	1.0
12378.0	1.0
12384.0	1.0
12389.0	1.0
12400.0	1.0
12406.0	1.0
12410.0	1.0
12422.0	2.0
12434.0	1.0
12441.0	1.0
12443.0	1.0
12445.0	1.0
12446.0	1.0
12452.0	1.0
12486.0	2.0
12487.0	1.0
12493.0	1.0
12499.0	1.0
12503.0	1.0
12504.0	1.0
12505.0	2.0
12508.0	1.0
12511.0	1.0
12517.0	1.0
12518.0	1.0
12519.0	1.0
12523.0	1.0
12524.0	1.0
12525.0	2.0
12526.0	1.0
12530.0	1.0
12531.0	1.0
12536.0	1.0
12545.0	1.0
12547.0	1.0
12550.0	3.0
12551.0	1.0
12561.0	2.0
12567.0	1.0
12569.0	1.0
12570.0	1.0
12587.0	1.0
12595.0	1.0
12597.0	1.0
12605.0	1.0
12609.0	1.0
12613.0	1.0
12629.0	1.0
12632.0	1.0
12635.0	1.0
12642.0	1.0
12654.0	1.0
12657.0	1.0
12660.0	1.0
12663.0	1.0
12668.0	1.0
12670.0	1.0
12673.0	1.0
12676.0	1.0
12677.0	1.0
12689.0	1.0
12701.0	1.0
12706.0	1.0
12707.0	1.0
12710.0	1.0
12715.0	1.0
12716.0	1.0
12721.0	1.0
12722.0	1.0
12725.0	1.0
12726.0	1.0
12732.0	1.0
12734.0	2.0
12735.0	1.0
12746.0	1.0
12751.0	1.0
12752.0	2.0
12759.0	1.0
12760.0	1.0
12762.0	1.0
12764.0	1.0
12765.0	1.0
12766.0	1.0
12774.0	1.0
12777.0	1.0
12782.0	1.0
12784.0	1.0
12786.0	1.0
12788.0	1.0
12791.0	1.0
12799.0	1.0
12800.0	1.0
12808.0	1.0
12810.0	1.0
12811.0	1.0
12818.0	1.0
12820.0	1.0
12824.0	1.0
12827.0	1.0
12836.0	1.0
12838.0	1.0
12840.0	2.0
12842.0	1.0
12845.0	1.0
12846.0	1.0
12847.0	1.0
12851.0	1.0
12858.0	1.0
12861.0	1.0
12863.0	1.0
12864.0	1.0
12865.0	1.0
12867.0	2.0
12868.0	1.0
12872.0	1.0
12883.0	1.0
12892.0	1.0
12901.0	1.0
12902.0	1.0
12905.0	1.0
12906.0	1.0
12911.0	1.0
12916.0	2.0
12926.0	1.0
12927.0	1.0
12929.0	1.0
12930.0	1.0
12939.0	1.0
12940.0	2.0
12951.0	1.0
12954.0	1.0
12955.0	1.0
12966.0	1.0
12969.0	1.0
12972.0	1.0
12976.0	1.0
12981.0	1.0
12984.0	1.0
12987.0	1.0
12988.0	1.0
12989.0	1.0
12991.0	1.0
12996.0	3.0
13000.0	1.0
13006.0	1.0
13008.0	1.0
13014.0	1.0
13015.0	1.0
13020.0	1.0
13022.0	1.0
13024.0	1.0
13025.0	2.0
13035.0	1.0
13040.0	1.0
13044.0	1.0
13046.0	1.0
13064.0	1.0
13070.0	1.0
13074.0	1.0
13085.0	1.0
13089.0	1.0
13093.0	1.0
13096.0	2.0
13101.0	1.0
13102.0	1.0
13106.0	2.0
13116.0	1.0
13119.0	1.0
13124.0	1.0
13136.0	1.0
13148.0	2.0
13154.0	1.0
13158.0	1.0
13160.0	1.0
13161.0	2.0
13167.0	2.0
13169.0	1.0
13171.0	1.0
13172.0	1.0
13176.0	1.0
13178.0	1.0
13182.0	1.0
13187.0	1.0
13189.0	2.0
13197.0	1.0
13200.0	1.0
13201.0	1.0
13208.0	1.0
13209.0	1.0
13214.0	1.0
13215.0	1.0
13216.0	1.0
13217.0	1.0
13219.0	2.0
13220.0	1.0
13222.0	2.0
13224.0	1.0
13226.0	1.0
13228.0	1.0
13231.0	2.0
13238.0	1.0
13242.0	1.0
13251.0	1.0
13252.0	2.0
13253.0	1.0
13263.0	1.0
13267.0	1.0
13268.0	1.0
13270.0	1.0
13284.0	1.0
13295.0	1.0
13296.0	1.0
13297.0	1.0
13298.0	1.0
13310.0	1.0
13311.0	1.0
13312.0	2.0
13318.0	1.0
13319.0	2.0
13321.0	1.0
13323.0	1.0
13338.0	1.0
13339.0	1.0
13340.0	1.0
13343.0	2.0
13345.0	1.0
13346.0	1.0
13352.0	2.0
13360.0	2.0
13367.0	3.0
13369.0	1.0
13371.0	1.0
13374.0	1.0
13378.0	1.0
13380.0	1.0
13383.0	1.0
13385.0	1.0
13390.0	1.0
13391.0	1.0
13400.0	1.0
13402.0	1.0
13407.0	2.0
13409.0	3.0
13410.0	1.0
13411.0	2.0
13412.0	1.0
13413.0	1.0
13427.0	1.0
13428.0	1.0
13437.0	1.0
13438.0	1.0
13441.0	1.0
13445.0	1.0
13446.0	1.0
13447.0	1.0
13448.0	1.0
13449.0	1.0
13451.0	1.0
13453.0	1.0
13457.0	1.0
13459.0	1.0
13462.0	1.0
13463.0	2.0
13466.0	1.0
13469.0	2.0
13473.0	1.0
13479.0	1.0
13482.0	1.0
13484.0	1.0
13488.0	1.0
13491.0	1.0
13494.0	2.0
13497.0	1.0
13499.0	2.0
13500.0	1.0
13501.0	1.0
13509.0	2.0
13510.0	1.0
13512.0	1.0
13521.0	1.0
13522.0	1.0
13523.0	1.0
13525.0	1.0
13535.0	1.0
13543.0	1.0
13546.0	1.0
13548.0	1.0
13553.0	1.0
13554.0	1.0
13556.0	1.0
13563.0	1.0
13570.0	2.0
13571.0	1.0
13578.0	1.0
13581.0	1.0
13583.0	3.0
13584.0	1.0
13585.0	1.0
13587.0	2.0
13593.0	1.0
13594.0	1.0
13595.0	1.0
13596.0	2.0
13599.0	1.0
13602.0	1.0
13605.0	2.0
13615.0	1.0
13619.0	1.0
13622.0	1.0
13623.0	1.0
13624.0	1.0
13633.0	1.0
13641.0	1.0
13643.0	1.0
13644.0	1.0
13645.0	1.0
13648.0	3.0
13652.0	1.0
13655.0	2.0
13661.0	2.0
13663.0	1.0
13664.0	1.0
13665.0	2.0
13668.0	1.0
13685.0	2.0
13690.0	1.0
13692.0	1.0
13694.0	1.0
13695.0	1.0
13703.0	1.0
13704.0	1.0
13706.0	1.0
13709.0	1.0
13711.0	2.0
13715.0	1.0
13729.0	1.0
13731.0	1.0
13739.0	1.0
13745.0	1.0
13746.0	2.0
13747.0	1.0
13748.0	1.0
13756.0	1.0
13759.0	1.0
13763.0	1.0
13773.0	1.0
13778.0	1.0
13780.0	1.0
13781.0	1.0
13790.0	1.0
13791.0	1.0
13795.0	1.0
13796.0	1.0
13797.0	2.0
13800.0	1.0
13801.0	1.0
13803.0	1.0
13804.0	1.0
13809.0	1.0
13817.0	1.0
13822.0	1.0
13825.0	1.0
13829.0	2.0
13830.0	1.0
13831.0	1.0
13833.0	1.0
13837.0	1.0
13839.0	1.0
13840.0	1.0
13843.0	1.0
13846.0	1.0
13851.0	1.0
13856.0	1.0
13858.0	1.0
13859.0	1.0
13860.0	1.0
13863.0	1.0
13865.0	1.0
13866.0	1.0
13869.0	2.0
13870.0	2.0
13880.0	1.0
13884.0	1.0
13888.0	1.0
13891.0	1.0
13892.0	1.0
13893.0	1.0
13895.0	2.0
13900.0	1.0
13903.0	1.0
13905.0	1.0
13906.0	1.0
13911.0	1.0
13915.0	1.0
13917.0	1.0
13925.0	1.0
13929.0	1.0
13930.0	1.0
13931.0	1.0
13932.0	2.0
13933.0	1.0
13936.0	1.0
13938.0	1.0
13947.0	1.0
13949.0	2.0
13954.0	1.0
13956.0	1.0
13960.0	1.0
13962.0	1.0
13968.0	1.0
13969.0	1.0
13975.0	1.0
13984.0	1.0
13985.0	1.0
13989.0	1.0
13996.0	1.0
13999.0	1.0
14006.0	1.0
14007.0	1.0
14017.0	1.0
14018.0	1.0
14019.0	1.0
14021.0	1.0
14028.0	1.0
14029.0	1.0
14033.0	1.0
14034.0	1.0
14036.0	1.0
14038.0	1.0
14042.0	1.0
14046.0	1.0
14053.0	1.0
14058.0	1.0
14060.0	1.0
14077.0	1.0
14086.0	1.0
14088.0	1.0
14089.0	1.0
14093.0	1.0
14094.0	1.0
14095.0	1.0
14099.0	1.0
14102.0	1.0
14104.0	1.0
14111.0	1.0
14112.0	1.0
14115.0	1.0
14116.0	1.0
14120.0	1.0
14124.0	1.0
14131.0	1.0
14132.0	1.0
14144.0	1.0
14149.0	1.0
14152.0	1.0
14157.0	1.0
14159.0	1.0
14160.0	1.0
14170.0	2.0
14173.0	1.0
14188.0	1.0
14194.0	1.0
14201.0	1.0
14211.0	1.0
14221.0	1.0
14224.0	2.0
14227.0	1.0
14232.0	2.0
14242.0	1.0
14244.0	1.0
14246.0	1.0
14249.0	1.0
14251.0	1.0
14252.0	1.0
14264.0	1.0
14266.0	1.0
14275.0	1.0
14277.0	1.0
14283.0	1.0
14284.0	2.0
14294.0	2.0
14295.0	1.0
14297.0	1.0
14301.0	1.0
14302.0	1.0
14309.0	1.0
14311.0	1.0
14317.0	1.0
14330.0	1.0
14331.0	2.0
14332.0	1.0
14346.0	2.0
14359.0	1.0
14361.0	1.0
14363.0	1.0
14372.0	1.0
14376.0	1.0
14381.0	1.0
14383.0	2.0
14384.0	1.0
14386.0	2.0
14388.0	1.0
14393.0	1.0
14395.0	1.0
14398.0	1.0
14403.0	1.0
14408.0	1.0
14413.0	1.0
14418.0	2.0
14421.0	1.0
14428.0	1.0
14432.0	1.0
14435.0	1.0
14442.0	1.0
14443.0	1.0
14447.0	1.0
14449.0	2.0
14452.0	1.0
14457.0	1.0
14460.0	1.0
14465.0	1.0
14468.0	1.0
14475.0	1.0
14490.0	1.0
14491.0	1.0
14495.0	1.0
14496.0	1.0
14497.0	2.0
14501.0	1.0
14504.0	2.0
14506.0	1.0
14513.0	1.0
14515.0	2.0
14522.0	1.0
14526.0	2.0
14530.0	1.0
14547.0	1.0
14564.0	1.0
14569.0	1.0
14570.0	1.0
14571.0	1.0
14572.0	1.0
14583.0	1.0
14588.0	1.0
14593.0	1.0
14608.0	1.0
14614.0	1.0
14627.0	1.0
14628.0	1.0
14632.0	1.0
14635.0	1.0
14638.0	1.0
14641.0	1.0
14643.0	1.0
14646.0	1.0
14648.0	1.0
14656.0	1.0
14658.0	1.0
14665.0	1.0
14671.0	1.0
14674.0	1.0
14678.0	1.0
14680.0	1.0
14685.0	1.0
14690.0	1.0
14692.0	1.0
14709.0	1.0
14710.0	1.0
14718.0	1.0
14719.0	3.0
14729.0	1.0
14732.0	1.0
14738.0	2.0
14745.0	1.0
14759.0	1.0
14760.0	1.0
14762.0	1.0
14767.0	1.0
14771.0	1.0
14773.0	1.0
14778.0	1.0
14781.0	1.0
14787.0	1.0
14790.0	1.0
14791.0	1.0
14792.0	1.0
14796.0	1.0
14806.0	1.0
14812.0	1.0
14829.0	1.0
14833.0	1.0
14845.0	1.0
14848.0	2.0
14849.0	1.0
14850.0	1.0
14851.0	1.0
14852.0	1.0
14863.0	2.0
14865.0	2.0
14869.0	1.0
14871.0	2.0
14886.0	1.0
14896.0	1.0
14901.0	1.0
14908.0	1.0
14916.0	1.0
14918.0	1.0
14920.0	1.0
14922.0	1.0
14926.0	1.0
14931.0	1.0
14945.0	1.0
14947.0	2.0
14950.0	1.0
14959.0	1.0
14961.0	2.0
14977.0	1.0
14986.0	1.0
14987.0	1.0
14991.0	1.0
14993.0	1.0
14994.0	1.0
15002.0	1.0
15011.0	1.0
15014.0	1.0
15016.0	1.0
15024.0	1.0
15025.0	1.0
15032.0	1.0
15043.0	1.0
15047.0	1.0
15048.0	1.0
15049.0	1.0
15059.0	1.0
15068.0	1.0
15071.0	1.0
15073.0	1.0
15078.0	1.0
15082.0	2.0
15084.0	1.0
15096.0	1.0
15101.0	1.0
15111.0	2.0
15114.0	1.0
15132.0	1.0
15142.0	1.0
15144.0	1.0
15153.0	1.0
15166.0	2.0
15177.0	1.0
15183.0	2.0
15186.0	1.0
15187.0	1.0
15190.0	1.0
15194.0	1.0
15197.0	1.0
15199.0	1.0
15209.0	2.0
15210.0	1.0
15217.0	1.0
15218.0	1.0
15234.0	1.0
15239.0	1.0
15240.0	1.0
15242.0	1.0
15248.0	1.0
15266.0	1.0
15267.0	1.0
15269.0	1.0
15271.0	1.0
15275.0	1.0
15277.0	2.0
15278.0	1.0
15280.0	1.0
15283.0	1.0
15292.0	1.0
15304.0	1.0
15310.0	1.0
15319.0	1.0
15321.0	2.0
15327.0	2.0
15335.0	1.0
15339.0	1.0
15341.0	1.0
15344.0	1.0
15345.0	1.0
15346.0	1.0
15347.0	1.0
15349.0	1.0
15350.0	1.0
15351.0	1.0
15361.0	1.0
15365.0	3.0
15367.0	1.0
15368.0	1.0
15369.0	1.0
15374.0	2.0
15375.0	1.0
15386.0	2.0
15389.0	1.0
15390.0	1.0
15413.0	1.0
15415.0	1.0
15420.0	1.0
15424.0	1.0
15428.0	1.0
15433.0	1.0
15434.0	1.0
15435.0	1.0
15452.0	1.0
15463.0	2.0
15465.0	1.0
15473.0	1.0
15474.0	1.0
15475.0	1.0
15482.0	1.0
15485.0	1.0
15486.0	1.0
15493.0	1.0
15495.0	1.0
15497.0	1.0
15501.0	1.0
15502.0	1.0
15514.0	1.0
15519.0	1.0
15523.0	1.0
15532.0	1.0
15534.0	1.0
15541.0	1.0
15545.0	1.0
15552.0	1.0
15558.0	1.0
15559.0	2.0
15560.0	1.0
15561.0	1.0
15562.0	1.0
15567.0	1.0
15571.0	2.0
15573.0	1.0
15576.0	1.0
15578.0	1.0
15579.0	1.0
15583.0	1.0
15584.0	1.0
15585.0	1.0
15587.0	1.0
15590.0	1.0
15599.0	1.0
15606.0	1.0
15610.0	3.0
15611.0	1.0
15612.0	1.0
15629.0	1.0
15636.0	2.0
15640.0	1.0
15648.0	2.0
15650.0	1.0
15652.0	1.0
15668.0	1.0
15672.0	1.0
15678.0	1.0
15680.0	1.0
15684.0	1.0
15688.0	2.0
15689.0	1.0
15692.0	1.0
15693.0	1.0
15697.0	1.0
15708.0	1.0
15709.0	1.0
15711.0	1.0
15718.0	1.0
15719.0	1.0
15720.0	1.0
15723.0	2.0
15731.0	1.0
15732.0	2.0
15735.0	2.0
15739.0	1.0
15743.0	1.0
15745.0	1.0
15746.0	1.0
15750.0	1.0
15754.0	1.0
15757.0	1.0
15762.0	1.0
15764.0	1.0
15765.0	1.0
15776.0	1.0
15778.0	1.0
15783.0	1.0
15788.0	1.0
15795.0	1.0
15803.0	1.0
15805.0	1.0
15821.0	1.0
15822.0	2.0
15827.0	1.0
15829.0	1.0
15830.0	1.0
15834.0	1.0
15841.0	1.0
15842.0	1.0
15844.0	1.0
15851.0	1.0
15854.0	1.0
15856.0	1.0
15857.0	1.0
15859.0	1.0
15861.0	1.0
15862.0	1.0
15872.0	1.0
15873.0	1.0
15886.0	1.0
15894.0	1.0
15895.0	1.0
15899.0	1.0
15904.0	1.0
15908.0	1.0
15918.0	1.0
15919.0	1.0
15921.0	1.0
15923.0	1.0
15932.0	1.0
15933.0	1.0
15935.0	1.0
15939.0	1.0
15941.0	2.0
15943.0	1.0
15948.0	1.0
15950.0	1.0
15951.0	1.0
15956.0	1.0
15960.0	1.0
15961.0	1.0
15962.0	1.0
15967.0	1.0
15970.0	1.0
15972.0	1.0
15973.0	1.0
15974.0	1.0
15983.0	2.0
15984.0	2.0
15990.0	2.0
16003.0	2.0
16007.0	1.0
16019.0	1.0
16023.0	1.0
16029.0	1.0
16036.0	1.0
16040.0	1.0
16042.0	1.0
16044.0	1.0
16053.0	1.0
16058.0	1.0
16060.0	1.0
16063.0	1.0
16070.0	2.0
16071.0	1.0
16072.0	1.0
16073.0	1.0
16078.0	2.0
16080.0	2.0
16082.0	1.0
16085.0	1.0
16095.0	1.0
16105.0	1.0
16106.0	1.0
16109.0	1.0
16114.0	1.0
16125.0	2.0
16126.0	1.0
16129.0	1.0
16138.0	1.0
16146.0	2.0
16153.0	1.0
16156.0	1.0
16158.0	1.0
16164.0	2.0
16167.0	1.0
16188.0	2.0
16189.0	1.0
16193.0	1.0
16198.0	1.0
16202.0	1.0
16203.0	2.0
16211.0	1.0
16212.0	2.0
16217.0	1.0
16228.0	1.0
16234.0	1.0
16244.0	1.0
16247.0	1.0
16252.0	1.0
16253.0	1.0
16254.0	1.0
16271.0	1.0
16272.0	1.0
16282.0	1.0
16291.0	1.0
16295.0	1.0
16307.0	1.0
16312.0	1.0
16318.0	1.0
16320.0	1.0
16328.0	1.0
16330.0	1.0
16341.0	1.0
16351.0	2.0
16362.0	1.0
16369.0	1.0
16373.0	1.0
16376.0	1.0
16382.0	1.0
16391.0	1.0
16402.0	1.0
16423.0	1.0
16431.0	1.0
16432.0	1.0
16433.0	1.0
16434.0	1.0
16436.0	1.0
16438.0	1.0
16439.0	1.0
16446.0	2.0
16452.0	1.0
16453.0	2.0
16462.0	1.0
16463.0	1.0
16464.0	1.0
16467.0	1.0
16480.0	1.0
16491.0	1.0
16500.0	1.0
16504.0	1.0
16507.0	1.0
16510.0	1.0
16514.0	1.0
16516.0	1.0
16530.0	1.0
16538.0	1.0
16547.0	1.0
16550.0	3.0
16553.0	1.0
16573.0	1.0
16576.0	1.0
16578.0	1.0
16590.0	1.0
16591.0	2.0
16599.0	1.0
16600.0	2.0
16604.0	1.0
16605.0	1.0
16609.0	1.0
16619.0	1.0
16620.0	1.0
16621.0	1.0
16625.0	1.0
16627.0	1.0
16629.0	1.0
16634.0	1.0
16635.0	1.0
16636.0	1.0
16637.0	1.0
16638.0	1.0
16642.0	1.0
16643.0	1.0
16646.0	1.0
16654.0	1.0
16662.0	1.0
16667.0	1.0
16670.0	1.0
16676.0	1.0
16678.0	1.0
16680.0	1.0
16683.0	1.0
16686.0	1.0
16687.0	1.0
16696.0	1.0
16700.0	1.0
16701.0	1.0
16703.0	1.0
16704.0	1.0
16706.0	1.0
16708.0	1.0
16716.0	1.0
16721.0	1.0
16722.0	1.0
16725.0	1.0
16729.0	1.0
16737.0	1.0
16741.0	1.0
16745.0	1.0
16753.0	2.0
16758.0	1.0
16762.0	1.0
16780.0	2.0
16783.0	1.0
16785.0	1.0
16788.0	1.0
16799.0	1.0
16800.0	1.0
16805.0	1.0
16809.0	1.0
16817.0	1.0
16826.0	1.0
16831.0	1.0
16832.0	1.0
16834.0	2.0
16838.0	1.0
16843.0	1.0
16846.0	2.0
16855.0	1.0
16860.0	2.0
16862.0	1.0
16863.0	1.0
16870.0	1.0
16885.0	2.0
16898.0	1.0
16905.0	1.0
16906.0	1.0
16911.0	1.0
16912.0	1.0
16916.0	1.0
16917.0	2.0
16919.0	1.0
16924.0	1.0
16940.0	1.0
16943.0	1.0
16953.0	1.0
16960.0	2.0
16968.0	1.0
16969.0	1.0
16990.0	1.0
16992.0	1.0
16996.0	1.0
16998.0	1.0
17009.0	1.0
17011.0	1.0
17019.0	1.0
17021.0	1.0
17023.0	1.0
17035.0	2.0
17039.0	1.0
17052.0	1.0
17053.0	1.0
17054.0	1.0
17059.0	1.0
17083.0	1.0
17085.0	1.0
17086.0	1.0
17092.0	1.0
17097.0	1.0
17103.0	1.0
17111.0	1.0
17116.0	1.0
17117.0	2.0
17122.0	1.0
17123.0	1.0
17127.0	1.0
17129.0	1.0
17131.0	1.0
17145.0	1.0
17147.0	1.0
17149.0	1.0
17150.0	1.0
17151.0	1.0
17152.0	2.0
17158.0	2.0
17160.0	1.0
17163.0	1.0
17172.0	1.0
17178.0	1.0
17179.0	1.0
17190.0	1.0
17198.0	1.0
17206.0	2.0
17208.0	1.0
17213.0	1.0
17220.0	1.0
17226.0	1.0
17233.0	1.0
17236.0	1.0
17239.0	1.0
17248.0	1.0
17249.0	1.0
17255.0	1.0
17257.0	1.0
17276.0	1.0
17277.0	1.0
17286.0	1.0
17293.0	1.0
17294.0	1.0
17296.0	2.0
17304.0	1.0
17310.0	1.0
17318.0	1.0
17340.0	1.0
17342.0	1.0
17343.0	1.0
17379.0	1.0
17384.0	1.0
17390.0	1.0
17391.0	1.0
17397.0	1.0
17400.0	1.0
17401.0	2.0
17402.0	1.0
17405.0	1.0
17406.0	1.0
17407.0	1.0
17411.0	1.0
17430.0	1.0
17431.0	2.0
17434.0	1.0
17437.0	1.0
17438.0	1.0
17441.0	1.0
17447.0	1.0
17454.0	1.0
17459.0	1.0
17461.0	1.0
17465.0	1.0
17466.0	1.0
17473.0	1.0
17480.0	1.0
17488.0	2.0
17490.0	1.0
17506.0	1.0
17512.0	1.0
17515.0	1.0
17523.0	1.0
17526.0	1.0
17527.0	1.0
17540.0	1.0
17541.0	1.0
17553.0	1.0
17557.0	1.0
17561.0	1.0
17570.0	1.0
17573.0	2.0
17577.0	1.0
17581.0	1.0
17582.0	1.0
17591.0	2.0
17592.0	1.0
17595.0	1.0
17598.0	2.0
17600.0	1.0
17612.0	2.0
17614.0	2.0
17619.0	1.0
17639.0	1.0
17640.0	2.0
17649.0	1.0
17661.0	1.0
17664.0	1.0
17665.0	1.0
17669.0	1.0
17671.0	1.0
17674.0	1.0
17675.0	1.0
17678.0	1.0
17681.0	1.0
17682.0	1.0
17704.0	1.0
17708.0	1.0
17715.0	1.0
17720.0	1.0
17721.0	1.0
17724.0	1.0
17726.0	1.0
17747.0	1.0
17750.0	1.0
17752.0	1.0
17754.0	1.0
17778.0	1.0
17779.0	1.0
17780.0	1.0
17787.0	1.0
17793.0	1.0
17798.0	1.0
17805.0	1.0
17808.0	1.0
17810.0	1.0
17813.0	1.0
17816.0	2.0
17823.0	1.0
17834.0	1.0
17854.0	1.0
17863.0	1.0
17879.0	1.0
17885.0	1.0
17890.0	1.0
17898.0	1.0
17909.0	1.0
17916.0	1.0
17919.0	1.0
17924.0	1.0
17926.0	1.0
17931.0	1.0
17936.0	1.0
17938.0	2.0
17947.0	1.0
17948.0	1.0
17949.0	1.0
17953.0	1.0
17956.0	1.0
17976.0	1.0
17978.0	1.0
17981.0	1.0
17982.0	1.0
17987.0	1.0
17988.0	2.0
17990.0	1.0
17991.0	1.0
17993.0	1.0
18002.0	1.0
18004.0	2.0
18005.0	1.0
18006.0	1.0
18007.0	1.0
18010.0	2.0
18011.0	1.0
18012.0	1.0
18014.0	1.0
18015.0	1.0
18018.0	1.0
18028.0	1.0
18033.0	1.0
18035.0	1.0
18039.0	1.0
18040.0	1.0
18044.0	1.0
18050.0	1.0
18052.0	1.0
18055.0	1.0
18059.0	1.0
18063.0	2.0
18070.0	1.0
18080.0	1.0
18093.0	1.0
18096.0	1.0
18116.0	1.0
18123.0	1.0
18127.0	1.0
18131.0	1.0
18145.0	1.0
18159.0	1.0
18177.0	1.0
18180.0	1.0
18184.0	1.0
18185.0	1.0
18208.0	1.0
18210.0	2.0
18212.0	1.0
18213.0	1.0
18219.0	1.0
18220.0	1.0
18225.0	1.0
18240.0	1.0
18242.0	2.0
18255.0	1.0
18279.0	1.0
18296.0	1.0
18301.0	1.0
18302.0	1.0
18305.0	1.0
18307.0	1.0
18308.0	2.0
18311.0	1.0
18317.0	1.0
18319.0	1.0
18331.0	1.0
18332.0	1.0
18340.0	1.0
18356.0	1.0
18367.0	1.0
18368.0	1.0
18369.0	1.0
18374.0	1.0
18384.0	1.0
18385.0	1.0
18389.0	1.0
18393.0	1.0
18398.0	1.0
18403.0	1.0
18408.0	1.0
18410.0	1.0
18413.0	2.0
18417.0	1.0
18418.0	1.0
18423.0	1.0
18432.0	2.0
18439.0	2.0
18441.0	1.0
18452.0	1.0
18456.0	1.0
18462.0	1.0
18466.0	1.0
18472.0	1.0
18473.0	1.0
18478.0	1.0
18479.0	1.0
18481.0	1.0
18489.0	1.0
18492.0	1.0
18499.0	1.0
18500.0	1.0
18511.0	1.0
18513.0	1.0
18514.0	2.0
18551.0	1.0
18557.0	1.0
18563.0	1.0
18570.0	1.0
18580.0	1.0
18585.0	1.0
18595.0	2.0
18601.0	1.0
18623.0	2.0
18626.0	1.0
18630.0	1.0
18636.0	1.0
18637.0	1.0
18638.0	1.0
18648.0	1.0
18655.0	1.0
18669.0	1.0
18676.0	2.0
18678.0	1.0
18681.0	2.0
18682.0	1.0
18692.0	1.0
18702.0	1.0
18710.0	1.0
18711.0	1.0
18715.0	1.0
18721.0	1.0
18738.0	1.0
18741.0	1.0
18744.0	1.0
18748.0	1.0
18761.0	1.0
18764.0	1.0
18766.0	1.0
18768.0	1.0
18769.0	1.0
18772.0	1.0
18779.0	1.0
18794.0	1.0
18796.0	1.0
18797.0	1.0
18804.0	1.0
18806.0	1.0
18808.0	1.0
18813.0	1.0
18816.0	1.0
18817.0	1.0
18826.0	1.0
18830.0	1.0
18833.0	1.0
18840.0	1.0
18850.0	1.0
18855.0	1.0
18859.0	1.0
18867.0	1.0
18881.0	1.0
18883.0	1.0
18890.0	1.0
18900.0	1.0
18901.0	2.0
18904.0	1.0
18926.0	1.0
18928.0	1.0
18932.0	1.0
18933.0	1.0
18956.0	2.0
18960.0	1.0
18961.0	1.0
18962.0	1.0
18975.0	1.0
18977.0	1.0
18978.0	1.0
18980.0	1.0
18996.0	1.0
19007.0	1.0
19017.0	1.0
19022.0	1.0
19023.0	1.0
19040.0	1.0
19043.0	1.0
19046.0	1.0
19048.0	1.0
19059.0	2.0
19061.0	1.0
19087.0	1.0
19088.0	1.0
19089.0	1.0
19102.0	1.0
19107.0	1.0
19109.0	1.0
19112.0	1.0
19113.0	1.0
19114.0	2.0
19119.0	1.0
19144.0	1.0
19156.0	1.0
19157.0	1.0
19162.0	1.0
19174.0	1.0
19175.0	1.0
19181.0	1.0
19183.0	1.0
19184.0	1.0
19196.0	1.0
19206.0	1.0
19208.0	2.0
19210.0	1.0
19212.0	1.0
19218.0	1.0
19227.0	1.0
19239.0	1.0
19240.0	1.0
19246.0	1.0
19254.0	1.0
19260.0	1.0
19288.0	1.0
19301.0	1.0
19302.0	2.0
19304.0	1.0
19306.0	1.0
19307.0	1.0
19308.0	1.0
19310.0	1.0
19318.0	1.0
19319.0	2.0
19329.0	1.0
19340.0	1.0
19344.0	1.0
19350.0	2.0
19357.0	1.0
19359.0	1.0
19363.0	1.0
19370.0	1.0
19381.0	1.0
19386.0	1.0
19389.0	1.0
19397.0	1.0
19404.0	1.0
19408.0	1.0
19422.0	1.0
19424.0	1.0
19426.0	1.0
19437.0	1.0
19439.0	1.0
19457.0	1.0
19483.0	1.0
19484.0	1.0
19485.0	1.0
19487.0	1.0
19494.0	1.0
19499.0	1.0
19501.0	1.0
19506.0	1.0
19512.0	1.0
19517.0	1.0
19522.0	1.0
19537.0	1.0
19553.0	2.0
19576.0	1.0
19582.0	1.0
19588.0	1.0
19591.0	1.0
19598.0	1.0
19601.0	1.0
19602.0	1.0
19606.0	1.0
19609.0	1.0
19624.0	1.0
19633.0	1.0
19644.0	1.0
19646.0	1.0
19656.0	1.0
19669.0	1.0
19671.0	1.0
19683.0	1.0
19685.0	1.0
19690.0	1.0
19693.0	1.0
19694.0	1.0
19707.0	2.0
19728.0	1.0
19755.0	1.0
19769.0	1.0
19780.0	1.0
19786.0	1.0
19792.0	1.0
19798.0	1.0
19799.0	1.0
19800.0	2.0
19801.0	1.0
19807.0	1.0
19809.0	1.0
19813.0	1.0
19815.0	1.0
19822.0	1.0
19836.0	1.0
19847.0	1.0
19855.0	1.0
19861.0	1.0
19879.0	1.0
19881.0	1.0
19883.0	1.0
19890.0	1.0
19897.0	1.0
19899.0	1.0
19900.0	2.0
19924.0	1.0
19926.0	1.0
19927.0	1.0
19930.0	1.0
19936.0	1.0
19941.0	1.0
19943.0	1.0
19949.0	1.0
19957.0	1.0
19959.0	2.0
19963.0	1.0
19970.0	1.0
19984.0	1.0
19993.0	1.0
19995.0	2.0
20000.0	1.0
20013.0	1.0
20019.0	1.0
20026.0	1.0
20028.0	1.0
20030.0	1.0
20045.0	1.0
20046.0	1.0
20050.0	1.0
20051.0	2.0
20068.0	1.0
20069.0	1.0
20070.0	1.0
20079.0	1.0
20088.0	1.0
20091.0	1.0
20092.0	1.0
20098.0	1.0
20099.0	2.0
20106.0	1.0
20111.0	1.0
20113.0	1.0
20120.0	1.0
20122.0	1.0
20128.0	1.0
20139.0	2.0
20146.0	1.0
20149.0	1.0
20150.0	1.0
20164.0	1.0
20171.0	1.0
20179.0	1.0
20198.0	1.0
20206.0	1.0
20207.0	1.0
20209.0	1.0
20210.0	1.0
20220.0	1.0
20232.0	1.0
20256.0	1.0
20263.0	1.0
20271.0	1.0
20272.0	1.0
20279.0	1.0
20282.0	1.0
20283.0	1.0
20287.0	1.0
20311.0	1.0
20312.0	1.0
20313.0	1.0
20327.0	2.0
20340.0	1.0
20351.0	1.0
20365.0	1.0
20368.0	3.0
20374.0	1.0
20378.0	1.0
20388.0	1.0
20399.0	1.0
20404.0	2.0
20409.0	1.0
20410.0	1.0
20421.0	1.0
20422.0	1.0
20426.0	1.0
20428.0	1.0
20430.0	1.0
20432.0	1.0
20437.0	1.0
20439.0	1.0
20442.0	1.0
20445.0	1.0
20449.0	1.0
20457.0	1.0
20461.0	1.0
20463.0	1.0
20467.0	1.0
20472.0	1.0
20473.0	1.0
20489.0	2.0
20504.0	1.0
20506.0	1.0
20513.0	1.0
20516.0	2.0
20526.0	1.0
20540.0	1.0
20549.0	1.0
20556.0	1.0
20559.0	2.0
20566.0	1.0
20579.0	1.0
20581.0	3.0
20582.0	2.0
20587.0	1.0
20588.0	1.0
20596.0	1.0
20601.0	1.0
20613.0	1.0
20614.0	1.0
20616.0	2.0
20617.0	1.0
20626.0	1.0
20638.0	1.0
20656.0	1.0
20669.0	1.0
20678.0	1.0
20691.0	1.0
20695.0	1.0
20696.0	1.0
20704.0	1.0
20706.0	1.0
20709.0	2.0
20714.0	1.0
20716.0	1.0
20727.0	1.0
20742.0	1.0
20744.0	1.0
20747.0	1.0
20748.0	1.0
20749.0	2.0
20754.0	1.0
20763.0	1.0
20772.0	1.0
20775.0	1.0
20781.0	2.0
20784.0	1.0
20786.0	1.0
20788.0	2.0
20794.0	1.0
20795.0	2.0
20800.0	1.0
20801.0	1.0
20807.0	1.0
20814.0	1.0
20819.0	2.0
20829.0	1.0
20834.0	1.0
20840.0	1.0
20841.0	1.0
20846.0	1.0
20847.0	1.0
20851.0	1.0
20853.0	1.0
20858.0	1.0
20874.0	1.0
20877.0	1.0
20881.0	1.0
20894.0	1.0
20895.0	1.0
20900.0	1.0
20902.0	1.0
20907.0	1.0
20909.0	2.0
20913.0	1.0
20914.0	1.0
20917.0	1.0
20920.0	1.0
20955.0	1.0
20957.0	1.0
20959.0	1.0
20966.0	1.0
20968.0	1.0
20969.0	1.0
20985.0	1.0
20987.0	1.0
20993.0	1.0
21008.0	1.0
21018.0	1.0
21028.0	1.0
21036.0	1.0
21040.0	1.0
21046.0	1.0
21054.0	1.0
21068.0	1.0
21075.0	1.0
21081.0	1.0
21082.0	1.0
21103.0	1.0
21107.0	1.0
21112.0	1.0
21114.0	1.0
21118.0	1.0
21121.0	1.0
21126.0	1.0
21134.0	1.0
21145.0	2.0
21150.0	1.0
21157.0	1.0
21161.0	1.0
21173.0	2.0
21178.0	1.0
21195.0	1.0
21197.0	1.0
21198.0	1.0
21202.0	1.0
21203.0	2.0
21208.0	1.0
21211.0	1.0
21218.0	2.0
21219.0	1.0
21225.0	1.0
21226.0	1.0
21241.0	1.0
21242.0	1.0
21257.0	1.0
21258.0	1.0
21261.0	1.0
21263.0	1.0
21265.0	1.0
21266.0	1.0
21267.0	1.0
21269.0	1.0
21277.0	2.0
21285.0	1.0
21287.0	1.0
21288.0	1.0
21292.0	1.0
21302.0	1.0
21307.0	1.0
21319.0	1.0
21331.0	1.0
21338.0	1.0
21344.0	1.0
21346.0	1.0
21347.0	1.0
21352.0	1.0
21353.0	1.0
21354.0	1.0
21358.0	1.0
21367.0	1.0
21368.0	1.0
21374.0	1.0
21375.0	1.0
21388.0	1.0
21390.0	1.0
21393.0	1.0
21396.0	1.0
21399.0	1.0
21404.0	1.0
21407.0	1.0
21410.0	1.0
21432.0	1.0
21436.0	1.0
21439.0	2.0
21445.0	1.0
21452.0	1.0
21453.0	1.0
21455.0	1.0
21463.0	1.0
21473.0	1.0
21474.0	1.0
21476.0	1.0
21477.0	1.0
21479.0	2.0
21483.0	1.0
21487.0	1.0
21489.0	1.0
21490.0	1.0
21491.0	1.0
21499.0	1.0
21501.0	1.0
21504.0	1.0
21507.0	1.0
21512.0	1.0
21519.0	1.0
21560.0	1.0
21562.0	1.0
21564.0	1.0
21570.0	1.0
21598.0	1.0
21631.0	1.0
21640.0	1.0
21647.0	1.0
21666.0	1.0
21667.0	1.0
21671.0	1.0
21674.0	1.0
21675.0	1.0
21677.0	1.0
21695.0	1.0
21698.0	1.0
21704.0	1.0
21714.0	1.0
21724.0	1.0
21726.0	1.0
21745.0	1.0
21750.0	1.0
21758.0	2.0
21760.0	1.0
21763.0	1.0
21767.0	1.0
21776.0	1.0
21781.0	1.0
21788.0	1.0
21789.0	1.0
21797.0	1.0
21802.0	1.0
21807.0	1.0
21813.0	1.0
21821.0	2.0
21827.0	1.0
21828.0	1.0
21829.0	1.0
21841.0	1.0
21849.0	1.0
21852.0	1.0
21880.0	2.0
21883.0	1.0
21887.0	1.0
21899.0	1.0
21900.0	2.0
21905.0	1.0
21906.0	1.0
21908.0	1.0
21912.0	2.0
21916.0	1.0
21917.0	1.0
21919.0	1.0
21932.0	1.0
21937.0	1.0
21946.0	1.0
21947.0	1.0
21955.0	2.0
21959.0	1.0
21960.0	1.0
21976.0	1.0
21983.0	1.0
21987.0	1.0
21991.0	1.0
21997.0	1.0
22011.0	1.0
22013.0	1.0
22014.0	1.0
22016.0	2.0
22020.0	1.0
22023.0	1.0
22029.0	1.0
22030.0	1.0
22031.0	1.0
22035.0	1.0
22037.0	2.0
22040.0	1.0
22043.0	1.0
22055.0	1.0
22059.0	1.0
22070.0	1.0
22071.0	2.0
22079.0	1.0
22085.0	1.0
22091.0	1.0
22096.0	1.0
22102.0	1.0
22104.0	1.0
22137.0	1.0
22143.0	2.0
22148.0	1.0
22149.0	2.0
22155.0	1.0
22169.0	1.0
22174.0	1.0
22181.0	1.0
22186.0	1.0
22187.0	1.0
22196.0	1.0
22199.0	1.0
22200.0	1.0
22205.0	1.0
22206.0	1.0
22209.0	1.0
22220.0	1.0
22225.0	1.0
22231.0	1.0
22232.0	1.0
22242.0	1.0
22247.0	1.0
22248.0	1.0
22250.0	2.0
22251.0	1.0
22252.0	1.0
22254.0	1.0
22259.0	2.0
22261.0	1.0
22270.0	1.0
22279.0	2.0
22294.0	1.0
22302.0	1.0
22310.0	1.0
22313.0	1.0
22322.0	1.0
22326.0	1.0
22331.0	1.0
22334.0	1.0
22337.0	1.0
22364.0	1.0
22373.0	1.0
22375.0	2.0
22376.0	1.0
22393.0	1.0
22400.0	1.0
22409.0	1.0
22431.0	1.0
22433.0	1.0
22439.0	1.0
22445.0	1.0
22448.0	1.0
22449.0	2.0
22451.0	1.0
22463.0	1.0
22466.0	1.0
22469.0	1.0
22472.0	1.0
22473.0	1.0
22475.0	1.0
22482.0	1.0
22483.0	1.0
22489.0	1.0
22491.0	1.0
22495.0	1.0
22500.0	1.0
22512.0	1.0
22516.0	1.0
22519.0	2.0
22522.0	1.0
22524.0	1.0
22526.0	1.0
22527.0	1.0
22535.0	1.0
22550.0	1.0
22558.0	1.0
22567.0	1.0
22571.0	1.0
22576.0	1.0
22582.0	1.0
22593.0	1.0
22595.0	1.0
22603.0	1.0
22605.0	1.0
22611.0	1.0
22618.0	1.0
22628.0	1.0
22634.0	1.0
22638.0	1.0
22641.0	1.0
22648.0	1.0
22652.0	1.0
22653.0	1.0
22668.0	1.0
22671.0	2.0
22684.0	1.0
22687.0	1.0
22690.0	1.0
22694.0	1.0
22695.0	1.0
22700.0	1.0
22703.0	1.0
22709.0	1.0
22712.0	1.0
22725.0	1.0
22737.0	1.0
22738.0	1.0
22746.0	1.0
22748.0	2.0
22753.0	1.0
22754.0	1.0
22757.0	1.0
22773.0	1.0
22784.0	1.0
22794.0	1.0
22799.0	1.0
22800.0	1.0
22810.0	1.0
22812.0	1.0
22816.0	1.0
22822.0	2.0
22826.0	2.0
22835.0	2.0
22838.0	1.0
22840.0	2.0
22847.0	1.0
22856.0	1.0
22870.0	2.0
22871.0	1.0
22872.0	1.0
22875.0	2.0
22878.0	1.0
22882.0	1.0
22883.0	1.0
22885.0	1.0
22888.0	1.0
22891.0	1.0
22898.0	1.0
22901.0	1.0
22903.0	1.0
22905.0	1.0
22906.0	1.0
22909.0	1.0
22921.0	1.0
22922.0	1.0
22929.0	1.0
22933.0	1.0
22934.0	1.0
22937.0	1.0
22948.0	1.0
22957.0	1.0
22967.0	1.0
22976.0	1.0
22983.0	1.0
22987.0	1.0
23005.0	1.0
23007.0	1.0
23008.0	1.0
23009.0	1.0
23016.0	1.0
23017.0	1.0
23020.0	1.0
23022.0	1.0
23027.0	1.0
23030.0	1.0
23034.0	2.0
23043.0	1.0
23061.0	1.0
23062.0	1.0
23063.0	1.0
23076.0	1.0
23103.0	1.0
23110.0	1.0
23112.0	1.0
23120.0	3.0
23121.0	1.0
23128.0	1.0
23136.0	1.0
23164.0	1.0
23165.0	1.0
23173.0	1.0
23187.0	1.0
23195.0	1.0
23215.0	1.0
23231.0	1.0
23232.0	1.0
23247.0	1.0
23255.0	1.0
23272.0	1.0
23275.0	1.0
23279.0	1.0
23282.0	1.0
23285.0	1.0
23294.0	2.0
23295.0	1.0
23318.0	1.0
23319.0	1.0
23320.0	2.0
23321.0	1.0
23326.0	1.0
23337.0	1.0
23346.0	1.0
23347.0	1.0
23350.0	1.0
23360.0	1.0
23365.0	1.0
23368.0	1.0
23369.0	1.0
23374.0	1.0
23376.0	1.0
23381.0	1.0
23382.0	1.0
23391.0	1.0
23401.0	1.0
23413.0	1.0
23414.0	1.0
23421.0	1.0
23422.0	1.0
23424.0	2.0
23426.0	1.0
23445.0	2.0
23454.0	1.0
23467.0	1.0
23471.0	1.0
23473.0	1.0
23477.0	1.0
23492.0	1.0
23505.0	1.0
23521.0	1.0
23525.0	1.0
23526.0	1.0
23532.0	2.0
23533.0	1.0
23536.0	1.0
23538.0	1.0
23552.0	1.0
23553.0	1.0
23561.0	1.0
23563.0	1.0
23565.0	1.0
23566.0	1.0
23568.0	1.0
23577.0	1.0
23579.0	1.0
23596.0	1.0
23598.0	1.0
23599.0	1.0
23603.0	1.0
23604.0	1.0
23609.0	1.0
23614.0	1.0
23625.0	1.0
23626.0	1.0
23627.0	1.0
23630.0	1.0
23633.0	2.0
23637.0	1.0
23645.0	1.0
23646.0	2.0
23654.0	1.0
23661.0	1.0
23686.0	1.0
23694.0	2.0
23707.0	1.0
23716.0	1.0
23720.0	1.0
23727.0	1.0
23739.0	1.0
23742.0	1.0
23771.0	1.0
23773.0	1.0
23776.0	1.0
23783.0	1.0
23791.0	1.0
23794.0	1.0
23800.0	1.0
23802.0	1.0
23806.0	1.0
23811.0	2.0
23821.0	1.0
23824.0	1.0
23825.0	1.0
23836.0	1.0
23845.0	1.0
23850.0	1.0
23862.0	1.0
23865.0	1.0
23879.0	1.0
23902.0	1.0
23906.0	1.0
23908.0	1.0
23912.0	1.0
23917.0	1.0
23918.0	1.0
23920.0	1.0
23937.0	1.0
23952.0	1.0
23956.0	1.0
23960.0	1.0
23970.0	1.0
23971.0	1.0
24001.0	1.0
24010.0	1.0
24052.0	2.0
24055.0	1.0
24061.0	1.0
24068.0	1.0
24070.0	1.0
24093.0	1.0
24097.0	1.0
24121.0	1.0
24127.0	1.0
24135.0	1.0
24142.0	1.0
24145.0	1.0
24154.0	1.0
24157.0	1.0
24161.0	1.0
24165.0	1.0
24179.0	1.0
24185.0	1.0
24188.0	1.0
24195.0	1.0
24201.0	1.0
24202.0	1.0
24203.0	1.0
24210.0	1.0
24213.0	1.0
24221.0	1.0
24236.0	1.0
24247.0	1.0
24249.0	1.0
24260.0	1.0
24264.0	1.0
24271.0	1.0
24273.0	1.0
24294.0	1.0
24304.0	1.0
24329.0	1.0
24335.0	1.0
24336.0	1.0
24346.0	1.0
24356.0	1.0
24357.0	1.0
24360.0	1.0
24361.0	1.0
24365.0	2.0
24398.0	1.0
24405.0	1.0
24420.0	1.0
24433.0	1.0
24451.0	1.0
24473.0	1.0
24475.0	1.0
24477.0	1.0
24478.0	1.0
24484.0	1.0
24506.0	1.0
24510.0	1.0
24511.0	1.0
24524.0	1.0
24531.0	1.0
24555.0	1.0
24563.0	1.0
24623.0	1.0
24633.0	1.0
24643.0	1.0
24652.0	1.0
24664.0	1.0
24676.0	1.0
24681.0	1.0
24689.0	1.0
24699.0	1.0
24701.0	1.0
24708.0	1.0
24710.0	1.0
24714.0	2.0
24735.0	1.0
24746.0	1.0
24755.0	1.0
24756.0	1.0
24757.0	1.0
24765.0	1.0
24770.0	1.0
24780.0	1.0
24798.0	1.0
24807.0	1.0
24819.0	1.0
24823.0	3.0
24833.0	1.0
24836.0	2.0
24848.0	2.0
24850.0	1.0
24855.0	1.0
24873.0	1.0
24874.0	1.0
24878.0	1.0
24883.0	1.0
24884.0	1.0
24887.0	1.0
24920.0	1.0
24927.0	2.0
24933.0	1.0
24936.0	1.0
24950.0	1.0
24954.0	1.0
24955.0	1.0
24958.0	1.0
24965.0	1.0
25008.0	1.0
25012.0	1.0
25027.0	1.0
25051.0	2.0
25055.0	1.0
25061.0	1.0
25079.0	1.0
25083.0	2.0
25084.0	1.0
25085.0	1.0
25095.0	2.0
25109.0	1.0
25117.0	1.0
25121.0	1.0
25123.0	1.0
25124.0	1.0
25127.0	1.0
25130.0	1.0
25139.0	1.0
25171.0	1.0
25176.0	1.0
25189.0	1.0
25191.0	1.0
25196.0	1.0
25200.0	1.0
25202.0	1.0
25210.0	2.0
25212.0	2.0
25219.0	1.0
25220.0	1.0
25227.0	1.0
25230.0	3.0
25235.0	1.0
25263.0	1.0
25271.0	1.0
25276.0	1.0
25279.0	1.0
25303.0	1.0
25305.0	1.0
25310.0	1.0
25318.0	1.0
25322.0	1.0
25328.0	1.0
25346.0	1.0
25351.0	1.0
25353.0	1.0
25357.0	1.0
25360.0	1.0
25379.0	1.0
25380.0	1.0
25385.0	1.0
25396.0	1.0
25400.0	2.0
25404.0	1.0
25417.0	1.0
25422.0	1.0
25425.0	1.0
25447.0	1.0
25448.0	1.0
25449.0	1.0
25450.0	1.0
25452.0	2.0
25453.0	1.0
25455.0	1.0
25466.0	1.0
25474.0	1.0
25475.0	1.0
25489.0	1.0
25493.0	1.0
25501.0	1.0
25502.0	1.0
25505.0	1.0
25506.0	1.0
25508.0	1.0
25512.0	1.0
25521.0	1.0
25532.0	1.0
25536.0	1.0
25540.0	1.0
25552.0	1.0
25558.0	1.0
25563.0	1.0
25565.0	1.0
25580.0	1.0
25583.0	1.0
25585.0	1.0
25592.0	1.0
25598.0	1.0
25605.0	1.0
25611.0	1.0
25618.0	1.0
25625.0	1.0
25631.0	1.0
25632.0	2.0
25641.0	1.0
25648.0	1.0
25656.0	1.0
25662.0	1.0
25672.0	1.0
25685.0	1.0
25688.0	2.0
25694.0	2.0
25695.0	1.0
25700.0	1.0
25709.0	1.0
25721.0	2.0
25724.0	1.0
25725.0	1.0
25746.0	1.0
25762.0	1.0
25764.0	1.0
25782.0	1.0
25788.0	1.0
25804.0	1.0
25810.0	1.0
25813.0	1.0
25817.0	1.0
25836.0	1.0
25850.0	1.0
25862.0	1.0
25883.0	1.0
25895.0	1.0
25897.0	1.0
25912.0	1.0
25935.0	1.0
25949.0	1.0
25950.0	1.0
25956.0	1.0
25967.0	1.0
25968.0	1.0
25971.0	1.0
25985.0	1.0
25987.0	1.0
26014.0	1.0
26033.0	1.0
26047.0	1.0
26061.0	1.0
26081.0	1.0
26101.0	1.0
26108.0	1.0
26110.0	1.0
26111.0	1.0
26119.0	1.0
26137.0	1.0
26138.0	1.0
26155.0	1.0
26161.0	1.0
26182.0	1.0
26215.0	1.0
26236.0	1.0
26237.0	2.0
26257.0	1.0
26259.0	1.0
26269.0	1.0
26282.0	1.0
26291.0	1.0
26292.0	1.0
26299.0	1.0
26300.0	1.0
26302.0	1.0
26304.0	1.0
26308.0	1.0
26313.0	1.0
26319.0	1.0
26336.0	1.0
26348.0	1.0
26359.0	1.0
26371.0	1.0
26437.0	1.0
26471.0	1.0
26472.0	1.0
26479.0	1.0
26487.0	1.0
26496.0	1.0
26507.0	1.0
26529.0	1.0
26538.0	1.0
26540.0	1.0
26548.0	1.0
26552.0	1.0
26565.0	1.0
26567.0	1.0
26572.0	1.0
26582.0	1.0
26617.0	1.0
26626.0	1.0
26651.0	1.0
26659.0	1.0
26667.0	1.0
26676.0	1.0
26691.0	1.0
26735.0	1.0
26737.0	1.0
26742.0	1.0
26753.0	2.0
26754.0	1.0
26782.0	1.0
26786.0	1.0
26801.0	1.0
26802.0	1.0
26807.0	1.0
26809.0	1.0
26814.0	1.0
26818.0	1.0
26825.0	1.0
26829.0	1.0
26832.0	1.0
26843.0	1.0
26879.0	1.0
26882.0	1.0
26883.0	1.0
26892.0	1.0
26898.0	1.0
26916.0	1.0
26920.0	1.0
26922.0	1.0
26928.0	1.0
26944.0	1.0
26952.0	1.0
26970.0	1.0
26992.0	2.0
27006.0	1.0
27019.0	1.0
27026.0	1.0
27028.0	1.0
27029.0	1.0
27040.0	1.0
27048.0	1.0
27100.0	1.0
27156.0	1.0
27160.0	1.0
27181.0	1.0
27193.0	1.0
27200.0	1.0
27204.0	1.0
27214.0	1.0
27216.0	1.0
27229.0	1.0
27233.0	1.0
27305.0	1.0
27348.0	1.0
27352.0	1.0
27363.0	1.0
27365.0	1.0
27369.0	1.0
27373.0	1.0
27408.0	1.0
27411.0	1.0
27412.0	1.0
27417.0	1.0
27462.0	1.0
27470.0	1.0
27477.0	1.0
27478.0	1.0
27481.0	1.0
27487.0	1.0
27489.0	1.0
27492.0	2.0
27493.0	1.0
27504.0	1.0
27548.0	1.0
27549.0	1.0
27564.0	1.0
27569.0	1.0
27594.0	1.0
27639.0	2.0
27666.0	1.0
27687.0	1.0
27702.0	1.0
27739.0	1.0
27744.0	1.0
27745.0	1.0
27750.0	1.0
27761.0	1.0
27813.0	1.0
27825.0	1.0
27827.0	1.0
27831.0	1.0
27876.0	1.0
27883.0	1.0
27885.0	1.0
27904.0	1.0
27936.0	1.0
27941.0	1.0
27972.0	1.0
27983.0	1.0
28032.0	1.0
28051.0	1.0
28055.0	1.0
28061.0	1.0
28067.0	1.0
28068.0	1.0
28081.0	1.0
28099.0	1.0
28180.0	1.0
28208.0	1.0
28239.0	1.0
28280.0	1.0
28283.0	1.0
28300.0	1.0
28343.0	1.0
28392.0	1.0
28403.0	1.0
28420.0	1.0
28455.0	1.0
28480.0	1.0
28483.0	1.0
28503.0	1.0
28519.0	1.0
28524.0	1.0
28526.0	1.0
28541.0	1.0
28556.0	1.0
28597.0	1.0
28598.0	1.0
28613.0	1.0
28620.0	1.0
28621.0	1.0
28631.0	1.0
28648.0	1.0
28649.0	1.0
28665.0	1.0
28688.0	1.0
28694.0	1.0
28705.0	1.0
28712.0	1.0
28725.0	1.0
28744.0	1.0
28760.0	1.0
28786.0	1.0
28787.0	1.0
28790.0	1.0
28798.0	1.0
28799.0	1.0
28806.0	2.0
28807.0	1.0
28809.0	1.0
28829.0	1.0
28867.0	1.0
28868.0	1.0
28875.0	1.0
28886.0	1.0
28901.0	1.0
28906.0	1.0
28915.0	1.0
28919.0	1.0
28931.0	1.0
28946.0	1.0
28953.0	1.0
28985.0	1.0
28996.0	1.0
29011.0	1.0
29036.0	1.0
29078.0	1.0
29093.0	1.0
29102.0	1.0
29109.0	1.0
29117.0	1.0
29145.0	1.0
29193.0	1.0
29197.0	1.0
29202.0	1.0
29227.0	1.0
29229.0	1.0
29230.0	1.0
29264.0	1.0
29322.0	1.0
29388.0	1.0
29389.0	1.0
29410.0	1.0
29412.0	1.0
29418.0	1.0
29428.0	1.0
29429.0	1.0
29457.0	1.0
29486.0	1.0
29494.0	1.0
29500.0	1.0
29514.0	1.0
29527.0	1.0
29535.0	1.0
29541.0	1.0
29545.0	1.0
29554.0	1.0
29555.0	1.0
29590.0	1.0
29592.0	1.0
29602.0	1.0
29610.0	1.0
29631.0	1.0
29636.0	1.0
29657.0	1.0
29672.0	1.0
29691.0	1.0
29711.0	1.0
29724.0	1.0
29727.0	1.0
29732.0	1.0
29760.0	1.0
29766.0	1.0
29769.0	1.0
29778.0	1.0
29790.0	1.0
29796.0	1.0
29797.0	1.0
29798.0	1.0
29838.0	1.0
29844.0	1.0
29848.0	1.0
29866.0	1.0
29914.0	1.0
29998.0	1.0
30024.0	1.0
30043.0	1.0
30044.0	1.0
30085.0	1.0
30109.0	1.0
30118.0	1.0
30136.0	1.0
30185.0	1.0
30205.0	1.0
30236.0	1.0
30278.0	1.0
30286.0	1.0
30330.0	1.0
30334.0	1.0
30374.0	1.0
30378.0	1.0
30415.0	1.0
30438.0	1.0
30447.0	1.0
30473.0	1.0
30504.0	1.0
30515.0	1.0
30546.0	1.0
30626.0	1.0
30631.0	1.0
30667.0	1.0
30668.0	1.0
30692.0	1.0
30747.0	1.0
30767.0	1.0
30768.0	1.0
30846.0	1.0
30864.0	1.0
30880.0	1.0
30898.0	1.0
30899.0	1.0
30922.0	1.0
30941.0	1.0
30951.0	1.0
30972.0	1.0
30979.0	1.0
31007.0	1.0
31043.0	1.0
31047.0	1.0
31048.0	1.0
31057.0	1.0
31070.0	1.0
31089.0	1.0
31098.0	1.0
31163.0	1.0
31206.0	1.0
31218.0	1.0
31223.0	1.0
31229.0	1.0
31230.0	1.0
31234.0	1.0
31272.0	1.0
31283.0	1.0
31292.0	1.0
31309.0	1.0
31353.0	1.0
31363.0	1.0
31368.0	1.0
31375.0	1.0
31401.0	1.0
31438.0	1.0
31526.0	1.0
31537.0	1.0
31583.0	1.0
31587.0	1.0
31624.0	1.0
31649.0	1.0
31679.0	1.0
31686.0	1.0
31691.0	1.0
31719.0	1.0
31732.0	1.0
31742.0	1.0
31743.0	1.0
31762.0	1.0
31775.0	1.0
31796.0	1.0
31812.0	1.0
31838.0	1.0
31865.0	1.0
31879.0	1.0
31921.0	1.0
31928.0	1.0
31955.0	1.0
31967.0	1.0
32004.0	1.0
32050.0	1.0
32073.0	1.0
32100.0	1.0
32114.0	1.0
32119.0	1.0
32125.0	1.0
32172.0	1.0
32189.0	1.0
32227.0	1.0
32273.0	1.0
32291.0	1.0
32296.0	1.0
32341.0	1.0
32361.0	1.0
32366.0	1.0
32369.0	1.0
32372.0	1.0
32411.0	1.0
32418.0	1.0
32434.0	1.0
32452.0	1.0
32481.0	1.0
32493.0	1.0
32523.0	1.0
32540.0	1.0
32563.0	1.0
32595.0	1.0
32606.0	1.0
32650.0	1.0
32659.0	1.0
32671.0	1.0
32763.0	1.0
32766.0	1.0
32768.0	1.0
32780.0	1.0
32818.0	1.0
32837.0	1.0
32888.0	1.0
32897.0	1.0
32900.0	1.0
32909.0	1.0
32935.0	1.0
32966.0	1.0
32994.0	1.0
33043.0	1.0
33059.0	1.0
33085.0	1.0
33098.0	1.0
33153.0	1.0
33160.0	1.0
33172.0	1.0
33176.0	1.0
33181.0	1.0
33195.0	1.0
33197.0	1.0
33239.0	1.0
33287.0	1.0
33294.0	1.0
33316.0	1.0
33342.0	2.0
33355.0	1.0
33395.0	1.0
33417.0	1.0
33441.0	1.0
33450.0	1.0
33461.0	1.0
33482.0	1.0
33539.0	1.0
33542.0	2.0
33559.0	1.0
33561.0	1.0
33564.0	2.0
33590.0	1.0
33638.0	1.0
33674.0	1.0
33679.0	1.0
33686.0	1.0
33757.0	1.0
33783.0	1.0
33785.0	1.0
33813.0	1.0
33838.0	1.0
33857.0	1.0
33882.0	1.0
33894.0	2.0
33919.0	1.0
33952.0	1.0
33963.0	1.0
33984.0	1.0
33988.0	2.0
33996.0	1.0
34028.0	1.0
34040.0	1.0
34045.0	1.0
34055.0	1.0
34060.0	1.0
34062.0	1.0
34069.0	1.0
34089.0	1.0
34106.0	1.0
34126.0	1.0
34129.0	1.0
34140.0	1.0
34163.0	1.0
34187.0	1.0
34241.0	1.0
34277.0	1.0
34281.0	1.0
34309.0	1.0
34354.0	1.0
34418.0	1.0
34429.0	1.0
34449.0	1.0
34450.0	1.0
34482.0	1.0
34493.0	1.0
34508.0	1.0
34533.0	1.0
34552.0	1.0
34553.0	1.0
34560.0	1.0
34571.0	1.0
34575.0	1.0
34587.0	1.0
34628.0	1.0
34633.0	1.0
34634.0	1.0
34661.0	1.0
34664.0	1.0
34681.0	1.0
34735.0	1.0
34766.0	1.0
34784.0	1.0
34807.0	1.0
34823.0	1.0
34858.0	1.0
34897.0	1.0
34927.0	1.0
34947.0	1.0
34969.0	1.0
34999.0	1.0
35010.0	1.0
35020.0	1.0
35031.0	1.0
35040.0	1.0
35122.0	1.0
35137.0	1.0
35159.0	1.0
35167.0	1.0
35181.0	1.0
35213.0	1.0
35219.0	1.0
35228.0	1.0
35262.0	1.0
35334.0	1.0
35366.0	1.0
35384.0	1.0
35399.0	1.0
35418.0	1.0
35419.0	1.0
35420.0	1.0
35434.0	1.0
35455.0	1.0
35524.0	1.0
35569.0	1.0
35655.0	1.0
35663.0	1.0
35665.0	1.0
35692.0	1.0
35735.0	2.0
35739.0	1.0
35744.0	1.0
35774.0	1.0
35776.0	1.0
35807.0	1.0
35835.0	1.0
35907.0	1.0
35924.0	1.0
35941.0	1.0
35959.0	1.0
35991.0	1.0
35997.0	1.0
36030.0	1.0
36032.0	1.0
36049.0	1.0
36069.0	1.0
36083.0	1.0
36112.0	1.0
36129.0	1.0
36148.0	1.0
36188.0	1.0
36213.0	1.0
36224.0	1.0
36238.0	1.0
36239.0	1.0
36320.0	1.0
36323.0	1.0
36329.0	1.0
36339.0	1.0
36358.0	1.0
36423.0	1.0
36446.0	1.0
36473.0	1.0
36546.0	1.0
36705.0	1.0
36797.0	1.0
36833.0	1.0
36836.0	1.0
36929.0	1.0
36943.0	1.0
36974.0	1.0
37038.0	1.0
37093.0	1.0
37167.0	1.0
37192.0	1.0
37210.0	1.0
37216.0	1.0
37245.0	2.0
37273.0	1.0
37278.0	1.0
37291.0	1.0
37348.0	1.0
37362.0	1.0
37433.0	1.0
37436.0	1.0
37440.0	1.0
37441.0	1.0
37443.0	1.0
37478.0	1.0
37480.0	1.0
37482.0	1.0
37492.0	1.0
37503.0	1.0
37512.0	1.0
37534.0	1.0
37568.0	1.0
37577.0	1.0
37587.0	1.0
37596.0	1.0
37633.0	1.0
37653.0	1.0
37664.0	1.0
37666.0	1.0
37668.0	1.0
37674.0	1.0
37691.0	1.0
37699.0	1.0
37702.0	1.0
37727.0	1.0
37747.0	1.0
37759.0	1.0
37774.0	1.0
37785.0	1.0
37792.0	1.0
37816.0	1.0
37853.0	1.0
37863.0	1.0
37887.0	1.0
37906.0	1.0
37918.0	1.0
37933.0	1.0
37935.0	1.0
37955.0	1.0
37962.0	1.0
37964.0	1.0
37982.0	1.0
37991.0	1.0
38031.0	1.0
38053.0	1.0
38089.0	1.0
38096.0	1.0
38104.0	1.0
38111.0	1.0
38149.0	1.0
38158.0	1.0
38207.0	1.0
38232.0	1.0
38233.0	1.0
38240.0	1.0
38264.0	1.0
38277.0	1.0
38278.0	1.0
38302.0	1.0
38303.0	1.0
38328.0	1.0
38330.0	1.0
38391.0	1.0
38471.0	1.0
38516.0	1.0
38551.0	1.0
38590.0	1.0
38597.0	1.0
38608.0	1.0
38614.0	1.0
38639.0	1.0
38652.0	1.0
38672.0	1.0
38703.0	1.0
38708.0	1.0
38719.0	1.0
38731.0	1.0
38754.0	1.0
38757.0	1.0
38778.0	1.0
38785.0	1.0
38810.0	1.0
38832.0	1.0
38846.0	1.0
38854.0	1.0
38886.0	1.0
38888.0	1.0
38907.0	1.0
38916.0	1.0
38926.0	1.0
38948.0	1.0
38992.0	1.0
39018.0	1.0
39074.0	1.0
39076.0	1.0
39084.0	1.0
39131.0	1.0
39135.0	1.0
39199.0	1.0
39203.0	1.0
39208.0	1.0
39250.0	1.0
39265.0	1.0
39266.0	1.0
39314.0	1.0
39325.0	1.0
39326.0	1.0
39328.0	1.0
39362.0	1.0
39401.0	1.0
39419.0	1.0
39426.0	1.0
39430.0	1.0
39437.0	1.0
39454.0	1.0
39482.0	1.0
39505.0	1.0
39568.0	1.0
39600.0	1.0
39609.0	1.0
39615.0	1.0
39640.0	1.0
39645.0	1.0
39671.0	1.0
39714.0	1.0
39748.0	1.0
39786.0	1.0
39817.0	1.0
39859.0	1.0
39905.0	1.0
40014.0	1.0
40051.0	1.0
40140.0	1.0
40154.0	1.0
40165.0	1.0
40202.0	1.0
40237.0	1.0
40238.0	1.0
40282.0	1.0
40302.0	1.0
40312.0	1.0
40332.0	1.0
40369.0	1.0
40374.0	1.0
40408.0	1.0
40427.0	1.0
40434.0	1.0
40472.0	1.0
40480.0	1.0
40492.0	1.0
40530.0	1.0
40539.0	1.0
40540.0	1.0
40570.0	1.0
40740.0	1.0
40808.0	1.0
40826.0	1.0
40837.0	1.0
40877.0	1.0
40944.0	1.0
41001.0	1.0
41008.0	1.0
41010.0	1.0
41036.0	1.0
41139.0	1.0
41165.0	1.0
41204.0	1.0
41215.0	1.0
41265.0	1.0
41326.0	1.0
41334.0	1.0
41388.0	1.0
41399.0	1.0
41424.0	1.0
41462.0	1.0
41604.0	1.0
41647.0	1.0
41650.0	1.0
41742.0	1.0
41750.0	1.0
41754.0	1.0
41789.0	1.0
41805.0	1.0
41846.0	1.0
41867.0	1.0
41873.0	1.0
41890.0	1.0
41914.0	1.0
41956.0	1.0
41973.0	1.0
41982.0	1.0
42008.0	1.0
42060.0	1.0
42087.0	1.0
42147.0	1.0
42148.0	1.0
42184.0	1.0
42195.0	1.0
42269.0	1.0
42271.0	1.0
42277.0	1.0
42347.0	1.0
42362.0	1.0
42500.0	1.0
42551.0	1.0
42558.0	1.0
42559.0	1.0
42646.0	1.0
42670.0	1.0
42682.0	1.0
42711.0	1.0
42717.0	1.0
42811.0	1.0
42891.0	1.0
42989.0	1.0
43054.0	1.0
43141.0	1.0
43156.0	1.0
43251.0	1.0
43260.0	1.0
43286.0	1.0
43296.0	1.0
43351.0	1.0
43362.0	1.0
43410.0	1.0
43411.0	1.0
43482.0	1.0
43535.0	1.0
43610.0	1.0
43644.0	1.0
43672.0	1.0
43676.0	1.0
43727.0	1.0
43735.0	1.0
43747.0	1.0
43796.0	1.0
43875.0	1.0
43891.0	1.0
43902.0	1.0
43948.0	1.0
43996.0	1.0
44063.0	1.0
44141.0	1.0
44152.0	1.0
44178.0	1.0
44225.0	1.0
44229.0	1.0
44285.0	1.0
44345.0	1.0
44519.0	1.0
44567.0	1.0
44627.0	1.0
44668.0	1.0
44718.0	1.0
44770.0	1.0
44885.0	1.0
44889.0	1.0
44927.0	2.0
45008.0	1.0
45018.0	1.0
45054.0	1.0
45178.0	1.0
45187.0	1.0
45231.0	1.0
45249.0	1.0
45287.0	1.0
45419.0	1.0
45449.0	1.0
45474.0	1.0
45538.0	1.0
45552.0	1.0
45623.0	1.0
45667.0	1.0
45816.0	1.0
45828.0	1.0
45859.0	1.0
46122.0	1.0
46507.0	1.0
46621.0	1.0
46653.0	1.0
46781.0	1.0
46796.0	1.0
46901.0	1.0
46908.0	1.0
46980.0	1.0
47004.0	1.0
47006.0	1.0
47134.0	1.0
47200.0	1.0
47266.0	1.0
47722.0	1.0
47808.0	1.0
47892.0	1.0
47905.0	1.0
47921.0	1.0
48026.0	1.0
48062.0	1.0
48143.0	1.0
48159.0	1.0
48189.0	1.0
48310.0	1.0
48375.0	1.0
48426.0	1.0
48505.0	1.0
48684.0	1.0
48725.0	1.0
48744.0	1.0
48864.0	1.0
48943.0	1.0
48979.0	1.0
49012.0	1.0
49021.0	1.0
49048.0	1.0
49215.0	1.0
49230.0	1.0
49238.0	1.0
49337.0	1.0
49356.0	1.0
49420.0	1.0
49437.0	1.0
49485.0	1.0
49601.0	1.0
49639.0	1.0
49657.0	1.0
49700.0	1.0
49714.0	1.0
49725.0	1.0
49782.0	1.0
49825.0	1.0
49851.0	1.0
49852.0	1.0
49854.0	1.0
49906.0	1.0
49916.0	1.0
49917.0	1.0
49922.0	1.0
49945.0	1.0
50002.0	1.0
50043.0	1.0
50063.0	1.0
50088.0	1.0
50089.0	1.0
50097.0	2.0
50220.0	3.0
50225.0	1.0
50229.0	1.0
50245.0	1.0
50337.0	1.0
50367.0	1.0
50397.0	1.0
50401.0	1.0
50408.0	1.0
50416.0	1.0
50422.0	1.0
50433.0	1.0
50441.0	1.0
50548.0	1.0
50586.0	1.0
50605.0	1.0
50647.0	1.0
50674.0	1.0
50722.0	1.0
50798.0	1.0
50804.0	1.0
50829.0	1.0
50876.0	2.0
50937.0	1.0
51001.0	1.0
51030.0	1.0
51160.0	1.0
51166.0	1.0
51167.0	1.0
51204.0	1.0
51293.0	1.0
51315.0	1.0
51381.0	1.0
51564.0	1.0
51614.0	1.0
51699.0	1.0
51795.0	1.0
51876.0	1.0
51957.0	1.0
51969.0	1.0
51973.0	1.0
52060.0	1.0
52091.0	1.0
52340.0	1.0
52399.0	1.0
52498.0	1.0
52553.0	1.0
52578.0	1.0
52581.0	1.0
52627.0	1.0
52697.0	1.0
52706.0	1.0
52714.0	1.0
52781.0	1.0
52782.0	1.0
52801.0	1.0
52812.0	1.0
52838.0	1.0
52907.0	1.0
52954.0	1.0
52990.0	1.0
53003.0	1.0
53024.0	1.0
53096.0	1.0
53116.0	1.0
53269.0	1.0
53316.0	1.0
53360.0	1.0
53398.0	1.0
53466.0	1.0
53764.0	1.0
53847.0	1.0
54006.0	1.0
54338.0	1.0
54364.0	1.0
54451.0	1.0
54503.0	1.0
54514.0	1.0
54624.0	1.0
54674.0	1.0
54694.0	1.0
54703.0	1.0
54712.0	1.0
54898.0	1.0
54914.0	1.0
54935.0	1.0
55123.0	1.0
55301.0	1.0
55307.0	1.0
55603.0	1.0
57151.0	1.0
57295.0	1.0
59527.0	1.0
60707.0	1.0
61954.0	1.0
63287.0	1.0
63645.0	1.0
63688.0	1.0
63888.0	1.0
63926.0	1.0
64004.0	1.0
65193.0	1.0
65283.0	1.0
65519.0	1.0
65681.0	1.0
65792.0	1.0
66056.0	1.0
66121.0	1.0
66271.0	1.0
66403.0	1.0
66419.0	1.0
66513.0	1.0
66601.0	1.0
66733.0	1.0
66922.0	1.0
67043.0	1.0
67060.0	1.0
67081.0	1.0
67341.0	1.0
68111.0	1.0
68214.0	1.0
68216.0	1.0
68246.0	1.0
68412.0	1.0
68701.0	1.0
69062.0	1.0
69086.0	1.0
69984.0	1.0
70579.0	1.0
70731.0	1.0
70806.0	1.0
