# Position (bp)	A	C	G	T	N
0.0	21.66193370624852	25.31404881500209	28.289527294093602	24.731339146569994	0.003151038085794866
1.0	23.78070782663949	19.50771118198382	24.549000315351677	32.16000283562444	0.002577840400571611
2.0	25.983271055146634	20.940147689186066	22.74868553377315	30.32749913106329	3.96590830857171E-4
3.0	29.62387573470775	19.971031518498577	24.302797966901892	26.101135991057866	0.0011587888339107965
4.0	29.42586846730471	19.82089090536048	24.517353606395623	26.23484597000819	0.0010410509310000737
5.0	30.63602510890911	20.645908276348703	22.206846409480406	26.51044871216113	7.714931006518404E-4
6.0	21.47328660212688	21.76953685441132	21.2405993255849	35.5155919375315	9.85280345410784E-4
7.0	24.22414904775753	23.673668581064312	22.541559775626258	29.55968379069448	9.388048574197095E-4
8.0	23.847170872832592	23.3920178287408	23.12083955304461	29.63965881042952	3.1293495247323647E-4
9.0	30.417875365010737	20.077057598435548	22.816958025632037	26.687597780553773	5.11230367901822E-4
10.0	25.686952638813143	23.460813944431056	24.984853638463708	25.867237253462257	1.4252482983929582E-4
11.0	23.690486510985348	23.295909617941124	24.57167415675959	28.44145256597056	4.7714834337503386E-4
12.0	24.676876071376185	22.895619338239865	22.75708520363607	29.67025207499111	1.67311756767869E-4
13.0	25.703851126246697	21.82979387377468	22.539964117205233	29.926285538333943	1.0534443944643604E-4
14.0	25.485729267641123	21.84916795553523	23.248396177384915	29.416495910559842	2.1068887889287208E-4
15.0	25.580062114799535	22.030595867188918	23.399602628380944	28.989355192263204	3.841973673928844E-4
16.0	25.782930718246444	22.00011724216437	23.169573749752054	29.04652004249223	8.582473449018466E-4
17.0	25.959370260855756	22.057046616587574	23.1188225168658	28.86421529329844	5.453123924286101E-4
18.0	25.588867670590915	22.10625486327252	23.293588941907437	29.00932416027004	0.001964363959089425
19.0	25.822484456892713	22.183057156360704	23.404067373593954	28.58383487098002	0.006556142172607608
20.0	25.674075830273747	22.215624079978983	23.339258854773334	28.75653778435485	0.014503450619081384
21.0	25.820870208276492	22.033375101370787	23.464987443252657	28.65857984913313	0.02218739796693907
22.0	25.798094120795	21.990896505346942	23.20988658803551	28.974117428933866	0.027005356888680488
23.0	25.938806406602644	22.04317523260517	23.202050820760217	28.795261160949014	0.020706379082956826
24.0	25.912148270201534	22.24650104126667	23.274614575167814	28.552427236899874	0.014308876464107449
25.0	26.22403548073084	22.19931634583549	23.129882981200673	28.441286786926135	0.00547840530686429
26.0	26.56254967773347	21.790028996767138	22.92003029144828	28.723898679704128	0.003492354346977149
27.0	26.361157830757666	22.141616821961005	23.575977890417292	27.920103934698627	0.00114352216541076
28.0	25.55346015061502	23.01179525307619	24.2343436835318	27.200066198955753	3.3471382123244727E-4
29.0	23.42365209186936	23.142296833160948	23.82651582613644	29.607451561040794	8.368779246171361E-5
30.0	25.094574453402068	20.79215606812337	21.206589718250843	32.90659295485116	8.680537255811837E-5
31.0	28.18500272464288	21.229631612282233	24.280335520220746	26.304813089250146	2.170536039921491E-4
32.0	27.58398540883404	21.179911801825575	24.000843468043104	27.235178683817058	8.063748022016885E-5
33.0	30.988265242674203	19.426142305419177	21.504695839051717	28.080521179058216	3.7543379668689917E-4
34.0	24.194972111314254	22.360875817276003	22.14905857207842	31.28966818041449	0.005425318916829333
35.0	23.889662302448397	23.669398656971797	21.30859707205936	31.132049461984014	2.9250653643196915E-4
36.0	22.83447019987557	23.3092974251299	23.469036234885618	30.387020571948398	1.7556816051344154E-4
37.0	24.911893355443958	22.228770870982625	25.38177834095729	27.476597710700528	9.597219155998079E-4
38.0	28.926236641365755	24.48858889842632	24.49945003589501	22.084556004769475	0.0011684195434371583
39.0	22.277339915912957	27.57064583138986	29.45224058711993	20.69312329405705	0.006650371520198983
