# Position (bp)	A	C	G	T	N
0.0	20.163211956866263	29.54151274160125	28.79760276770611	21.491126022417397	0.006546511408980258
1.0	20.457597692864287	25.549738545461892	24.350569658767842	29.641049079316943	0.0010450235890324688
2.0	25.77130945601254	26.537372202683446	22.428849007564416	25.26154522197078	9.241117688138361E-4
3.0	28.461718367697337	24.374976573334834	23.857050791428318	23.306245630980925	8.636558587045196E-6
4.0	29.666000097074917	21.929655921233206	24.140312639966226	24.263841337436734	1.9000428891499432E-4
5.0	29.805808707482008	22.714589548416804	22.803425190043153	24.66999277810971	0.006183775948324362
6.0	27.360315324208635	21.5466590941321	19.422376597828112	31.670545345128108	1.0363870304454235E-4
7.0	26.388633390697358	24.248235076069943	21.154179325702415	28.20884856882724	1.0363870304454235E-4
8.0	25.618165999147053	24.515286104139967	21.126300514583434	28.740152379985084	9.500214445749716E-5
9.0	32.172787136640544	21.345453188729703	20.864578243161617	25.61709506588226	8.636558587045197E-5
10.0	28.829722129091333	24.091187894723117	23.410825718911454	23.668065616426595	1.9864084750203953E-4
11.0	26.603467785550105	24.391990593751313	23.012524909994106	25.991317149458926	6.995612455506609E-4
12.0	27.273431544822962	23.845987359878315	22.284229834024345	26.59477077105295	0.001580490221429271
13.0	27.845741736152096	23.445717415603117	21.960583437533412	26.74383777226535	0.004119638446020559
14.0	27.746792684420324	23.504264646264698	22.3446598344579	26.397753596565277	0.006529238291806169
15.0	27.678132043653314	23.721068176475292	22.374749604575165	26.210806649390094	0.015243525906134774
16.0	27.907432674139365	23.7135975532975	22.12977362025363	26.22884842027843	0.020347732031078484
17.0	28.018231084252566	23.596382180154123	22.161089781690254	26.198965927567258	0.02533102633580356
18.0	27.93096729628906	23.676978544888428	22.163231648219842	26.208362503309964	0.02046000729271007
19.0	28.0584774472682	23.640895003111755	22.25095317378846	26.036304983138848	0.013369392692745964
20.0	27.942937566490706	23.779572224343937	22.230544985847274	26.040519623729324	0.006425599588761626
21.0	28.147874465202698	23.75918130951992	22.161288422537755	25.92996303725656	0.0016927654830608586
22.0	28.200807932782702	23.481377766009025	22.03024591909652	26.287058825155118	5.095569566356666E-4
23.0	28.212467286875214	23.4773963125004	22.21220093540839	26.097063172798713	8.722924172915649E-4
24.0	28.065508458202675	23.910395503814115	22.07925968259748	25.94446496678361	3.713886021183488E-4
25.0	28.42024217167468	23.714099985731032	21.993644263235847	25.871814919397607	1.986599608277107E-4
26.0	28.749197217741322	23.200167574722993	22.024285378025684	26.026237537169845	1.1229234015077404E-4
27.0	28.75070035463903	23.386601462058877	22.627013622167677	25.235477240612227	2.0732052219202062E-4
28.0	27.56053721317942	24.755538492612207	23.410639524607355	24.272887376568427	3.973930325943493E-4
29.0	25.235431060216285	25.510387547470902	23.203756287154313	26.050200467505512	2.246376529858016E-4
30.0	26.18609897420312	23.301607475530723	20.308607511564833	30.20313299722814	5.530414731849632E-4
31.0	28.709305219925536	23.54821145209969	23.283792613489044	24.45823264432667	4.5807015906270207E-4
32.0	28.74084023745469	23.172769630723913	23.33226341388101	24.753288186939507	8.385310008801117E-4
33.0	33.43086764719872	22.119490344725598	21.60543314039216	22.843292159289327	9.167083941949873E-4
34.0	25.7664464768812	22.973497847659345	20.437268504031273	30.821964824861386	8.223465667939746E-4
35.0	25.48636557674963	25.452924378564077	19.672853996769692	29.386841101045597	0.0010149468710012068
36.0	25.489968411585096	25.02477612741544	20.06099976559401	29.423302683358425	9.530120470340297E-4
37.0	29.501094253305933	23.38742668897677	20.748252286024325	26.362796051625033	4.307200679389121E-4
38.0	30.663387217603038	25.343878734266706	19.94402350821332	24.04601216003685	0.002698379880085442
39.0	23.826956702953346	29.262093456589817	24.245903929753023	22.662392738210436	0.002653172493375301
