# Position (bp)	A	C	G	T	N
0.0	16.286941482058495	32.28743674379767	31.46443712487601	19.956757415616366	0.004427233651459026
1.0	18.67630267147124	23.93176175878862	28.8809536485449	28.509139575545976	0.0018423456492622213
2.0	21.103572049024606	26.519987699015363	27.429377917631037	24.94654045314698	5.21881182015344E-4
3.0	23.788065803262704	24.46500523982717	28.72651184425104	23.019716601005374	7.005116537118712E-4
4.0	24.23510782275374	23.67125198244798	28.332838305098047	23.760118890837866	6.829988623690745E-4
5.0	24.566614455198078	24.816255793231377	26.838972685649598	23.775768321181793	0.002388744739157481
6.0	19.33471007223676	24.861813568630527	24.295582993818684	31.507304935524903	5.884297891179717E-4
7.0	19.94721294433454	27.655159828738913	25.729800045953567	26.667259766533473	5.674144395066157E-4
8.0	19.506801267645887	27.01735097315079	26.261162653201897	27.214481957621846	2.0314837957644262E-4
9.0	25.111626532018988	24.34505312680382	26.055184206544464	24.487820904388567	3.1523024417034204E-4
10.0	21.340012244943708	27.900100733575805	27.495916017058857	23.26375034325071	2.206611709192394E-4
11.0	19.66978931411503	26.851189608890337	28.10017736955072	25.378304313470558	5.393939733581408E-4
12.0	20.50686571471803	26.890068005671342	26.258661826598146	26.343332670182303	0.0010717828301791627
13.0	21.244760172830233	26.26769842693103	26.182551235422352	26.302755532641044	0.002234632175340869
14.0	21.14253450720406	26.326404806070354	26.77479531049479	25.752825864011076	0.003439512219725287
15.0	21.060854848381258	26.55695369898174	26.851473316110088	25.524697238863265	0.006020897663653532
16.0	21.361318306891352	26.327003743534277	26.753009398064346	25.549912155838623	0.008756395671398388
17.0	21.453866404021497	26.238234906775908	26.5808866796308	25.717446522940357	0.0095654866314356
18.0	20.9365140298474	26.411940781546843	26.765117741998758	25.87823846537511	0.008188981231891775
19.0	21.289190124466913	26.44453208623579	26.839130300771686	25.418895461244894	0.008252027280725842
20.0	21.248227705516108	26.390519135176334	26.984339361469615	25.366073379996752	0.010840417841191207
21.0	21.245152459356316	26.283309329133996	27.177529967888546	25.280239687067436	0.013768556553706828
22.0	21.41356947114172	26.047324465789814	26.733860912010133	25.78860099416614	0.01664415689219406
23.0	21.530677506851003	26.438609260203656	26.59837845562399	25.41884642542913	0.013488351892222078
24.0	21.453574010093224	26.6675299761267	26.569123906461062	25.300955702487073	0.008816404831936275
25.0	21.79003277649822	26.44042199150338	26.45024418699597	25.31546184162873	0.0038392033737069706
26.0	22.095923582970954	25.851501665831876	26.193268165757715	25.856917467319	0.0023891181204520493
27.0	21.946403137989087	26.396502710952536	26.973642285989946	24.682533996604235	9.178684641941089E-4
28.0	21.035611370547336	27.192880360582873	28.005514775438726	23.765583574543154	4.0991888791318075E-4
29.0	19.464234169693377	27.410591293234127	27.388057834499225	25.736987058976133	1.296435971374974E-4
30.0	20.322630214023256	25.496866544238173	24.592344124877766	29.587903303098834	2.5581376197440564E-4
31.0	22.91983034755227	25.97657389776152	27.19746980066633	23.905817523063188	3.084309566963988E-4
32.0	22.53293903843401	25.464673655092966	27.532096344207364	24.46987382161271	4.171406529576254E-4
33.0	25.614277915333655	24.21310008675013	25.105368119728155	25.06659824731988	6.556308681811366E-4
34.0	19.631539575450375	26.713442154263014	24.768525516500777	28.88290848794133	0.0035842658445066917
35.0	19.60665331299958	28.4541781450163	23.87691012103307	28.061570220322867	6.88200628179702E-4
36.0	18.804904485070043	28.066278167138485	25.68976814503688	27.43855905891254	4.901438420549199E-4
37.0	20.364025635774542	27.745076308936568	27.09777811617785	24.792302352366345	8.175867446930155E-4
38.0	23.52079809673078	28.83340424126007	26.242695227684	21.401309207635798	0.0017932266893572032
39.0	17.25866308542029	30.927483543920708	32.94289551335402	18.865612468790193	0.005345388514791556
