# Position (bp)	A	C	G	T	N
0.0	21.18900207088169	29.554761793440154	26.801625921119115	22.450224094557875	0.004386120001168427
1.0	23.86562049716173	22.183792174239475	23.18011968048427	30.76980746922775	6.601788867738044E-4
2.0	27.93729639020515	24.302785529855505	22.441361419091596	25.317724654579482	8.320062682628768E-4
3.0	30.445876680935275	22.519542877669124	22.83080365746338	24.203758696839433	1.808709278832341E-5
4.0	30.71229955770728	20.92463207914116	23.222244519588276	25.140615841996222	2.080015670657192E-4
5.0	30.487097165399863	22.118443507995263	21.874240624713714	25.518165816859685	0.002052885031474707
6.0	26.72090322600483	21.366970020372396	19.010583571909624	32.90153413816676	9.043546394161705E-6
7.0	26.29809030143858	23.968527011580896	20.969225806410773	28.76414783702336	9.043546394161705E-6
8.0	25.486233054541902	24.102660891699102	20.75811325938546	29.652983750827143	9.043546394161705E-6
9.0	32.25534561766472	20.648188952964425	20.591178436495632	26.505268905782437	1.808709278832341E-5
10.0	28.595603262875365	23.562770215514043	23.11930183098353	24.722270429348693	5.426127836497022E-5
11.0	26.5116717366295	23.762695895649774	22.44706789686631	27.27841073056571	1.5374028870074896E-4
12.0	27.222521613849793	23.343156734878217	21.49255774914812	27.94132981189695	4.340902269197618E-4
13.0	28.10185276039332	22.547424131202323	21.2108241483308	28.13878660386707	0.0011123562064818896
14.0	27.859060670349262	22.7568907527839	21.68274352981734	27.69921598783245	0.0020890592170513533
15.0	27.94061537173181	22.80772452706548	21.7734231695116	27.471273400967604	0.006963530723504511
16.0	28.063878909084234	22.813883182159906	21.656345417892783	27.454515709499223	0.011376781363855424
17.0	28.190135860293125	22.812011168056312	21.637462493021772	27.34305400019118	0.017336478437607987
18.0	27.96265449429438	22.96896191572699	21.627360851699496	27.427330809038374	0.013691929240760818
19.0	28.112668841880733	22.89814190391431	21.713780981042106	27.265297588294178	0.010110684868672785
20.0	28.027569070311674	23.041961422220663	21.6031874521879	27.322299061216583	0.004982994063183099
21.0	28.322949382637784	22.843681667528667	21.63067078967976	27.20116980081318	0.0015283593406133279
22.0	28.19707226037745	22.79438529613409	21.49792057215986	27.510522392318265	9.947901033577873E-5
23.0	28.30087408588963	22.829591822246563	21.628409903081216	27.240518271174174	6.059176084088341E-4
24.0	28.268959905046504	22.9918653923479	21.585795393807583	27.153261738367444	1.1757043056643082E-4
25.0	28.543240144722898	22.962622898155296	21.510401460976297	26.983599831993516	1.3566415199594526E-4
26.0	28.92498035033832	22.386115625935563	21.386908848181605	27.301904728310074	9.044723444013614E-5
27.0	28.61891981879543	22.456135463288145	22.609361379887115	26.31545670504038	1.2663298892476925E-4
28.0	27.439360516750632	24.18864676253826	23.29645625850413	25.075283181452324	2.532807546608634E-4
29.0	25.40011271927563	24.825253460056576	22.81228260151746	26.96212505687981	2.261622705244522E-4
30.0	26.447028713664594	22.360664067278176	20.017586404817	31.174358916826566	3.618974136639435E-4
31.0	28.81465358306727	22.615700409763566	23.217320371587736	25.351909402302585	4.1623327884598424E-4
32.0	28.521230991826368	22.608886168740067	23.04062181081731	25.828582298594334	6.787300219211697E-4
33.0	33.63704184171542	21.09142446773017	21.659334637596338	23.611483983253247	7.150697048137949E-4
34.0	26.178390137780998	22.01471857575746	20.509378001235195	31.296544469415345	9.688158110016007E-4
35.0	25.817379886687608	24.18784321975495	19.697168641049263	30.296873753164693	7.344993434845374E-4
36.0	25.284788283423758	24.097782380822114	19.846110384461333	30.770488870856177	8.30080436618661E-4
37.0	27.920230102885203	23.434238473694215	20.694983811664834	27.950033755673203	5.138560825518206E-4
38.0	30.693619594554683	23.972001231792532	18.758549223381856	26.57343511117735	0.0023948390935787604
39.0	22.661778868739443	28.51635533509102	26.025016515489728	22.79457599218067	0.0022732884991407847
