# Position (bp)	A	C	G	T	N
0.0	14.560893904765221	32.37928010398111	33.240449990967896	19.81635211053939	0.0030238897463798673
1.0	17.065256784195558	23.57623401266665	30.91291966220156	28.443277819616103	0.0023117213201296555
2.0	18.2761522376445	26.444379306782036	29.2909560714167	25.98821847337767	2.9391077908738893E-4
3.0	20.890369922889114	24.561711202816298	30.841742384489105	23.705091280775	0.0010852090304765132
4.0	20.94362994733797	24.588298824062974	30.3404718986252	24.12670629337586	8.930365979962972E-4
5.0	21.689558548270664	25.78991913157956	28.63498677740622	23.884925112663915	6.104300796430386E-4
6.0	15.29775648858914	26.217044971288306	26.682684427318236	31.801660641118882	8.53471685426841E-4
7.0	16.802630546689876	28.961176873019916	27.82114217798287	26.414202582752278	8.478195550597758E-4
8.0	16.565416287314516	27.888487311306452	28.602543549099263	26.943315462804346	2.3738947541673721E-4
9.0	21.413870237486694	25.489225796051695	28.52750021421574	24.568996798859448	4.0695338642869237E-4
10.0	17.530370592101352	29.33555703214321	29.36246682482081	23.771452943414715	1.5260751991075965E-4
11.0	16.262009929210457	27.687135819110125	30.406426607878483	25.644009386153773	4.182576471628228E-4
12.0	17.11372945422351	28.08200495081403	27.99909385045955	26.804990876331164	1.808681717460855E-4
13.0	17.885957417754156	27.503040280924445	28.020803683199446	26.590057314862776	1.4130325917662928E-4
14.0	17.8227439917289	27.476373529852633	28.682091631885342	26.01865519540432	1.3565112880956415E-4
15.0	17.712222234531303	27.720607735143883	28.796909008161904	25.769865373037216	3.9564912569456205E-4
16.0	18.146091065767962	27.307680046917206	28.627429879105453	25.91799640569726	8.026025121232543E-4
17.0	18.283805222161504	27.364794824276395	28.298362849134918	26.052505804172675	5.313002545041262E-4
18.0	17.56430033069484	27.368954792226557	28.72986908987814	26.335033192700795	0.001842594499663246
19.0	18.010790369041157	27.593773929706945	28.738087287431856	25.65123280876288	0.006115605057164516
20.0	17.95416167489353	27.46576448115365	29.044150146808434	25.52191206596443	0.014011631179954562
21.0	17.89341822983868	27.229301955117112	29.35844250799946	25.497862251252567	0.020975055792178853
22.0	18.04118187402487	26.999904592039403	28.706972309761163	26.226263595916993	0.02567762825757708
23.0	18.171260002292506	27.73686891420993	28.426281863602338	25.646287194691702	0.019302025203527563
24.0	18.20389419619208	27.7922088492702	28.43879219731848	25.5517765215498	0.013328235669433528
25.0	18.473510210225605	27.724181888365905	28.224856322123333	25.572522557481747	0.0049290218034035915
26.0	18.876687069400198	27.007281899150048	27.81695085028976	26.295948546220444	0.0031316349395492703
27.0	18.6563162764373	27.62214084753228	28.686430514494955	25.03414569398505	9.666675504231602E-4
28.0	17.926134288588788	28.10625551063254	29.89222056414857	24.075112620990822	2.7701563928538556E-4
29.0	16.721718156011907	27.78750002614859	29.227464484425365	26.263221219693296	9.611372084990988E-5
30.0	17.456857556430087	26.151100330212152	26.39298073008549	29.99897656850771	8.481476455421359E-5
31.0	20.102331678081057	26.760648847128582	28.816964297075398	24.319874207839717	1.8096987524558885E-4
32.0	19.535886803369948	26.300422756631146	29.172351167692334	24.99122615259792	1.131197086488784E-4
33.0	21.725037341286804	24.919264528820957	26.46307585400728	26.89222063501797	4.0164086699215795E-4
34.0	16.718988272906028	28.248263569619898	26.46282553648979	28.564903594516984	0.005019026467301354
35.0	16.83169488940985	29.628210417752786	25.674012985656507	27.865792829907477	2.888772733791776E-4
36.0	15.571983436357225	29.176225577271218	28.22618740416572	27.025393230742083	2.1035146375340122E-4
37.0	16.205976136776503	28.97688083362256	30.19325751921374	24.622904655058136	9.808553290624532E-4
38.0	20.1665574602101	30.24575481552595	29.452041277121143	20.134531221699696	0.0011152254431152696
39.0	14.447480894461172	31.94547729962631	35.98464263875807	17.616223923261327	0.0061752438931205154
