# Position (bp)	A	C	G	T	N
0.0	20.867561685503155	31.03784408813165	26.9887224783231	21.099508012129686	0.00636373591240656
1.0	23.309933063991593	23.26080028379554	23.618658879891086	29.809812305332727	7.9546698905082E-4
2.0	28.06508240107141	25.00543710149431	22.684365976421343	24.244310591609107	8.039294038279563E-4
3.0	30.844198650786435	23.050026918941406	23.159395167521115	22.94637926275104	0.0
4.0	31.733259947272387	20.871547482863186	23.29960891796349	24.095295929798517	2.87722102422637E-4
5.0	31.386089381040367	21.881105103360778	21.999908944416998	24.72671054597977	0.006186025202086697
6.0	28.16460039885053	20.987871836389704	18.63322184948106	32.214255140790044	5.0774488662818305E-5
7.0	27.269251528185173	23.781729612646505	20.7032469777755	28.245678794830276	9.308656254850021E-5
8.0	26.339257531422216	24.10507001886611	20.683267216486676	28.872261372173785	1.438610512113185E-4
9.0	33.674402498511036	20.569777771910502	20.274515657921437	25.48121098509447	9.308656254850021E-5
10.0	29.950330702707074	23.533366201352326	22.965648181198578	23.550417967128258	2.3694761375981873E-4
11.0	27.496915872934473	23.735186331372255	22.598184744330986	26.16904452059489	6.685307673937743E-4
12.0	28.082438813779316	23.405795298586995	21.74847367655872	26.761675889852533	0.001616321222433049
13.0	28.951731909345874	22.729572196160806	21.345493484871486	26.969140450528805	0.004061959093025464
14.0	28.864078217084295	22.77053874609692	21.76351985003247	26.595533300533013	0.006329886253298014
15.0	28.847017988893587	22.919333385123313	21.80560343871917	26.412558968221774	0.01548621904215958
16.0	29.083313996715564	22.99665446894201	21.58762855888969	26.31134848748722	0.021054487965515324
17.0	29.155193747832563	22.77950044334591	21.73408757143759	26.305289398506794	0.025928838877145876
18.0	28.9466883101387	23.02960711208418	21.654633959095058	26.348041517960887	0.021029100721183913
19.0	29.040959610756	22.928210458224527	21.81458206079771	26.202826480385223	0.013421389836538303
20.0	28.98387216066944	23.05617909448438	21.747999781331202	26.205280580670593	0.006668382844383471
21.0	29.22566027568178	22.982268363820875	21.728104644190154	26.062079597811888	0.0018871184953014135
22.0	29.336103250938184	22.758970625096577	21.597487272105052	26.306914182144	5.246697161824557E-4
23.0	29.39076198798371	22.626618457982165	21.765965487903063	26.21568935084647	9.647152845935477E-4
24.0	29.232696914845533	23.127508834898617	21.638141136823105	26.001331528962364	3.215844703812663E-4
25.0	29.651020837362108	22.836882253649385	21.56472116069392	25.947088003716985	2.877445776015389E-4
26.0	29.958519765592794	22.340429403494916	21.645909904670194	26.054912412984056	2.2851325804301077E-4
27.0	29.931951082376358	22.62768069730356	22.347914913757506	25.0921316783247	3.2162823787590617E-4
28.0	28.62847862489395	24.031776371916237	23.04985522914103	24.289517340465324	3.724335834535207E-4
29.0	26.308244880545352	24.69885984151721	22.67086928513443	26.321848226612953	1.7776619005575934E-4
30.0	27.18429546685576	22.390161918689657	19.89818301388641	30.52688550554361	4.740950245589689E-4
31.0	29.79134897969033	22.7343926615261	23.069954778026236	24.40386329941756	4.402813397761169E-4
32.0	29.923824058191013	22.239959001140562	23.14136485656962	24.69414076879128	7.113153075308222E-4
33.0	34.86923989514019	21.04625870517907	21.365748930197725	22.717905487099145	8.469823838674927E-4
34.0	26.646536271820825	22.113766017923332	20.204247903618118	31.03459407139848	8.55735239244933E-4
35.0	26.322074621965903	24.480287702416977	19.279045261592813	29.91763360960759	9.588044167113331E-4
36.0	26.24567068765929	24.25079695189103	19.760745889793426	29.742052562342735	7.339083135170977E-4
37.0	29.773428109758683	23.625918654164284	20.16870972121987	26.431410866806115	5.326480510538792E-4
38.0	31.863557297337085	24.534456336181247	18.57493524684904	25.02470572299618	0.0023453966364376955
39.0	24.214246565333454	27.553675141168	25.984788910960592	22.244508108789844	0.002781273748107839
