#Position (bp)	mapping quality
3406923.0	37.76918244133662
1.0220768E7	38.08683750684336
1.7034613E7	36.71410357901754
2.3848458E7	35.4541907474381
3.0662303E7	38.2031615530215
3.7476148E7	39.14180821003036
4.4289993E7	39.86399374817568
5.1103838E7	39.63484928918376
5.7917683E7	39.99638770919305
6.4731528E7	40.38353151862464
7.1545373E7	39.88060856378863
7.8359218E7	40.801290742780516
8.5173063E7	38.20638308742061
9.1986908E7	40.92993919688006
9.8800753E7	34.20181652809982
1.05614598E8	35.99713177308573
1.12428443E8	39.0319944237393
1.19242288E8	40.130228232934485
1.26056133E8	40.006299003558674
1.300790245E8	19.17800258286698
1.33485947E8	40.36069365072064
1.39683823E8	38.5917387334708
1.46497668E8	34.27542517845028
1.53311513E8	40.359080305309
1.60125358E8	39.504032714690155
1.66939203E8	38.98032697084831
1.73753048E8	41.10381079316723
1.80566893E8	36.866780633897186
1.87380738E8	40.872843667895566
1.94194583E8	40.78692131991121
2.01008428E8	39.869152666514076
2.07822273E8	40.99372219368447
2.14636118E8	38.73254240749246
2.21449963E8	40.67139413964228
2.28263808E8	41.02298674812221
2.35077653E8	38.134143421401426
2.41891498E8	40.47336278314296
2.48705343E8	40.748276414852896
2.52444901E8	39.988151057094974
2.558518235E8	39.30245429814829
2.62333033E8	28.834303372386128
2.69146878E8	37.39332744749375
2.75960723E8	31.434957294591882
2.82774568E8	40.1676608448347
2.89588413E8	37.78662099745706
2.96402258E8	26.174548935407476
3.03216103E8	40.281465546348194
3.10029948E8	35.276194079245954
3.16843793E8	36.756127710855836
3.23657638E8	20.441187264030653
3.30471483E8	40.758432929600815
3.37285328E8	40.10708051953946
3.44099173E8	39.24497444633731
3.50913018E8	40.738131121124766
3.57726863E8	40.88149069871147
3.64540708E8	38.826013885481856
3.704270945E8	38.14764997502017
3.73834017E8	0.0
3.78168398E8	36.485228181111175
3.84982243E8	27.31004019214032
3.91796088E8	36.180062708537655
3.98609933E8	34.400747517946364
4.05423778E8	40.90150452783325
4.12237623E8	40.7444038917756
4.19051468E8	40.47687078498452
4.25865313E8	40.33607909606053
4.32679158E8	36.2264261564412
4.39493003E8	37.922440486606156
4.46306848E8	37.957954960267315
4.53120693E8	36.943887098816674
4.59934538E8	38.76929885870911
4.66748383E8	40.35893926098663
4.73562228E8	40.438171405601814
4.80376073E8	40.37857700871303
4.87189918E8	38.926627417752584
4.91962519E8	38.135647133323594
4.953694415E8	2.7463054187192117
5.00817608E8	38.109276355032804
5.07631453E8	32.37442575201054
5.14445298E8	39.918097676416345
5.21259143E8	40.576144736527425
5.28072988E8	40.5065825162442
5.34886833E8	35.92365165402424
5.41700678E8	39.75403728317158
5.48514523E8	40.09596232175261
5.55328368E8	40.76826912578066
5.62142213E8	34.06638887771164
5.68956058E8	40.33624473776812
5.75769903E8	38.32411381455442
5.82583748E8	38.98138951887697
5.89397593E8	35.93882225527968
5.96211438E8	38.808605030033455
6.03025283E8	6.438326149425287
6.09839128E8	34.72703309229509
6.15738246E8	40.290964129637075
6.191451685E8	0.0
6.23466818E8	39.94723019291746
6.30280663E8	40.27855563995703
6.37094508E8	5.124245472837022
6.43908353E8	40.02879087979747
6.50722198E8	38.8245952508899
6.57536043E8	40.06046177427237
6.64349888E8	37.39374514456977
6.71163733E8	41.07895611963634
6.77977578E8	39.47920204726248
6.84791423E8	40.97702161927985
6.91605268E8	40.57738757700263
6.98419113E8	40.82095010470577
7.05232958E8	40.05756336636699
7.12046803E8	40.39143156636882
7.18860648E8	40.59896965189606
7.222708485E8	0.0
7.25677771E8	40.49841663596545
7.32488338E8	40.03310346474856
7.39302183E8	39.908799333098784
7.46116028E8	38.76336381450032
7.52929873E8	40.542240711725825
7.59743718E8	40.0899924404921
7.66557563E8	40.29620135035614
7.73371408E8	40.27331162003704
7.80185253E8	32.58232995896472
7.86999098E8	38.940876986900214
7.93812943E8	15.471042154086113
8.00626788E8	39.96655483902279
8.07440633E8	37.5878669375502
8.14254478E8	40.73138655011958
8.190716475E8	37.292393545616065
8.2247857E8	26.105251011858268
8.27882168E8	29.641933351211133
8.34696013E8	37.83618821176375
8.41509858E8	37.32072212218485
8.48323703E8	40.80923223451163
8.55137548E8	35.189333147970515
8.61951393E8	37.96512508268447
8.68765238E8	40.64032792557911
8.75579083E8	40.52958341102639
8.82392928E8	39.99130163198076
8.89206773E8	39.833166090127186
8.96020618E8	39.506176433328754
9.02834463E8	39.93867635977305
9.09648308E8	39.88506410264381
9.14262198E8	31.898158558828673
9.176691205E8	37.36460505147425
9.23275998E8	38.28960295000429
9.30089843E8	35.04285911962685
9.36903688E8	36.00856630673634
9.43717533E8	33.574401421167195
9.50531378E8	40.80346277303403
9.57345223E8	40.2988520528355
9.64159068E8	38.159136605150245
9.70972913E8	32.14913007043237
9.77786758E8	40.01387331995337
9.84600603E8	40.24476996468858
9.91414448E8	40.369581649464486
9.98228293E8	40.874050118420186
1.00390351E9	37.982588992377345
1.0073104325E9	0.0
1.011855983E9	40.985118774822716
1.018669828E9	40.11945329286713
1.025483673E9	40.289778221195704
1.032297518E9	40.22466962177962
1.039111363E9	39.15562906186189
1.045925208E9	39.9400810452384
1.052739053E9	40.788301958903205
1.059552898E9	38.55930446575608
1.0652815955E9	35.92068750665805
1.068688518E9	0.0
1.073180588E9	29.115904417245126
1.079994433E9	40.35317574481877
1.086808278E9	40.46835307833383
1.093622123E9	19.63967739663309
1.100435968E9	39.82232248378461
1.107249813E9	41.005945297794746
1.114063658E9	36.346517766396055
1.120877503E9	40.44312064881935
1.127691348E9	40.34890988811317
1.134505193E9	40.3541111373176
1.141319038E9	40.54953402282182
1.148132883E9	40.639812075203146
1.154946728E9	36.67983945089624
1.161760573E9	40.616385508981246
1.168574418E9	33.38064012899208
1.175388263E9	41.08457970504192
1.182202108E9	10.182113156100886
1.189015953E9	38.7284679587261
1.195829798E9	40.22665912268228
1.202643643E9	40.79408686990192
1.209457488E9	39.2319014688663
1.216271333E9	38.331582233513465
1.223085178E9	40.81067552988396
1.229899023E9	40.752354805542815
1.236712868E9	29.020010360641024
1.243526713E9	40.53495233750826
1.250340558E9	40.68774540309737
1.257154403E9	39.87746186165888
1.2618183335E9	40.31227662648184
1.265225256E9	40.03150293845196
1.270782093E9	38.955066627773476
1.277595938E9	39.266745956997575
1.284409783E9	31.348914880472456
1.291223628E9	40.90932091212749
1.298037473E9	41.02119303118391
1.304851318E9	40.24602067030257
1.311665163E9	37.06922607970224
1.318479008E9	39.54582555275906
1.325292853E9	40.63180668256424
1.332106698E9	40.91532784402577
1.338920543E9	40.78466034758644
1.345734388E9	36.21557210611851
1.352548233E9	39.97694909027491
1.359362078E9	37.24523175228278
1.366175923E9	40.68805384856525
1.372989768E9	36.95944267551882
1.379803613E9	40.67667793819454
1.386617458E9	40.18844831200985
1.393431303E9	40.691248919257454
1.400245148E9	38.88133019841924
1.407058993E9	40.731740450219995
1.413872838E9	39.8654847296608
1.420686683E9	40.21515532128633
1.427500528E9	40.715897596042616
1.434314373E9	40.8854705276016
1.441128218E9	29.783779414169935
1.444861853E9	40.37393170164018
1.4482687755E9	27.162484741624848
1.454755908E9	38.24293198343192
1.461569753E9	39.89371257134426
1.468383598E9	32.10237600136356
1.475197443E9	40.83290065878467
1.482011288E9	37.860660730245954
1.488825133E9	34.01117393948951
1.495638978E9	39.37716984051688
1.502452823E9	28.223573872699234
1.509266668E9	38.70520603936556
1.516080513E9	39.31104432151936
1.522894358E9	39.1549224887894
1.529708203E9	40.42558497456632
1.536522048E9	40.075539440341764
1.543335893E9	37.34406215264698
1.550149738E9	40.73537312306647
1.556963583E9	39.62334842860197
1.563777428E9	40.37982063515822
1.570591273E9	39.411518922312915
1.577405118E9	40.63407748148992
1.584218963E9	40.87630653881101
1.591032808E9	40.09598536708948
1.597846653E9	38.447859524085565
1.6032409105E9	38.88384596965541
1.606647833E9	0.0
1.611474343E9	40.50373720281128
1.618288188E9	37.31350794194179
1.625102033E9	35.25006611577917
1.631915878E9	30.28776774464511
1.638729723E9	38.88462341464585
1.645543568E9	40.380067187790196
1.652357413E9	39.25620210803123
1.659171258E9	35.36959649129278
1.665985103E9	40.47744730297683
1.672798948E9	36.195770874842324
1.679612793E9	30.769259629814908
1.686426638E9	39.25792191819485
1.693240483E9	40.56528418735053
1.700054328E9	38.28150224730959
1.706868173E9	40.28556800090678
1.713682018E9	39.39906938624905
1.720495863E9	39.59999130595241
1.727309708E9	40.47887498233892
1.734123553E9	40.40955581176031
1.740937398E9	37.07270613350197
1.747751243E9	40.09048013076103
1.754565088E9	39.20214802506463
1.759854186E9	40.7215232481707
1.7632611085E9	1.0
1.768192778E9	37.864863238606084
1.775006623E9	4.620724268396263
1.781820468E9	37.58168186929901
1.788634313E9	39.33092535784024
1.795448158E9	38.60200762288932
1.802262003E9	40.02389215842754
1.809075848E9	39.21212071096925
1.815889693E9	39.94088795223422
1.822703538E9	38.0179151885158
1.829517383E9	40.341617902563364
1.836331228E9	40.55991989875716
1.843145073E9	3.3459429639387084
1.849958918E9	40.3760814686113
1.856772763E9	40.06743769398065
1.863586608E9	38.57957539996161
1.870400453E9	39.465102248429304
1.877214298E9	40.79005086135289
1.884028143E9	40.44980371455434
1.890841988E9	38.29800116153048
1.897655833E9	40.59458161521542
1.904469678E9	40.27433483494659
1.910723823E9	40.66511152297565
1.9141307455E9	0.0
1.918097368E9	38.37049251672997
1.924911213E9	35.972168853906815
1.931725058E9	15.890171984662645
1.938538903E9	39.71135519026014
1.945352748E9	41.296337130012496
1.952166593E9	38.12265278116482
1.958980438E9	39.619680206981556
1.965794283E9	35.1501060169744
1.972608128E9	37.95579078529262
1.979421973E9	39.37492225795888
1.986235818E9	39.319189318809016
1.993049663E9	38.617697701006925
1.999863508E9	40.920610971853634
2.006677353E9	40.754998707687356
2.013491198E9	41.3400046527114
2.020305043E9	33.84254192934459
2.027118888E9	40.6876908921504
2.033932733E9	40.78904267215631
2.040746578E9	39.98776027787477
2.047560423E9	38.764250882516464
2.054374268E9	39.64420787974429
2.060544391E9	39.46427592605556
2.0639513135E9	0.0
2.068001958E9	37.421798012307136
2.074815803E9	28.231962971162893
2.081629648E9	40.12693979748185
2.088443493E9	38.65930644349027
2.095257338E9	40.35475587085284
2.102071183E9	39.89176886094869
2.108885028E9	39.953159014204886
2.115698873E9	15.484841498559078
2.122512718E9	32.32263976647083
2.129326563E9	40.24392338507103
2.136140408E9	41.02676773085563
2.142954253E9	40.616017768034844
2.149768098E9	39.51276311091291
2.156581943E9	38.93112200245055
2.163395788E9	40.90944336124604
2.170209633E9	19.17082288671703
2.177023478E9	39.770134469293964
2.183837323E9	40.63474946860604
2.190651168E9	40.609469112298115
2.197465013E9	39.59842199775928
2.204278858E9	40.77749042590804
2.2082174155E9	41.0318765456885
2.211624338E9	39.20032397167918
2.217906548E9	40.42036567225472
2.224720393E9	39.555742854633145
2.231534238E9	31.026449076998666
2.238348083E9	34.80711548469508
2.245161928E9	40.07388811335765
2.251975773E9	39.31827130446223
2.258789618E9	20.743653235888065
2.265603463E9	39.039860810135025
2.272417308E9	39.11096845897367
2.279231153E9	39.55249245405637
2.286044998E9	38.719456540552954
2.292858843E9	39.86264124576132
2.299672688E9	38.946471188695284
2.306486533E9	39.83231168586548
2.313300378E9	39.258313478956836
2.320114223E9	40.43168325738859
2.326928068E9	40.21369052794467
2.333741913E9	38.48821992511431
2.3376495495E9	29.738756372906046
2.341056472E9	6.419729759676224
2.347369603E9	36.618719046253915
2.354183448E9	39.494681846405086
2.360997293E9	39.770948006701815
2.367811138E9	40.599550793024825
2.374624983E9	37.664021481111035
2.381438828E9	40.64695401327896
2.388252673E9	40.058178378111975
2.395066518E9	22.29330024595379
2.401880363E9	40.98217835724023
2.408694208E9	40.74325950943779
2.415508053E9	35.71416735254524
2.422321898E9	39.88525853266528
2.429135743E9	37.94782694317786
2.435949588E9	40.41988681839971
2.442763433E9	40.391404805365454
2.449577278E9	40.20868900058272
2.456391123E9	38.62243918070111
2.4612717095E9	38.41741151342866
2.462753523E9	0.0
2.4646867815E9	0.9997213708553915
2.470018813E9	38.25503047594838
2.476832658E9	39.23225015905931
2.483646503E9	35.68595038013604
2.490460348E9	1.9817498658078367
2.497274193E9	37.75519458544839
2.504088038E9	38.52662834318865
2.510901883E9	38.37185001218564
2.517715728E9	37.62124821343497
2.524529573E9	39.19935980985969
2.531343418E9	24.64740800596718
2.538157263E9	37.76220552503163
2.544971108E9	13.715934297346623
2.551784953E9	26.848480243161095
2.558598798E9	38.882883128640586
2.565412643E9	37.8417500731359
2.572226488E9	31.507610783128246
2.579040333E9	33.00377130705417
2.585854178E9	11.243734881470731
2.592668023E9	9.463711470498748
2.599481868E9	38.18939989254425
2.606295713E9	38.49941437832632
2.613109558E9	34.92111480068064
2.619923403E9	37.72281687008257
2.626737248E9	38.946876934142956
2.631968571E9	29.58297815266311
2.6353754935E9	1.6466776253398243
2.640364938E9	2.461671043992121
2.647178783E9	1.6449451019535148
2.653992628E9	1.6820199313290345
2.660806473E9	0.9606801275239107
2.667620318E9	2.080619806871772
2.674434163E9	1.7430561347902245
2.681248008E9	1.458100558659218
2.688061853E9	1.454058508446642
2.694875698E9	0.9774550184261869
2.701689543E9	0.9796670479095184
2.708503388E9	0.9882818444681175
2.715317233E9	1.8750147110744968
2.7221309125E9	13.69285435537207
