#Position (bp)	Coverage
3406923.0	0.04177949454382951
1.0220768E7	0.5970935646466863
1.7034613E7	0.13871228359318416
2.3848458E7	0.13706314129540664
3.0662303E7	0.13871081599302595
3.7476148E7	0.1054527950078113
4.4289993E7	0.1297233793841803
5.1103838E7	0.16592848824709103
5.7917683E7	0.08949308356735441
6.4731528E7	0.18025710887171634
7.1545373E7	0.10406136329781496
7.8359218E7	0.37106186008046854
8.5173063E7	0.10318197728301715
9.1986908E7	0.2406933236667403
9.8800753E7	0.023900602376484937
1.05614598E8	0.023872424453447356
1.12428443E8	0.06625348830212605
1.19242288E8	0.35933734917656623
1.26056133E8	0.23051947908999984
1.300790245E8	0.013863522352585925
1.33485947E8	0.3597299274244447
1.39683823E8	0.13832835939179713
1.46497668E8	0.03490041232226445
1.53311513E8	0.21225299372087272
1.60125358E8	0.13317869719666356
1.66939203E8	0.458716187409605
1.73753048E8	0.26366875090349134
1.80566893E8	0.322239499137418
1.87380738E8	0.25633823487326174
1.94194583E8	0.25956255242084314
2.01008428E8	0.19894773068656538
2.07822273E8	0.4452737037605053
2.14636118E8	0.40047418161111675
2.21449963E8	0.29025300692927414
2.28263808E8	0.5854232081886218
2.35077653E8	0.7551178519617044
2.41891498E8	0.46477678902293784
2.48705343E8	0.49372681650375083
2.52444901E8	0.10441008250772993
2.558518235E8	0.13862807864067342
2.62333033E8	0.021273598093293874
2.69146878E8	0.039052693449880355
2.75960723E8	0.07007702699430352
2.82774568E8	0.0797477782368105
2.89588413E8	0.06884732482174162
2.96402258E8	0.033750841118340674
3.03216103E8	0.13134566459906263
3.10029948E8	0.20279533802133745
3.16843793E8	0.04314993957156349
3.23657638E8	0.11965153301843526
3.30471483E8	0.2651086134187085
3.37285328E8	0.2835048346418212
3.44099173E8	0.13312336867069915
3.50913018E8	0.41944893081659473
3.57726863E8	0.4237313880782436
3.64540708E8	0.15169408755262265
3.704270945E8	0.04903055660416929
3.73834017E8	0.0
3.78168398E8	0.14450959773813463
3.84982243E8	0.14400327568355312
3.91796088E8	0.11995048317066209
3.98609933E8	0.06890470798792753
4.05423778E8	0.30730842864784863
4.12237623E8	0.18613132526495688
4.19051468E8	0.7901510820982867
4.25865313E8	0.3137531012225843
4.32679158E8	0.161104193007032
4.39493003E8	0.19922862935684624
4.46306848E8	0.1283896243604015
4.53120693E8	0.050158170607050793
4.59934538E8	0.10909376424030778
4.66748383E8	0.230189415814419
4.73562228E8	0.3079955590419213
4.80376073E8	0.23429355965684573
4.87189918E8	0.20052349297643254
4.91962519E8	0.07863783460016395
4.953694415E8	0.0012482584149665595
5.00817608E8	0.1286097643841326
5.07631453E8	0.05746403095462254
5.14445298E8	0.2349029072425334
5.21259143E8	0.14099190691892757
5.28072988E8	0.1443160212772671
5.34886833E8	0.06115460507246643
5.41700678E8	0.18397776879280348
5.48514523E8	0.3852735129724847
5.55328368E8	0.2970747059846533
5.62142213E8	0.4052353700443729
5.68956058E8	0.4167415020447339
5.75769903E8	0.042571264829182345
5.82583748E8	0.1723261976167641
5.89397593E8	0.028174254037184585
5.96211438E8	0.22785417044267958
6.03025283E8	0.005131757473203455
6.09839128E8	0.059710780036822085
6.15738246E8	0.1747256585608954
6.191451685E8	0.0
6.23466818E8	0.15544351243681065
6.30280663E8	0.06885965266307055
6.37094508E8	0.006629736954685644
6.43908353E8	0.07271503827868113
6.50722198E8	0.07990774665405509
6.57536043E8	0.2073290484300714
6.64349888E8	0.04201533788925343
6.71163733E8	0.4476330177748393
6.77977578E8	0.34906209342889366
6.84791423E8	0.4198691047418895
6.91605268E8	0.2674548657916345
6.98419113E8	0.5319789340673291
7.05232958E8	0.10762469648194228
7.12046803E8	0.15178757368270043
7.18860648E8	0.41308923229101924
7.222708485E8	0.0
7.25677771E8	0.21202170203145482
7.32488338E8	0.16659815419928103
7.39302183E8	0.3833713564074322
7.46116028E8	0.0700826038749047
7.52929873E8	0.21871498397747527
7.59743718E8	0.14157248954151438
7.66557563E8	0.18482031804363028
7.73371408E8	0.16967732609121575
7.80185253E8	0.16502943639017326
7.86999098E8	0.06677742155860604
7.93812943E8	0.004944785213047846
8.00626788E8	0.13356027323779746
8.07440633E8	0.047993020093647566
8.14254478E8	0.30462903103900957
8.190716475E8	0.23418628084300125
8.2247857E8	0.03643656668296876
8.27882168E8	0.11870023459588529
8.34696013E8	0.1647651216016801
8.41509858E8	0.1593959064228787
8.48323703E8	0.4365385476188554
8.55137548E8	0.43743657215566245
8.61951393E8	0.062034724887343344
8.68765238E8	0.34408634185250764
8.75579083E8	0.34780670825356313
8.82392928E8	0.13966651721605056
8.89206773E8	0.2566255909842387
8.96020618E8	0.12860815002395856
9.02834463E8	0.2651269584206861
9.09648308E8	0.13354016711563002
9.14262198E8	0.05770495063040223
9.176691205E8	0.04963851533326818
9.23275998E8	0.29793383911726784
9.30089843E8	0.08482141874374895
9.36903688E8	0.06010013435879449
9.43717533E8	0.019791615453536145
9.50531378E8	0.2709358666068864
9.57345223E8	0.12271925762913598
9.64159068E8	0.05179058226302477
9.70972913E8	0.05233344756154565
9.77786758E8	0.1849485862974576
9.84600603E8	0.09413128710735275
9.91414448E8	0.12065830672696547
9.98228293E8	0.3536220738804596
1.00390351E9	0.03983257024165072
1.0073104325E9	0.0
1.011855983E9	0.7126998045890389
1.018669828E9	0.268386938652112
1.025483673E9	0.1475551615864464
1.032297518E9	0.14564610730065036
1.039111363E9	0.10577596056264855
1.045925208E9	0.16207853275206582
1.052739053E9	0.19987129146612523
1.059552898E9	0.045275024600647654
1.0652815955E9	0.34612914688115776
1.068688518E9	0.0
1.073180588E9	0.020374252716344445
1.079994433E9	0.2630208054336428
1.086808278E9	0.33873635223577875
1.093622123E9	0.03195758048502718
1.100435968E9	0.21241736493859195
1.107249813E9	0.6486597508455212
1.114063658E9	0.05823745623799778
1.120877503E9	0.47760522876584366
1.127691348E9	0.1679028507399273
1.134505193E9	0.34676441862120433
1.141319038E9	0.1155498840962775
1.148132883E9	0.356328181812178
1.154946728E9	0.22664604199244331
1.161760573E9	0.1997317226910797
1.168574418E9	0.05279691569150751
1.175388263E9	0.47620190949456587
1.182202108E9	0.007771236357739279
1.189015953E9	0.06261692187010418
1.195829798E9	0.2975979054410542
1.202643643E9	0.44808269046331406
1.209457488E9	0.12532527523006468
1.216271333E9	0.058024947735089365
1.223085178E9	0.2357588116547999
1.229899023E9	0.5513649048371367
1.236712868E9	0.19983812370254975
1.243526713E9	0.41426742169802805
1.250340558E9	0.2925070940122647
1.257154403E9	0.17011481769837736
1.2618183335E9	0.1675482574494355
1.265225256E9	0.030100499345439086
1.270782093E9	0.3736678776813972
1.277595938E9	0.15328481936410351
1.284409783E9	0.3197927161536548
1.291223628E9	0.41638913124674837
1.298037473E9	0.4246305866951772
1.304851318E9	0.15707108101226253
1.311665163E9	0.050768692272865026
1.318479008E9	0.12713379890502352
1.325292853E9	0.20528512168973612
1.332106698E9	0.2727892988466864
1.338920543E9	0.2252710474042189
1.345734388E9	0.05031799226427957
1.352548233E9	0.1396406874532661
1.359362078E9	0.14229146685902014
1.366175923E9	0.270765918508566
1.372989768E9	0.03794494885046549
1.379803613E9	0.22140494830745341
1.386617458E9	0.3930419608899234
1.393431303E9	0.21766653042445197
1.400245148E9	0.09903703415619228
1.407058993E9	0.1607983451340616
1.413872838E9	0.1827107895762231
1.420686683E9	0.3979070554143806
1.427500528E9	0.3111693911440604
1.434314373E9	0.18863152889447882
1.441128218E9	0.18384627181862812
1.444861853E9	0.21379806404713625
1.4482687755E9	0.009164634878790733
1.454755908E9	0.10400676857192966
1.461569753E9	0.09888469725977037
1.468383598E9	0.04779870983270092
1.475197443E9	0.1402139320750619
1.482011288E9	0.061427725461908805
1.488825133E9	0.043556318055371086
1.495638978E9	0.14253156624490285
1.502452823E9	0.04479908186934103
1.509266668E9	0.08017499664286463
1.516080513E9	0.1173686809723438
1.522894358E9	0.0969380724099242
1.529708203E9	0.14879278879986263
1.536522048E9	0.16161051506161353
1.543335893E9	0.30701549565627045
1.550149738E9	0.3765304317899805
1.556963583E9	0.07592115758430079
1.563777428E9	0.17180886856099603
1.570591273E9	0.06107095186344861
1.577405118E9	0.17929201500767922
1.584218963E9	0.20369394959820777
1.591032808E9	0.1529844016117185
1.597846653E9	0.1374786189001951
1.6032409105E9	0.0572925551052037
1.606647833E9	0.0
1.611474343E9	0.26542722941305535
1.618288188E9	0.08868296828002398
1.625102033E9	0.03050817856878165
1.631915878E9	0.01694271002642414
1.638729723E9	0.16648162674671937
1.645543568E9	0.20721721729801604
1.652357413E9	0.1619763877810546
1.659171258E9	0.08528033731322036
1.665985103E9	0.24056285401267566
1.672798948E9	0.04500146393115781
1.679612793E9	0.014400092752329998
1.686426638E9	0.10598480006516145
1.693240483E9	0.2824011993228493
1.700054328E9	0.06406661730638134
1.706868173E9	0.13383691586761953
1.713682018E9	0.09047021175268882
1.720495863E9	0.1719714786585254
1.727309708E9	0.3271810556301178
1.734123553E9	0.3394020556675416
1.740937398E9	0.4135229081377695
1.747751243E9	0.19166182970114523
1.754565088E9	0.39016678541997946
1.759854186E9	0.17282102545697783
1.7632611085E9	5.246772087434834E-5
1.768192778E9	0.16480210512566693
1.775006623E9	0.005487063471505442
1.781820468E9	0.15141583056262653
1.788634313E9	0.27475412193849436
1.795448158E9	0.2604268221540114
1.802262003E9	0.10091629615877673
1.809075848E9	0.0964311633152794
1.815889693E9	0.059120364493175294
1.822703538E9	0.08485282538713458
1.829517383E9	0.2354663189432692
1.836331228E9	0.2999595676156414
1.843145073E9	0.010523720454457064
1.849958918E9	0.19503540218481635
1.856772763E9	0.18890376872382628
1.863586608E9	0.26639525847740886
1.870400453E9	0.3425810243702344
1.877214298E9	0.2248398664777376
1.884028143E9	0.469844118849196
1.890841988E9	0.039867505057717044
1.897655833E9	0.32005585686202137
1.904469678E9	0.29719930523808513
1.910723823E9	0.20457375565134092
1.9141307455E9	0.0
1.918097368E9	0.07497954532279498
1.924911213E9	0.055687647723128425
1.931725058E9	0.009138599425141019
1.938538903E9	0.10253637997342176
1.945352748E9	0.412366585973118
1.952166593E9	0.20857592152448434
1.958980438E9	0.20546094018868935
1.965794283E9	0.18856049704682157
1.972608128E9	0.12982346971497002
1.979421973E9	0.05977095164330859
1.986235818E9	0.17992572475599314
1.993049663E9	0.03662190730784161
1.999863508E9	0.3416872558738862
2.006677353E9	0.225087597384443
2.013491198E9	0.6741352349517783
2.020305043E9	0.0270111809118053
2.027118888E9	0.20864607281204664
2.033932733E9	0.26660967486052295
2.040746578E9	0.1957251742591738
2.047560423E9	0.08835584020475958
2.054374268E9	0.12838551507995852
2.060544391E9	0.30698279042726
2.0639513135E9	0.0
2.068001958E9	0.10667457213951888
2.074815803E9	0.026112862854966615
2.081629648E9	0.2290621521329
2.088443493E9	0.17093065662632478
2.095257338E9	0.2811352474263797
2.102071183E9	0.08995449705709478
2.108885028E9	0.2222670166403844
2.115698873E9	0.012765479696118711
2.122512718E9	0.02378862448441372
2.129326563E9	0.14449360089641017
2.136140408E9	0.34552356268744006
2.142954253E9	0.24896192971809603
2.149768098E9	0.11838235240161758
2.156581943E9	0.06664108150390859
2.163395788E9	0.34033412852801903
2.170209633E9	0.5374674651389928
2.177023478E9	0.21867594581326696
2.183837323E9	0.19399516719267904
2.190651168E9	0.37149949844764596
2.197465013E9	0.21854709051937635
2.204278858E9	0.28419563403628934
2.2082174155E9	0.24473275837745823
2.211624338E9	0.09125904800824265
2.217906548E9	0.05800366753279536
2.224720393E9	0.10851479597789501
2.231534238E9	0.24446300143311156
2.238348083E9	0.02592295539449459
2.245161928E9	0.14712544826012333
2.251975773E9	0.10857203238406508
2.258789618E9	0.030372865834194938
2.265603463E9	0.08471149549189921
2.272417308E9	0.08300320890774592
2.279231153E9	0.28631470190472486
2.286044998E9	0.08250642625419274
2.292858843E9	0.26850185174449964
2.299672688E9	0.0495564545421858
2.306486533E9	0.13635751913934055
2.313300378E9	0.13627386593032276
2.320114223E9	0.17774399036080216
2.326928068E9	0.1464741273099109
2.333741913E9	0.39846767867481575
2.3376495495E9	0.0884866410765427
2.341056472E9	0.08257494257552409
2.347369603E9	0.06029165617944054
2.354183448E9	0.09290510717517056
2.360997293E9	0.23189168523792367
2.367811138E9	0.12086964114974731
2.374624983E9	0.11312614243499815
2.381438828E9	0.6455405134692673
2.388252673E9	0.16457991046171436
2.395066518E9	0.3594714878310264
2.401880363E9	0.46287316485772717
2.408694208E9	0.27585291417694413
2.415508053E9	0.0925542039773432
2.422321898E9	0.13131308387555043
2.429135743E9	0.10522649106341574
2.435949588E9	0.21556566079797823
2.442763433E9	0.24939017544426093
2.449577278E9	0.17917519403508592
2.456391123E9	0.15536308794814088
2.4612717095E9	0.2779371688526014
2.462753523E9	0.0
2.4646867815E9	0.0013845969241222185
2.470018813E9	0.06542590857291294
2.476832658E9	0.1060970714772643
2.483646503E9	0.053344330550518834
2.490460348E9	0.004790100156372797
2.497274193E9	0.058752290373496906
2.504088038E9	0.07773980770035127
2.510901883E9	0.13900213462443012
2.517715728E9	0.05481853490943806
2.524529573E9	0.1688203943588385
2.531343418E9	0.020418427481106484
2.538157263E9	0.17981961726455475
2.544971108E9	0.012951424636163576
2.551784953E9	0.01362402578866998
2.558598798E9	0.20107457683583937
2.565412643E9	0.42608263029170756
2.572226488E9	0.033765223599891106
2.579040333E9	0.031138659596747505
2.585854178E9	0.008647100132157394
2.592668023E9	0.007164236932304741
2.599481868E9	0.052146622061405856
2.606295713E9	0.07173835037339417
2.613109558E9	0.08501206000430007
2.619923403E9	0.05219343850645267
2.626737248E9	0.08697864421629785
2.631968571E9	0.026570372020836435
2.6353754935E9	0.008893715221652526
2.640364938E9	0.0028713597095325768
2.647178783E9	0.003048205528596556
2.653992628E9	0.0021180405483247713
2.660806473E9	9.289909001452191E-4
2.667620318E9	0.0017417478677604202
2.674434163E9	0.006475638938073878
2.681248008E9	0.0014739108388875885
2.688061853E9	0.0010455183527068785
2.694875698E9	0.0028289460649603857
2.701689543E9	0.0021664713535456117
2.708503388E9	0.0011007001186554728
2.715317233E9	0.0015795780502785139
2.7221309125E9	0.005640848466738309
