#Position (bp)	mapping quality
3406923.0	37.44253497809453
1.0220768E7	37.78127425188622
1.7034613E7	40.51351317380276
2.3848458E7	36.84165191312709
3.0662303E7	39.193017007014824
3.7476148E7	40.79983684763926
4.4289993E7	40.52093700587244
5.1103838E7	36.538050011803804
5.7917683E7	39.958125081552865
6.4731528E7	40.39567805081814
7.1545373E7	35.882107036041205
7.8359218E7	40.02730656084905
8.5173063E7	39.022607583125705
9.1986908E7	39.66302180834198
9.8800753E7	39.411544019399805
1.05614598E8	37.624774680239994
1.12428443E8	38.69542147001621
1.19242288E8	36.48271444140241
1.26056133E8	40.486119346199835
1.300790245E8	35.75885047504147
1.33485947E8	36.410602380818496
1.39683823E8	40.379073249261495
1.46497668E8	29.58610358482701
1.53311513E8	40.65589345182529
1.60125358E8	40.1019762492522
1.66939203E8	39.93861064858752
1.73753048E8	40.10671378829448
1.80566893E8	39.45850878798975
1.87380738E8	40.804254816297735
1.94194583E8	40.36076381230701
2.01008428E8	40.80973428351343
2.07822273E8	40.66172470396826
2.14636118E8	39.91395341581649
2.21449963E8	37.659299581872034
2.28263808E8	40.936086867627566
2.35077653E8	39.61309855040665
2.41891498E8	40.38157272073223
2.48705343E8	40.82340789399104
2.52444901E8	41.27852731031956
2.558518235E8	39.576373586618345
2.62333033E8	38.61196038052885
2.69146878E8	37.47348362028755
2.75960723E8	35.62288198005164
2.82774568E8	40.37635934118144
2.89588413E8	35.77113601630158
2.96402258E8	37.96830171490769
3.03216103E8	36.49806703102395
3.10029948E8	25.265434395822915
3.16843793E8	35.153188472733916
3.23657638E8	40.21630578227939
3.30471483E8	39.661453449612196
3.37285328E8	40.79660797689336
3.44099173E8	32.230817928589516
3.50913018E8	36.94260579357993
3.57726863E8	40.45123301866622
3.64540708E8	40.37501693450058
3.704270945E8	39.37512820060281
3.73834017E8	0.0
3.78168398E8	36.195078041643065
3.84982243E8	37.51390902874119
3.91796088E8	40.496988387081856
3.98609933E8	40.259817175732806
4.05423778E8	39.66968474481243
4.12237623E8	40.6867134879564
4.19051468E8	40.50381168552267
4.25865313E8	39.82027891207957
4.32679158E8	34.131939492380425
4.39493003E8	36.13103385534708
4.46306848E8	39.758976496906946
4.53120693E8	37.60276549146231
4.59934538E8	30.19308086539782
4.66748383E8	40.282495996057655
4.73562228E8	32.06599576574257
4.80376073E8	39.57158410248858
4.87189918E8	40.39437425135775
4.91962519E8	34.178195437210256
4.953694415E8	2.481873511510982
5.00817608E8	33.198902061386924
5.07631453E8	38.83422270058581
5.14445298E8	35.44980820913234
5.21259143E8	40.44725133772504
5.28072988E8	38.20549767885334
5.34886833E8	13.090655742697896
5.41700678E8	37.839968399197524
5.48514523E8	39.65456775658378
5.55328368E8	39.94731223282908
5.62142213E8	32.72532422653169
5.68956058E8	39.92567907117358
5.75769903E8	39.01610470034714
5.82583748E8	30.670787979176527
5.89397593E8	36.50478027443863
5.96211438E8	34.54045812802684
6.03025283E8	15.434805679572568
6.09839128E8	33.63517434302888
6.15738246E8	40.3057097670196
6.191451685E8	0.0
6.23466818E8	39.27262316200969
6.30280663E8	39.23722402081598
6.37094508E8	20.090458156670646
6.43908353E8	38.52562138784126
6.50722198E8	37.99887129000281
6.57536043E8	36.69106578978608
6.64349888E8	26.925498244666485
6.71163733E8	33.023656755071194
6.77977578E8	40.18738094838029
6.84791423E8	37.79541742651193
6.91605268E8	39.446162003845416
6.98419113E8	40.07564050062993
7.05232958E8	40.61308223118499
7.12046803E8	39.26787590167379
7.18860648E8	40.39287566583856
7.222708485E8	0.0
7.25677771E8	39.86311881239204
7.32488338E8	39.450657585144384
7.39302183E8	39.892273079473895
7.46116028E8	40.215703694626555
7.52929873E8	40.15761725334409
7.59743718E8	39.85588920407142
7.66557563E8	40.38309801897206
7.73371408E8	39.714162029303296
7.80185253E8	36.72748676934447
7.86999098E8	26.461755973420047
7.93812943E8	30.12899585873156
8.00626788E8	35.435412192258994
8.07440633E8	34.99785992944705
8.14254478E8	40.23862027882615
8.190716475E8	34.94116402116402
8.2247857E8	38.26522398183781
8.27882168E8	35.71407928216378
8.34696013E8	37.07647715185868
8.41509858E8	37.749910644790816
8.48323703E8	40.555507358750035
8.55137548E8	33.519328213802055
8.61951393E8	32.88989711802671
8.68765238E8	40.564595263785655
8.75579083E8	39.584873500078295
8.82392928E8	37.881757020882624
8.89206773E8	36.88276139893352
8.96020618E8	40.39278977431466
9.02834463E8	39.5978918733625
9.09648308E8	39.941330637998945
9.14262198E8	25.23520243299753
9.176691205E8	37.33088742977053
9.23275998E8	39.32396278518693
9.30089843E8	38.54035395613
9.36903688E8	37.82422225588183
9.43717533E8	36.48744408633039
9.50531378E8	40.27176987353543
9.57345223E8	40.225600242793185
9.64159068E8	38.792359314359636
9.70972913E8	40.604355407518995
9.77786758E8	39.807993377424495
9.84600603E8	40.181500341672916
9.91414448E8	40.201327070298184
9.98228293E8	39.68096885640021
1.00390351E9	35.01196003337684
1.0073104325E9	0.0
1.011855983E9	39.721726216087525
1.018669828E9	37.7604531196873
1.025483673E9	35.59384212677514
1.032297518E9	40.727430070192845
1.039111363E9	38.81971043112324
1.045925208E9	40.03169721372735
1.052739053E9	40.728258766301096
1.059552898E9	40.39455161686753
1.0652815955E9	38.902532752375144
1.068688518E9	0.0
1.073180588E9	35.73559568263825
1.079994433E9	26.328553280891192
1.086808278E9	31.528547522686896
1.093622123E9	26.36349889353332
1.100435968E9	34.66444457281497
1.107249813E9	41.04708045505942
1.114063658E9	37.06619670861302
1.120877503E9	40.531770381609135
1.127691348E9	39.1812339911957
1.134505193E9	37.56165814119397
1.141319038E9	38.905707609528854
1.148132883E9	39.478854002926376
1.154946728E9	39.10407265014718
1.161760573E9	38.53395855987288
1.168574418E9	23.96084762865792
1.175388263E9	37.60672819218655
1.182202108E9	16.434298527080838
1.189015953E9	38.87763550265171
1.195829798E9	39.947771555696235
1.202643643E9	40.14804159614895
1.209457488E9	36.302965267849636
1.216271333E9	37.489701404161735
1.223085178E9	39.58377713381862
1.229899023E9	40.42290580686463
1.236712868E9	40.03868010937616
1.243526713E9	35.02654771019896
1.250340558E9	40.99177301771459
1.257154403E9	38.84884894441111
1.2618183335E9	39.25877032772753
1.265225256E9	40.833781155619526
1.270782093E9	36.64871729807912
1.277595938E9	40.022412915856115
1.284409783E9	38.88058863975847
1.291223628E9	40.86520717821272
1.298037473E9	40.85343045311802
1.304851318E9	40.6182087992461
1.311665163E9	39.39210663575775
1.318479008E9	35.694186699284806
1.325292853E9	40.95698425811708
1.332106698E9	40.44005207751964
1.338920543E9	31.627884109427402
1.345734388E9	35.422643060506125
1.352548233E9	40.39721886885621
1.359362078E9	20.389039948453608
1.366175923E9	40.945758555306604
1.372989768E9	37.14568494438809
1.379803613E9	39.69963237197742
1.386617458E9	37.329237294005196
1.393431303E9	40.60452584344957
1.400245148E9	35.42329313521961
1.407058993E9	39.71474818660944
1.413872838E9	39.54815872798827
1.420686683E9	40.80653027404696
1.427500528E9	40.86917908574321
1.434314373E9	40.950346060224724
1.441128218E9	32.76734915614111
1.444861853E9	40.11096586674058
1.4482687755E9	20.524792374094833
1.454755908E9	28.42281292653947
1.461569753E9	34.76401122598987
1.468383598E9	37.3944576587847
1.475197443E9	40.74271630086534
1.482011288E9	39.72425809283351
1.488825133E9	35.22865595057333
1.495638978E9	39.85369186195046
1.502452823E9	40.07933459521109
1.509266668E9	35.12785688413708
1.516080513E9	38.12417010586758
1.522894358E9	29.727629045567067
1.529708203E9	40.365498707468475
1.536522048E9	38.262125150573766
1.543335893E9	39.450489266990864
1.550149738E9	40.43969210081238
1.556963583E9	35.790639323040324
1.563777428E9	37.000992399254265
1.570591273E9	39.0664037101871
1.577405118E9	40.75569123047585
1.584218963E9	39.52178552214179
1.591032808E9	38.91420066030708
1.597846653E9	38.176607765123535
1.6032409105E9	36.31976412062933
1.606647833E9	0.0
1.611474343E9	38.828271483662135
1.618288188E9	31.85854953687988
1.625102033E9	37.49474995116233
1.631915878E9	26.013425976187893
1.638729723E9	40.66224673342926
1.645543568E9	38.10190429849952
1.652357413E9	40.37231657297466
1.659171258E9	33.94479103266383
1.665985103E9	40.01381228018835
1.672798948E9	21.661289285943827
1.679612793E9	33.72500520002773
1.686426638E9	33.3713257282091
1.693240483E9	37.437529927381306
1.700054328E9	34.679947174350794
1.706868173E9	39.69370504336833
1.713682018E9	40.58108002849321
1.720495863E9	38.90324415005737
1.727309708E9	39.70173914087521
1.734123553E9	40.13946252542137
1.740937398E9	40.85193915932666
1.747751243E9	38.38752203016038
1.754565088E9	34.55540959159107
1.759854186E9	40.688036246811706
1.7632611085E9	10.370503597122303
1.768192778E9	37.55733657671218
1.775006623E9	14.612459917544664
1.781820468E9	37.46977449654618
1.788634313E9	39.99739724325943
1.795448158E9	40.7393150773613
1.802262003E9	37.4492162511844
1.809075848E9	29.700260295001
1.815889693E9	37.77572294640609
1.822703538E9	38.72306014354755
1.829517383E9	40.126562225982575
1.836331228E9	39.53256940781119
1.843145073E9	17.237632643713262
1.849958918E9	36.76991504651033
1.856772763E9	33.99711986848137
1.863586608E9	39.02804491240334
1.870400453E9	39.86457334067469
1.877214298E9	40.39769611095573
1.884028143E9	40.54145000856314
1.890841988E9	39.843244708333685
1.897655833E9	39.14142319164128
1.904469678E9	40.310747962420116
1.910723823E9	40.01426213430705
1.9141307455E9	0.0
1.918097368E9	30.38770462174025
1.924911213E9	36.0411760836677
1.931725058E9	38.15775191612301
1.938538903E9	32.197577562271135
1.945352748E9	40.996582359516516
1.952166593E9	39.62101417484669
1.958980438E9	38.625425776637066
1.965794283E9	40.59111187435836
1.972608128E9	37.72403037759939
1.979421973E9	36.67686431338199
1.986235818E9	39.85901123169825
1.993049663E9	25.70869758482738
1.999863508E9	40.56239661442813
2.006677353E9	40.04438895412304
2.013491198E9	37.68170021582375
2.020305043E9	39.66651465991547
2.027118888E9	40.17947054382504
2.033932733E9	38.772731009209345
2.040746578E9	39.57046172118757
2.047560423E9	39.687415394939315
2.054374268E9	39.202563641111894
2.060544391E9	39.50590815668531
2.0639513135E9	0.0
2.068001958E9	38.86255542302224
2.074815803E9	30.261309115832763
2.081629648E9	38.19599950223014
2.088443493E9	39.11077337265068
2.095257338E9	39.04135396319523
2.102071183E9	35.89159660961301
2.108885028E9	39.21867143525435
2.115698873E9	36.09317091389663
2.122512718E9	37.07550901309817
2.129326563E9	40.12425996438125
2.136140408E9	40.61374634140619
2.142954253E9	40.52108728303464
2.149768098E9	31.57718430376362
2.156581943E9	39.154859659195544
2.163395788E9	40.91913616785472
2.170209633E9	31.380451773718825
2.177023478E9	40.414712487673924
2.183837323E9	40.75564682619458
2.190651168E9	41.1157082944773
2.197465013E9	39.021659597102335
2.204278858E9	39.7338129149018
2.2082174155E9	41.037331633059694
2.211624338E9	40.66402656832906
2.217906548E9	39.12422035101958
2.224720393E9	39.352912929773495
2.231534238E9	32.34169760137065
2.238348083E9	34.08890563194575
2.245161928E9	37.97338264683345
2.251975773E9	36.44926356589147
2.258789618E9	39.4922245360152
2.265603463E9	33.3192701092687
2.272417308E9	35.89772480075939
2.279231153E9	40.00828414309577
2.286044998E9	39.17901455330902
2.292858843E9	40.49809878589795
2.299672688E9	40.41776120323344
2.306486533E9	39.58568247747205
2.313300378E9	39.95814264082546
2.320114223E9	40.91476249912857
2.326928068E9	41.1949488450042
2.333741913E9	40.19208067714177
2.3376495495E9	34.54970193740686
2.341056472E9	14.849520515274156
2.347369603E9	33.56657181195632
2.354183448E9	40.243949506840025
2.360997293E9	40.271350916045904
2.367811138E9	40.927528624875116
2.374624983E9	34.785784919178276
2.381438828E9	38.63111000942677
2.388252673E9	39.77431375907797
2.395066518E9	40.29224111535583
2.401880363E9	40.58403396812534
2.408694208E9	40.496820245758
2.415508053E9	39.705067685723265
2.422321898E9	34.64892576370395
2.429135743E9	24.799937769019344
2.435949588E9	40.54192325972088
2.442763433E9	40.539803103993435
2.449577278E9	40.87154301877775
2.456391123E9	39.85173141169373
2.4612717095E9	39.57621874190464
2.462753523E9	0.0
2.4646867815E9	6.251294930152253
2.470018813E9	36.13926986155984
2.476832658E9	32.75593701631006
2.483646503E9	37.64145102161341
2.490460348E9	4.267549424910974
2.497274193E9	35.15035674082903
2.504088038E9	38.51237673347113
2.510901883E9	35.13789347156487
2.517715728E9	35.35413422224537
2.524529573E9	30.641805972281755
2.531343418E9	32.33907009427885
2.538157263E9	36.11288012969179
2.544971108E9	19.28412000849855
2.551784953E9	25.57970770095559
2.558598798E9	13.173666851308138
2.565412643E9	38.440650393847875
2.572226488E9	36.787066640935905
2.579040333E9	18.78520415702113
2.585854178E9	12.04784453802166
2.592668023E9	34.85131667157723
2.599481868E9	36.12973342877853
2.606295713E9	35.59640787906007
2.613109558E9	38.197306265488365
2.619923403E9	40.183797794111484
2.626737248E9	36.743178750225866
2.631968571E9	5.357188366009686
2.6353754935E9	2.556491640543365
2.640364938E9	1.8351380790670853
2.647178783E9	1.3778377277817366
2.653992628E9	1.379870981276551
2.660806473E9	1.8928065480875178
2.667620318E9	1.026793318047822
2.674434163E9	1.6209405637254901
2.681248008E9	1.3364995602462622
2.688061853E9	0.9901126408010013
2.694875698E9	1.1633038348082596
2.701689543E9	1.2672978878368537
2.708503388E9	0.9947178204058938
2.715317233E9	1.0
2.7221309125E9	12.198911936514934
