# Position (bp)	A	C	G	T	N
0.0	22.62542758208665	25.389851164298488	28.68347691558877	23.299072270072593	0.0021720679534962587
1.0	26.141480098485765	18.96437201311462	24.42631714901367	30.465576926939576	0.0022538124463697736
2.0	25.964071193380846	21.038077986114647	24.019393063489314	28.978119101259004	3.386557561902769E-4
3.0	30.023315864924466	20.21160612980932	24.702812057265987	25.061378436363313	8.875116369124498E-4
4.0	29.77094725985453	20.092866415018193	24.987364636958695	25.148004243239846	8.174449287351511E-4
5.0	31.152814556311913	20.932557523599634	22.49212566977934	25.421906683289603	5.955670195070386E-4
6.0	22.30599345950635	22.36024844720497	21.729916662657295	33.60301230791796	8.291227134313675E-4
7.0	24.95675716326991	24.013904504682092	22.721710916906957	28.306786614642913	8.40800498127584E-4
8.0	24.481377903856334	23.713014704199377	23.347429976499626	28.45797889310483	1.9852233983567958E-4
9.0	31.011676850473442	20.150414538001147	23.089339256928547	25.74810224320902	4.671113878486578E-4
10.0	26.291352787277006	23.461194955010168	25.24862003618245	24.998715443683416	1.1677784696216445E-4
11.0	24.69975247767558	23.43809629688105	24.429855517776623	27.43187530741768	4.20400249063792E-4
12.0	25.52367857691713	22.923351225256525	22.995952012712902	28.556948118405263	7.006670817729867E-5
13.0	26.441026953728414	22.088179419352517	22.86163413313702	28.60903103815039	1.2845563165838088E-4
14.0	26.18044886601704	22.123901762738242	23.500864389623214	28.19466820377454	1.1677784696216445E-4
15.0	26.330356588162367	22.25839480908457	23.627253053390366	27.78386709373104	1.2845563165838088E-4
16.0	26.467112999833002	22.289775560514812	23.4599929231319	27.782744820514978	3.7369600530648325E-4
17.0	26.628331684366202	22.183968209034845	23.460376207412974	27.727137047386552	1.8685179942954148E-4
18.0	26.289706522264662	22.325132941917573	23.575068418344454	27.808760771349245	0.0013313461240660432
19.0	26.428290470682548	22.332650203023775	23.651872621034123	27.582129796938855	0.005056908320704688
20.0	26.414136217558102	22.41267493597258	23.546744835265375	27.61655186364206	0.009892147561877602
21.0	26.585610351089738	22.31659404635281	23.538290139361628	27.54614427536754	0.01336118782828491
22.0	26.517756968739803	22.319238839890033	23.42684630638278	27.719327465306094	0.01683041968128955
23.0	26.587455560261326	22.300753808227768	23.46017575699105	27.641301374487043	0.01031350003282099
24.0	26.50887428821726	22.493467659512337	23.5531844064827	27.438493210687692	0.005980435100014601
25.0	26.76216631746146	22.47228639989702	23.434898957103538	27.329269960794868	0.0013783647431119435
26.0	26.99030802463973	22.141621898948706	23.368713731606764	27.498585360360465	7.709844443374932E-4
27.0	26.976340144721505	22.273971799388015	23.75237835114305	26.997041014006147	2.686907412792039E-4
28.0	26.29234743392767	22.98876303942709	24.318358468890956	26.400496009064057	3.5048690224604855E-5
29.0	24.20329491863184	23.421147823616092	23.999179331491657	28.376342874928906	3.505133150661372E-5
30.0	26.041565394438194	21.26326510389596	21.466997561987952	31.228171939677896	0.0
31.0	28.814828622499693	21.46508669527195	24.393156469875343	25.32682303155599	1.0518079702501958E-4
32.0	28.217193962971987	21.381834401110495	24.251671562560926	26.149300073356596	0.0
33.0	31.243233409547845	19.68906537689704	21.860851541648525	27.20673275457696	1.1691732962689809E-4
34.0	24.888838246194624	22.824308742821632	22.774893119997603	29.510134882188666	0.0018250087974783058
35.0	24.621023735946594	24.190936177885828	21.92900202194145	29.25883875421394	1.9931001218604863E-4
36.0	23.52619174637878	24.121349559310403	24.13968679668169	28.212630297340546	1.4160028858138811E-4
37.0	25.548318089141613	23.58230946851019	25.77612459485252	25.092427662056583	8.201854391031609E-4
38.0	29.386530930903415	24.40285003406606	24.065934825161296	22.144126644046462	5.575658227665519E-4
39.0	22.05996718341395	28.06552056616654	29.82105459477448	20.049033851153055	0.004423804491971298
