# Position (bp)	A	C	G	T	N
0.0	21.29100235977041	27.658966067963153	27.489192097209813	23.5571155523704	0.0037239226862208767
1.0	22.852830072207755	22.10432161227736	24.35967680600605	30.681650628171518	0.001520881337315433
2.0	26.636889077483143	23.599621949158166	22.461102481289945	27.3017602468122	6.262452565416489E-4
3.0	29.843029949005185	21.927077430249557	23.98806734395464	24.241288495142154	5.367816484642704E-4
4.0	29.87527039676607	20.915428541586067	24.386286637933566	24.822444093212802	5.703305014932874E-4
5.0	30.28162528760453	22.05687235114332	22.51802929340468	25.14218143700585	0.001291630841617151
6.0	24.127692078785902	22.358918266439066	20.625801293386566	32.8871578177746	4.305436138723836E-4
7.0	25.144546631144394	24.478216086708578	22.07724209640744	28.29961496540526	3.8022033432885823E-4
8.0	24.650103635202743	24.346452966437113	22.32659953802111	28.676676116073885	1.6774426514508454E-4
9.0	31.188316589566746	20.854263391038668	22.24295665594427	25.714211747052605	2.5161639771762676E-4
10.0	26.992451004835676	24.051407578473423	24.66365178035096	24.292405764207366	8.387213257254227E-5
11.0	24.96840956126655	24.212084218580397	24.084783095761793	26.734449142091528	2.739822997369714E-4
12.0	25.76621806072309	23.786282175936112	22.68439246410007	27.76273826185741	3.69037383319186E-4
13.0	26.71313443746709	22.83348356696102	22.462992400010577	27.989321623739883	0.0010679718214237047
14.0	26.58151110408325	22.84589664258176	23.025724086292794	27.545218681768276	0.0016494852739266646
15.0	26.70328225762757	22.967315533169273	23.165628394899297	27.16006666604415	0.0037071482597063683
16.0	26.84150353210712	23.028391220108603	22.978079123516086	27.145528829731575	0.006497294536619608
17.0	26.98566854504831	22.965587767238283	22.979985816663234	27.060342700415397	0.008415170634778407
18.0	26.72270704353137	23.090059603451436	23.093710836956095	27.086589086435097	0.006933429625996827
19.0	26.839954693392283	23.063282027258776	23.218389557762933	26.871255773268356	0.007117948317656421
20.0	26.78246873372706	23.173400545851024	23.1124478713728	26.924251778103187	0.007431070945927244
21.0	27.012451712716473	23.10387613942389	23.077836637997866	26.79826465202822	0.007570857833548149
22.0	26.97453032584268	22.96842823679474	22.9535828693294	27.094473066896917	0.008985501136271695
23.0	27.082624730302168	22.938771050717087	23.01933862126627	26.952701205471797	0.006564392242677641
24.0	27.06889352748328	23.099702398177158	23.025034933447095	26.80293017655419	0.0034389643382753206
25.0	27.4204422477355	23.062364473442276	22.916000264845792	26.59990121967751	0.0012917942989258981
26.0	27.780961805204857	22.53572775178545	22.8759787388992	26.806492821006174	8.388831043238384E-4
27.0	27.565041461610708	22.752984506650904	23.753053188000315	25.928562895337233	3.5794840084314743E-4
28.0	26.666305705079917	23.980908115214465	24.188121693873402	25.164451936137546	2.12549694677957E-4
29.0	24.467290514293897	24.412664688613216	23.97945084402914	27.14048766625495	1.0628680880010025E-4
30.0	25.948613531268784	22.161203538381177	21.03496485655036	30.854994272935897	2.2380086378181384E-4
31.0	28.547167122029855	22.279450949681692	24.295940501025793	24.877161622752002	2.798045106613633E-4
32.0	28.208032247250713	22.09682694446004	24.27922794715457	25.4155042514716	4.0860966308118213E-4
33.0	32.24602450891124	20.765639724066993	22.322505939745323	24.665331441932956	4.983853434838188E-4
34.0	25.116912217074454	22.611527910059316	22.082452203765584	30.187846510368182	0.001261158732464849
35.0	24.835128637971902	24.360764671478464	21.04917639028165	29.75423376356084	6.965367071474328E-4
36.0	24.162379451076372	24.034855640215387	22.210322516068285	29.5919385249744	5.038676655550629E-4
37.0	27.269670805776304	22.50221109098815	23.64718368787311	26.580347425771677	5.869895907566692E-4
38.0	30.36392045537516	24.47154343324601	22.384808366846865	22.778022132073982	0.0017056124579803095
39.0	23.687034232050895	27.37705543774614	27.689845501363227	21.24243562556801	0.0036292032717358375
