#Position (bp)	mapping quality
3406923.0	38.38347130348143
1.0220768E7	39.200914914895094
1.7034613E7	40.707041296381675
2.3848458E7	37.87100623342659
3.0662303E7	39.56430012937816
3.7476148E7	41.02320512201059
4.4289993E7	40.66102396896056
5.1103838E7	37.738967084968586
5.7917683E7	40.09097401133406
6.4731528E7	40.75102220429417
7.1545373E7	36.39062614319788
7.8359218E7	40.031284974806944
8.5173063E7	39.48580047216366
9.1986908E7	40.06809461588247
9.8800753E7	39.758379943514
1.05614598E8	38.94570700941989
1.12428443E8	39.89937581459864
1.19242288E8	37.761720896218016
1.26056133E8	40.50140141634449
1.300790245E8	34.78504463423117
1.33485947E8	37.502725670303995
1.39683823E8	40.48119164619165
1.46497668E8	33.03482209375796
1.53311513E8	40.69525243190198
1.60125358E8	40.18891137774324
1.66939203E8	39.63835015287677
1.73753048E8	40.49639105005238
1.80566893E8	39.51227235811594
1.87380738E8	40.868691099895734
1.94194583E8	40.5182531357352
2.01008428E8	40.83473685185468
2.07822273E8	40.84722275501081
2.14636118E8	38.78757431059863
2.21449963E8	27.181225023092423
2.28263808E8	41.05734822845089
2.35077653E8	36.60236628655344
2.41891498E8	40.72529174677293
2.48705343E8	40.77656287212423
2.52444901E8	41.07473711837716
2.558518235E8	38.613146000299636
2.62333033E8	38.150260336422605
2.69146878E8	37.61319129367376
2.75960723E8	37.56701501712479
2.82774568E8	40.61831494234129
2.89588413E8	37.14671275524219
2.96402258E8	38.54376700807581
3.03216103E8	37.41297686167752
3.10029948E8	26.56707784447735
3.16843793E8	37.405809416372435
3.23657638E8	40.06734704112148
3.30471483E8	35.81727149844611
3.37285328E8	40.8398318856539
3.44099173E8	32.30884969110179
3.50913018E8	37.25879842102555
3.57726863E8	40.48831069584315
3.64540708E8	40.38726501094389
3.704270945E8	40.15911502058245
3.73834017E8	0.0
3.78168398E8	37.08988980133469
3.84982243E8	38.17630888235407
3.91796088E8	40.67566372181251
3.98609933E8	40.49604624349273
4.05423778E8	40.039603331075945
4.12237623E8	40.64412101907231
4.19051468E8	40.965937149826956
4.25865313E8	39.86625202279033
4.32679158E8	35.804034403351004
4.39493003E8	37.77620030859616
4.46306848E8	40.18076926882304
4.53120693E8	37.8922943065478
4.59934538E8	31.729072515334167
4.66748383E8	40.52198971491147
4.73562228E8	32.54986298749631
4.80376073E8	40.60913047428489
4.87189918E8	40.52282230528342
4.91962519E8	34.65671989403048
4.953694415E8	2.524198520345253
5.00817608E8	34.83037615735778
5.07631453E8	39.12075242672181
5.14445298E8	21.113333345837233
5.21259143E8	40.71756515130693
5.28072988E8	39.51602772232086
5.34886833E8	13.847952889643768
5.41700678E8	38.68341350637898
5.48514523E8	39.44939186880916
5.55328368E8	40.597765861102594
5.62142213E8	32.25287354189202
5.68956058E8	40.44653443011678
5.75769903E8	40.08110066138887
5.82583748E8	31.63942935363142
5.89397593E8	37.57377010860164
5.96211438E8	35.6793597478523
6.03025283E8	20.06865031686574
6.09839128E8	33.18649647542588
6.15738246E8	40.32503403998003
6.191451685E8	0.0
6.23466818E8	40.03885941791041
6.30280663E8	39.942747957665425
6.37094508E8	23.229154456817092
6.43908353E8	39.158889626640786
6.50722198E8	38.58994872271799
6.57536043E8	37.16675367686045
6.64349888E8	28.06852147896103
6.71163733E8	35.168218329957654
6.77977578E8	40.04591453760425
6.84791423E8	39.00283525792695
6.91605268E8	39.607628279127155
6.98419113E8	40.35574128845077
7.05232958E8	40.15969542136757
7.12046803E8	33.37074674421269
7.18860648E8	40.74665395107532
7.222708485E8	0.0
7.25677771E8	40.41173085351272
7.32488338E8	25.819240668251297
7.39302183E8	34.80402333136647
7.46116028E8	40.38514061484418
7.52929873E8	40.202523361681315
7.59743718E8	40.322268151913605
7.66557563E8	40.72931993151245
7.73371408E8	39.16821445057617
7.80185253E8	38.14680089714758
7.86999098E8	29.54313077363008
7.93812943E8	33.634073493912524
8.00626788E8	36.70401605618324
8.07440633E8	38.452252154024194
8.14254478E8	40.219346223565395
8.190716475E8	35.97875257556275
8.2247857E8	38.773091753254725
8.27882168E8	36.46900034911676
8.34696013E8	36.973937458791106
8.41509858E8	39.149410513922206
8.48323703E8	40.644122807489424
8.55137548E8	32.062043964677976
8.61951393E8	38.51782374439929
8.68765238E8	40.71486509521482
8.75579083E8	39.56086405649795
8.82392928E8	38.51227082987454
8.89206773E8	35.701804990559445
8.96020618E8	40.56026621772297
9.02834463E8	39.73816830787162
9.09648308E8	40.11794922165761
9.14262198E8	28.046277471197598
9.176691205E8	38.207069378393875
9.23275998E8	40.02469598195872
9.30089843E8	39.69721684167601
9.36903688E8	38.34825243260462
9.43717533E8	37.367394132359706
9.50531378E8	40.55560075966945
9.57345223E8	40.510592455517866
9.64159068E8	39.6382172471251
9.70972913E8	41.023446784794174
9.77786758E8	40.96325308545268
9.84600603E8	40.346292063822844
9.91414448E8	40.54745098542504
9.98228293E8	39.78129465998632
1.00390351E9	32.26497702045314
1.0073104325E9	0.0
1.011855983E9	40.075806255713104
1.018669828E9	38.77384528942993
1.025483673E9	37.3974553249449
1.032297518E9	40.82790286743024
1.039111363E9	39.49019441340276
1.045925208E9	40.33897917761558
1.052739053E9	40.879893264085375
1.059552898E9	40.32543932998729
1.0652815955E9	39.546625681582974
1.068688518E9	0.0
1.073180588E9	36.93441714981155
1.079994433E9	29.408860925607303
1.086808278E9	33.65947481839352
1.093622123E9	30.29801988893543
1.100435968E9	36.36833761060632
1.107249813E9	41.12636294196258
1.114063658E9	38.51328789620439
1.120877503E9	40.04615416532412
1.127691348E9	39.7670762660878
1.134505193E9	38.55209487026057
1.141319038E9	33.05825637762887
1.148132883E9	39.54815102481122
1.154946728E9	39.842903610095654
1.161760573E9	38.697967316748326
1.168574418E9	26.31523673739435
1.175388263E9	39.11694940666493
1.182202108E9	20.49235118265851
1.189015953E9	39.472442114092274
1.195829798E9	40.731555006208
1.202643643E9	39.88212755515226
1.209457488E9	37.58868636880157
1.216271333E9	38.8253224738271
1.223085178E9	39.88054568396414
1.229899023E9	40.633527951364655
1.236712868E9	40.45792116589291
1.243526713E9	35.896417191186394
1.250340558E9	41.15030481592712
1.257154403E9	39.3222849843823
1.2618183335E9	34.70638819657464
1.265225256E9	40.98709438165251
1.270782093E9	36.90754209267051
1.277595938E9	40.05356055675074
1.284409783E9	38.75352048086887
1.291223628E9	40.95096746679637
1.298037473E9	41.04208131350977
1.304851318E9	40.98891168750901
1.311665163E9	39.69912964375463
1.318479008E9	38.198303460728866
1.325292853E9	41.1587715987562
1.332106698E9	40.661377205434185
1.338920543E9	33.08164473646392
1.345734388E9	35.11965115895677
1.352548233E9	40.60847175263043
1.359362078E9	7.862678491850609
1.366175923E9	40.7610666083682
1.372989768E9	38.39624215348074
1.379803613E9	39.92579793183814
1.386617458E9	37.2553428683196
1.393431303E9	40.85031732093016
1.400245148E9	37.104288798637306
1.407058993E9	40.59303127171647
1.413872838E9	39.819960565440695
1.420686683E9	40.83133755193971
1.427500528E9	40.94458548781844
1.434314373E9	41.127390282085436
1.441128218E9	35.42074956784336
1.444861853E9	40.43932555791298
1.4482687755E9	25.48141248640504
1.454755908E9	30.556960050839134
1.461569753E9	36.410970685961864
1.468383598E9	38.40834385013517
1.475197443E9	40.853226936533645
1.482011288E9	40.46795182640396
1.488825133E9	37.88054257836784
1.495638978E9	40.20813685869787
1.502452823E9	40.729322346612676
1.509266668E9	24.45504467169428
1.516080513E9	39.18353346411643
1.522894358E9	29.29187468180333
1.529708203E9	40.5137408347326
1.536522048E9	39.29698802421756
1.543335893E9	39.77032691965036
1.550149738E9	40.5072178351381
1.556963583E9	36.85312032116356
1.563777428E9	37.89179228529958
1.570591273E9	38.885706049974466
1.577405118E9	40.99311773045372
1.584218963E9	40.038744524609356
1.591032808E9	39.19923186672239
1.597846653E9	38.787725239175025
1.6032409105E9	37.66303685653366
1.606647833E9	0.0
1.611474343E9	39.86458965413416
1.618288188E9	32.674597347039764
1.625102033E9	39.25756196762398
1.631915878E9	29.58684323606391
1.638729723E9	40.732100614782084
1.645543568E9	38.529301516936364
1.652357413E9	40.77426552775177
1.659171258E9	35.57234981266133
1.665985103E9	40.306697631809634
1.672798948E9	25.034984482240787
1.679612793E9	35.594466387980205
1.686426638E9	35.4450383207612
1.693240483E9	38.31349134965423
1.700054328E9	35.75924213184878
1.706868173E9	40.53379820622214
1.713682018E9	40.719551479489624
1.720495863E9	39.29751454577569
1.727309708E9	40.047986161728986
1.734123553E9	39.95592569605894
1.740937398E9	40.77371804740182
1.747751243E9	39.42106728194323
1.754565088E9	35.587897704257
1.759854186E9	40.863071745838766
1.7632611085E9	6.555555555555555
1.768192778E9	38.241140915472016
1.775006623E9	16.575581317964623
1.781820468E9	38.878901133750894
1.788634313E9	40.2852746428855
1.795448158E9	40.963924101512376
1.802262003E9	38.29435405812093
1.809075848E9	31.745777891504606
1.815889693E9	38.83678124700305
1.822703538E9	39.20618241325677
1.829517383E9	40.556629703950705
1.836331228E9	40.20500170096365
1.843145073E9	22.995142482928753
1.849958918E9	38.99701833993652
1.856772763E9	34.9822511749854
1.863586608E9	40.53232564559849
1.870400453E9	40.32014991632945
1.877214298E9	40.32623570359079
1.884028143E9	40.70607071845511
1.890841988E9	40.19814535837434
1.897655833E9	39.675281228025305
1.904469678E9	40.33041546936686
1.910723823E9	36.68740117503311
1.9141307455E9	0.0
1.918097368E9	29.763849319404876
1.924911213E9	35.770410516098714
1.931725058E9	39.121721671080195
1.938538903E9	34.86657455570004
1.945352748E9	41.091197449620786
1.952166593E9	39.68663829468309
1.958980438E9	38.76735703096669
1.965794283E9	40.87140548596634
1.972608128E9	38.92319835859026
1.979421973E9	37.92611529793782
1.986235818E9	40.114433479881825
1.993049663E9	28.692098920264154
1.999863508E9	40.84635281086721
2.006677353E9	40.4411565840733
2.013491198E9	38.80367966069519
2.020305043E9	39.762973946008984
2.027118888E9	40.25056970592694
2.033932733E9	39.51388400844414
2.040746578E9	39.9747161997307
2.047560423E9	39.85173260805554
2.054374268E9	39.52640389369
2.060544391E9	39.8529004837661
2.0639513135E9	0.0
2.068001958E9	39.32942098957137
2.074815803E9	31.699999337344607
2.081629648E9	38.41460069978309
2.088443493E9	39.27137995515847
2.095257338E9	39.20168715955596
2.102071183E9	35.52563289457367
2.108885028E9	39.374871251697456
2.115698873E9	37.26550130870787
2.122512718E9	38.53177306706109
2.129326563E9	39.83551444867882
2.136140408E9	40.904755876402625
2.142954253E9	40.82510144300867
2.149768098E9	33.502452174477895
2.156581943E9	39.74409297468981
2.163395788E9	41.04935186566947
2.170209633E9	35.789787648773085
2.177023478E9	40.62857302644445
2.183837323E9	40.73638144039724
2.190651168E9	41.198521567075105
2.197465013E9	27.562209746994217
2.204278858E9	39.45113255503418
2.2082174155E9	41.4219185101027
2.211624338E9	40.75062929682491
2.217906548E9	39.575487084824196
2.224720393E9	38.40190108608033
2.231534238E9	33.50486395349146
2.238348083E9	35.07001237696706
2.245161928E9	38.86610907137101
2.251975773E9	38.165834846816445
2.258789618E9	38.703294937953935
2.265603463E9	35.422382009496204
2.272417308E9	37.18322223780744
2.279231153E9	40.02968020055631
2.286044998E9	39.44492095517489
2.292858843E9	40.520418181076614
2.299672688E9	40.26064025102647
2.306486533E9	39.69246511124734
2.313300378E9	40.10294742558211
2.320114223E9	40.93562114700331
2.326928068E9	41.25356165787168
2.333741913E9	40.430480063493604
2.3376495495E9	37.746960805529746
2.341056472E9	5.4535227832040185
2.347369603E9	35.116268544128744
2.354183448E9	40.25838612625878
2.360997293E9	40.39263263134258
2.367811138E9	41.059139393677135
2.374624983E9	25.200606067665262
2.381438828E9	39.291818547007274
2.388252673E9	40.249079113264656
2.395066518E9	40.42352451226012
2.401880363E9	40.654431001762234
2.408694208E9	40.635992194252374
2.415508053E9	40.27531952784117
2.422321898E9	36.75321607751022
2.429135743E9	25.51260415567978
2.435949588E9	40.77455803807527
2.442763433E9	40.742908878168905
2.449577278E9	40.872447291491774
2.456391123E9	40.5534896069259
2.4612717095E9	37.63428320325748
2.462753523E9	0.0
2.4646867815E9	4.198901098901099
2.470018813E9	37.94864114101462
2.476832658E9	36.10932015693647
2.483646503E9	38.58297535529425
2.490460348E9	4.460203024652993
2.497274193E9	36.590096828833474
2.504088038E9	39.09088713763087
2.510901883E9	37.50342768169665
2.517715728E9	37.71765545852591
2.524529573E9	30.089330285158926
2.531343418E9	35.54217429263066
2.538157263E9	37.372584001810836
2.544971108E9	24.24847297767647
2.551784953E9	27.056077507948213
2.558598798E9	10.62334795966836
2.565412643E9	39.716855579938
2.572226488E9	37.456677282476484
2.579040333E9	21.99642331159268
2.585854178E9	14.170712607674236
2.592668023E9	36.39328151613049
2.599481868E9	36.40736619782111
2.606295713E9	36.498188050289784
2.613109558E9	39.391259614685566
2.619923403E9	40.5088150443876
2.626737248E9	38.13261728914529
2.631968571E9	4.165756022962418
2.6353754935E9	2.901441190144119
2.640364938E9	2.2577359750667854
2.647178783E9	1.4517119345073124
2.653992628E9	1.328852978932266
2.660806473E9	1.3376806035033884
2.667620318E9	1.0240979326285151
2.674434163E9	1.4986291980808772
2.681248008E9	1.0064818645704041
2.688061853E9	1.0326579578778992
2.694875698E9	1.2332712248865845
2.701689543E9	1.1469188879335053
2.708503388E9	1.2566820038256734
2.715317233E9	1.6963223959480291
2.7221309125E9	14.082259024929373
