#Position (bp)	mapping quality
3406923.0	39.1765096887845
1.0220768E7	39.53131424585179
1.7034613E7	39.919213872819086
2.3848458E7	35.955371195463485
3.0662303E7	38.22057774979464
3.7476148E7	40.37223759112865
4.4289993E7	40.024860815765756
5.1103838E7	37.75344586720499
5.7917683E7	39.5547235697065
6.4731528E7	40.17230044132744
7.1545373E7	38.57471936129165
7.8359218E7	40.5470717879418
8.5173063E7	38.63437548283947
9.1986908E7	40.35172509389501
9.8800753E7	39.00898824627512
1.05614598E8	37.44614182535787
1.12428443E8	39.395374657623584
1.19242288E8	39.54675074864242
1.26056133E8	40.220160088732364
1.300790245E8	34.76844880253302
1.33485947E8	38.48531847898307
1.39683823E8	39.817007763183916
1.46497668E8	34.61119921014239
1.53311513E8	40.59779704681335
1.60125358E8	39.478177613730026
1.66939203E8	40.45104726398401
1.73753048E8	40.28412158608842
1.80566893E8	38.21765602288231
1.87380738E8	40.698334543057214
1.94194583E8	40.75444840345097
2.01008428E8	40.59678962036173
2.07822273E8	40.87125355336746
2.14636118E8	39.88807780948221
2.21449963E8	40.29747165689939
2.28263808E8	40.78856981172615
2.35077653E8	40.36967719020648
2.41891498E8	40.54636771578071
2.48705343E8	40.78207187883802
2.52444901E8	40.35009608838927
2.558518235E8	39.88453974833959
2.62333033E8	37.84017555277022
2.69146878E8	36.992668948090675
2.75960723E8	29.568131402308815
2.82774568E8	40.088633989815634
2.89588413E8	37.459378819941904
2.96402258E8	37.356547448192956
3.03216103E8	38.13201993494404
3.10029948E8	34.24553332870307
3.16843793E8	35.93888161265067
3.23657638E8	40.03928639046707
3.30471483E8	39.86765112818457
3.37285328E8	40.3976949656891
3.44099173E8	35.9263694081002
3.50913018E8	40.20907993657204
3.57726863E8	40.66241379243646
3.64540708E8	40.19710620614602
3.704270945E8	36.09548517191879
3.73834017E8	0.0
3.78168398E8	36.01477205970012
3.84982243E8	37.823432630207094
3.91796088E8	39.90438383340551
3.98609933E8	38.23488428253952
4.05423778E8	40.30308930787123
4.12237623E8	40.43018520727198
4.19051468E8	40.97170351506788
4.25865313E8	39.75612505964378
4.32679158E8	37.59852287206451
4.39493003E8	36.35391685252061
4.46306848E8	38.50061527615993
4.53120693E8	37.25948500383356
4.59934538E8	37.05450753203423
4.66748383E8	40.03306677099556
4.73562228E8	39.22426712818655
4.80376073E8	39.855055668513465
4.87189918E8	39.61338574561182
4.91962519E8	34.96767638866841
4.953694415E8	2.4646092517546596
5.00817608E8	24.35743445114099
5.07631453E8	38.049483916518874
5.14445298E8	37.36511657011236
5.21259143E8	40.56947250128245
5.28072988E8	39.75885681803582
5.34886833E8	23.43626291094978
5.41700678E8	38.93163565158897
5.48514523E8	39.5024579609468
5.55328368E8	40.42069655065911
5.62142213E8	31.573790165769125
5.68956058E8	40.070051934769545
5.75769903E8	37.660228128195236
5.82583748E8	34.58579641480748
5.89397593E8	37.761609102674825
5.96211438E8	38.43180609412667
6.03025283E8	32.892322576853985
6.09839128E8	37.12518523416321
6.15738246E8	39.54908123716807
6.191451685E8	0.0
6.23466818E8	38.932963645400825
6.30280663E8	39.337212762855
6.37094508E8	32.04059430509316
6.43908353E8	39.19766872394776
6.50722198E8	38.51763435322044
6.57536043E8	39.61718417250799
6.64349888E8	35.958563859800826
6.71163733E8	39.88819424280451
6.77977578E8	40.21106430727809
6.84791423E8	40.175332147714194
6.91605268E8	40.318602368940375
6.98419113E8	40.37849421073441
7.05232958E8	40.34860841318096
7.12046803E8	39.776413936232984
7.18860648E8	40.361024295018936
7.222708485E8	0.0
7.25677771E8	39.565266975949235
7.32488338E8	39.48448687350835
7.39302183E8	40.04617364793188
7.46116028E8	39.54152572153214
7.52929873E8	40.47027145830462
7.59743718E8	39.7784233597646
7.66557563E8	39.856279728958896
7.73371408E8	39.10915375346801
7.80185253E8	38.93645377615191
7.86999098E8	36.453454223664124
7.93812943E8	35.52329553779137
8.00626788E8	39.18314549224477
8.07440633E8	39.01577541830615
8.14254478E8	40.426981520453715
8.190716475E8	37.23343244432606
8.2247857E8	34.48991244288732
8.27882168E8	31.28242427668068
8.34696013E8	35.13910132730566
8.41509858E8	37.11613691126707
8.48323703E8	40.67552326556015
8.55137548E8	37.33260736268225
8.61951393E8	35.63837359296899
8.68765238E8	40.68199680571462
8.75579083E8	40.092818140046006
8.82392928E8	38.22579235413557
8.89206773E8	39.58709321286491
8.96020618E8	39.923649747464225
9.02834463E8	39.56892121270859
9.09648308E8	39.668703333574975
9.14262198E8	32.919345608662326
9.176691205E8	34.50230794860751
9.23275998E8	39.21806875040221
9.30089843E8	38.073173483659865
9.36903688E8	38.09829722316393
9.43717533E8	36.34164189179485
9.50531378E8	40.599573636437974
9.57345223E8	39.56668477219309
9.64159068E8	38.87828762799832
9.70972913E8	38.989188246771796
9.77786758E8	39.86769780623951
9.84600603E8	39.70906540405056
9.91414448E8	39.84961103175129
9.98228293E8	40.58465477463459
1.00390351E9	35.88889909567845
1.0073104325E9	0.0
1.011855983E9	40.11255755343382
1.018669828E9	39.009373576822796
1.025483673E9	38.862196680500226
1.032297518E9	40.58355203922772
1.039111363E9	38.75179831111231
1.045925208E9	40.04812843169855
1.052739053E9	40.67807866868778
1.059552898E9	40.041195932546344
1.0652815955E9	40.02105809148633
1.068688518E9	0.0
1.073180588E9	35.54512596784824
1.079994433E9	38.56221672493712
1.086808278E9	39.58674958004568
1.093622123E9	31.376225269181464
1.100435968E9	38.12418836672425
1.107249813E9	40.86465670825588
1.114063658E9	36.56991537472844
1.120877503E9	39.666406223035594
1.127691348E9	39.442001183975094
1.134505193E9	38.990401781758585
1.141319038E9	39.91663073818465
1.148132883E9	39.785278654705536
1.154946728E9	37.432613231374106
1.161760573E9	39.67652340595914
1.168574418E9	34.90944980617257
1.175388263E9	38.21471710053765
1.182202108E9	30.933296965538702
1.189015953E9	39.30737397561569
1.195829798E9	39.84374075170169
1.202643643E9	40.78569748731389
1.209457488E9	36.991131210890956
1.216271333E9	38.323127212651784
1.223085178E9	40.273166689274284
1.229899023E9	40.262375922827104
1.236712868E9	40.10220720754725
1.243526713E9	38.22835929982977
1.250340558E9	40.4987542410947
1.257154403E9	39.53664718354764
1.2618183335E9	39.764139175899416
1.265225256E9	40.20545828393987
1.270782093E9	39.344537243987766
1.277595938E9	39.50023021750585
1.284409783E9	38.89306224192602
1.291223628E9	40.91067746580922
1.298037473E9	40.72960957568293
1.304851318E9	39.56989595176976
1.311665163E9	37.91312761478497
1.318479008E9	37.78622519588213
1.325292853E9	40.45393318202935
1.332106698E9	39.8722473023704
1.338920543E9	38.88906263816111
1.345734388E9	36.77828302189358
1.352548233E9	39.77138053645731
1.359362078E9	37.23587893940043
1.366175923E9	40.33439152873289
1.372989768E9	37.38116405251693
1.379803613E9	40.330406885820196
1.386617458E9	39.490470615376864
1.393431303E9	40.51962638117415
1.400245148E9	37.7630776412312
1.407058993E9	40.23620539502256
1.413872838E9	40.25085744170165
1.420686683E9	40.56871743431896
1.427500528E9	40.6745775623542
1.434314373E9	40.6971651875485
1.441128218E9	31.32936463835977
1.444861853E9	39.39712122201188
1.4482687755E9	31.010444378756528
1.454755908E9	36.38465188515059
1.461569753E9	36.612176770096724
1.468383598E9	36.74650305974055
1.475197443E9	39.86159762406725
1.482011288E9	39.79760996771059
1.488825133E9	36.113252500242744
1.495638978E9	39.143134777817856
1.502452823E9	38.58206395492053
1.509266668E9	36.87594151993591
1.516080513E9	38.31093891664311
1.522894358E9	36.908578950425664
1.529708203E9	39.98060759201421
1.536522048E9	38.61326147056157
1.543335893E9	39.77250866038008
1.550149738E9	40.52673539245343
1.556963583E9	37.95533176985567
1.563777428E9	39.15103407472662
1.570591273E9	38.84147546972746
1.577405118E9	40.263315128460846
1.584218963E9	40.39869726967674
1.591032808E9	39.482527327017664
1.597846653E9	39.45693642420172
1.6032409105E9	37.397030083703385
1.606647833E9	0.0
1.611474343E9	38.14696660512859
1.618288188E9	35.2968992432293
1.625102033E9	36.53618623038729
1.631915878E9	34.04492118499385
1.638729723E9	40.55667982184985
1.645543568E9	38.05456119891637
1.652357413E9	40.31091506971673
1.659171258E9	36.546613866388476
1.665985103E9	39.21912506283276
1.672798948E9	35.04523583516088
1.679612793E9	33.42545940308395
1.686426638E9	37.95415851275819
1.693240483E9	38.478194259904114
1.700054328E9	36.148695425320824
1.706868173E9	39.23420893107336
1.713682018E9	40.222671003605825
1.720495863E9	39.294472904382964
1.727309708E9	40.301583535325754
1.734123553E9	40.56004664624162
1.740937398E9	40.79279712727438
1.747751243E9	38.9360986938321
1.754565088E9	37.548876849443204
1.759854186E9	40.722803069006225
1.7632611085E9	10.220907297830374
1.768192778E9	37.01346692849556
1.775006623E9	25.81383560832033
1.781820468E9	38.416812425252004
1.788634313E9	39.17910175206399
1.795448158E9	40.217680898630476
1.802262003E9	37.826209566679395
1.809075848E9	38.15102535101439
1.815889693E9	39.32085105459457
1.822703538E9	36.4213104549232
1.829517383E9	39.50077466458907
1.836331228E9	40.00481239826669
1.843145073E9	31.051421136792573
1.849958918E9	38.75765223939601
1.856772763E9	35.03383022571188
1.863586608E9	37.90989246644476
1.870400453E9	39.49331665015168
1.877214298E9	40.65522884170685
1.884028143E9	40.79332519253866
1.890841988E9	39.890115104658896
1.897655833E9	40.362179100082955
1.904469678E9	40.23771473493682
1.910723823E9	40.565873386378115
1.9141307455E9	0.0
1.918097368E9	34.83920468777207
1.924911213E9	35.90153785834782
1.931725058E9	37.641587433848656
1.938538903E9	37.42227671657202
1.945352748E9	41.010203161466606
1.952166593E9	38.86512804369383
1.958980438E9	36.26466798151717
1.965794283E9	40.20205724981826
1.972608128E9	35.358562109268824
1.979421973E9	36.626216710576585
1.986235818E9	38.98539688432259
1.993049663E9	36.943841515303575
1.999863508E9	40.66324391727032
2.006677353E9	40.4380261941169
2.013491198E9	40.75863832424933
2.020305043E9	38.14117066983891
2.027118888E9	40.374920390920046
2.033932733E9	39.3445098480452
2.040746578E9	39.9353732725013
2.047560423E9	38.60085561248095
2.054374268E9	39.01453417978138
2.060544391E9	39.87592349956232
2.0639513135E9	0.0
2.068001958E9	37.449880171095046
2.074815803E9	28.715710622509647
2.081629648E9	38.15025071964539
2.088443493E9	38.076896940336646
2.095257338E9	39.169586486501665
2.102071183E9	36.794517062845316
2.108885028E9	39.62768702481031
2.115698873E9	36.793393902552786
2.122512718E9	36.09579762917398
2.129326563E9	40.336283308548
2.136140408E9	39.89497233804281
2.142954253E9	40.1291662505156
2.149768098E9	36.84411846048283
2.156581943E9	39.24777814857159
2.163395788E9	40.72593048167879
2.170209633E9	23.630399790699755
2.177023478E9	39.86707368213869
2.183837323E9	40.51260760758093
2.190651168E9	40.70645676019828
2.197465013E9	40.38760425260872
2.204278858E9	40.44399022480925
2.2082174155E9	39.951021123235556
2.211624338E9	38.70830558719299
2.217906548E9	39.61442925928025
2.224720393E9	39.91757646243417
2.231534238E9	26.677502285005005
2.238348083E9	37.74402766865491
2.245161928E9	39.310976245346474
2.251975773E9	38.390783060544095
2.258789618E9	38.972264264913896
2.265603463E9	34.61966276139156
2.272417308E9	38.48969241811649
2.279231153E9	39.65068385772643
2.286044998E9	39.36725020452047
2.292858843E9	40.32197386250839
2.299672688E9	40.4357923432028
2.306486533E9	39.293301991922604
2.313300378E9	40.04200410322859
2.320114223E9	40.6098050031718
2.326928068E9	40.94151632991649
2.333741913E9	39.76667269922853
2.3376495495E9	34.075932283290946
2.341056472E9	8.906672427133579
2.347369603E9	36.70505117755812
2.354183448E9	40.01035018106157
2.360997293E9	40.18041682352513
2.367811138E9	40.048860190681864
2.374624983E9	37.28644180874722
2.381438828E9	39.944682912476004
2.388252673E9	39.6089965027533
2.395066518E9	39.93801227407343
2.401880363E9	40.63655140789227
2.408694208E9	40.5252944792321
2.415508053E9	39.039087028071265
2.422321898E9	37.92441701577666
2.429135743E9	33.165656499309314
2.435949588E9	40.143339547027544
2.442763433E9	40.428137238187915
2.449577278E9	40.42582546524958
2.456391123E9	39.95163738451555
2.4612717095E9	39.1004716975424
2.462753523E9	0.0
2.4646867815E9	4.239093433664785
2.470018813E9	34.567949337707816
2.476832658E9	37.022589804410664
2.483646503E9	36.08155379919415
2.490460348E9	4.709355534101279
2.497274193E9	29.448409964734328
2.504088038E9	36.809024873552644
2.510901883E9	36.681819512752625
2.517715728E9	33.939509509480004
2.524529573E9	37.47103596701159
2.531343418E9	29.823193439056027
2.538157263E9	36.87668474038373
2.544971108E9	26.544470830288812
2.551784953E9	27.225227258074913
2.558598798E9	23.785378925293013
2.565412643E9	39.38157789612132
2.572226488E9	34.414234176332556
2.579040333E9	27.96679318089171
2.585854178E9	16.82052586824503
2.592668023E9	33.11682108960827
2.599481868E9	36.516446980965966
2.606295713E9	35.74524004083678
2.613109558E9	37.077926984960115
2.619923403E9	38.14128129420787
2.626737248E9	37.41059303607416
2.631968571E9	11.151154758174076
2.6353754935E9	30.634319622169297
2.640364938E9	10.976056467331432
2.647178783E9	3.2624007824208863
2.653992628E9	2.304394426580922
2.660806473E9	2.0584293755025462
2.667620318E9	1.9381624786894966
2.674434163E9	4.813322185061316
2.681248008E9	1.785681281350845
2.688061853E9	1.31603010454008
2.694875698E9	1.3455306397713807
2.701689543E9	1.3435151010270472
2.708503388E9	1.9332842617001609
2.715317233E9	2.193276280191205
2.7221309125E9	11.492146847350448
