# Position (bp)	A	C	G	T	N
0.0	21.82512390181861	26.647689700538923	27.649200599982027	23.874371274593155	0.0036145230672813946
1.0	23.50021413529088	21.583573677516572	24.033878305488546	30.881077438924642	0.001256442779363752
2.0	27.242285945351867	22.701084126512338	22.013777525097176	28.042319584897225	5.328181413920781E-4
3.0	30.180871598316177	21.38373807351393	23.488348131277174	24.94652017911906	5.220177736611577E-4
4.0	30.300935686258246	20.38693973452408	23.945070481759764	25.36651047894879	5.436185091229986E-4
5.0	30.81965214751632	21.459499053023755	22.126940178059183	25.592691779969723	0.0012168414310170432
6.0	24.858216372551052	21.667013718483087	20.23419373382825	33.24011175932518	4.644158124295816E-4
7.0	25.884913729542664	23.735496546186404	21.805611237451412	28.573542871987705	4.356148318137936E-4
8.0	25.203158517141194	23.739953497936696	21.927367383004658	29.129434198975606	8.640294184736402E-5
9.0	31.63617434846422	20.38221637370309	21.74363512728881	26.2377833440473	1.9080649657959555E-4
10.0	27.584596400338242	23.38773190549592	24.145878118858192	24.881681971507767	1.1160379988617853E-4
11.0	25.640393404114626	23.618276555080147	23.447393136841523	27.293692095628476	2.448083352341981E-4
12.0	26.504084411066025	23.04783353263612	22.157973234672696	28.289684007161075	4.248144640828731E-4
13.0	27.376667720782557	22.195464911189298	22.002332735424975	28.424551799139657	9.828334635137658E-4
14.0	27.163436060670993	22.28780445516609	22.508801579676184	28.03851785545594	0.0014400490307894002
15.0	27.288158707227662	22.402669966107005	22.622864263282434	27.68281494448323	0.0034921188996642955
16.0	27.40855760656939	22.431697754445143	22.421858619442276	27.73174421042688	0.006141809116316793
17.0	27.59279027932343	22.361977780619473	22.392726427549405	27.64438363597404	0.008121876533652218
18.0	27.30406404877273	22.465978121623085	22.467662978989107	27.755472618331712	0.006822232283364783
19.0	27.429143107464522	22.451862040998773	22.616204036515036	27.49600818408665	0.006782630935018075
20.0	27.371346739613788	22.550217389801688	22.532619990645443	27.538648035888325	0.007167844050754241
21.0	27.62016561139874	22.486498820311834	22.479374177732005	27.40634353118455	0.0076178593728759274
22.0	27.542788176851847	22.376385471172522	22.33440084167986	27.737410803363034	0.009014706932741647
23.0	27.61528384518436	22.391909199724434	22.453032080836287	27.533355855700176	0.006419018554743751
24.0	27.568834363506014	22.564012961673573	22.44905394997976	27.41467119652457	0.003427528316082341
25.0	27.86970821306245	22.538808333839814	22.347085428742364	27.24307301629731	0.0013250080580653096
26.0	28.16673969109658	22.084067538523627	22.244919328889644	27.503391243002547	8.821984876021226E-4
27.0	28.053575171104495	22.224362053729298	23.037201138800082	26.684530338593525	3.312977725986493E-4
28.0	27.151599991140625	23.357297471817905	23.60812592273938	25.882774937394625	2.0167690747189532E-4
29.0	24.977741756543963	23.90566862956538	23.31673418306835	27.799768987544997	8.644327730812465E-5
30.0	26.405772951774487	21.64360864530624	20.575841968053314	31.374571097891412	2.0533697454628455E-4
31.0	28.960765524724604	21.89480196302988	23.656365641968815	25.487850685494916	2.1618478178037897E-4
32.0	28.514191219677798	21.80259816924806	23.552705340621166	26.130134067378403	3.7120307457055315E-4
33.0	32.54724731201947	20.36784927558262	21.6236469239406	25.46076974937516	4.8673908214493585E-4
34.0	25.52155571133097	22.238165463513333	21.490192067618334	30.748686511093993	0.0014002464433740338
35.0	25.35254401553909	23.932187312650445	20.52455507254674	30.19004091749598	6.726817677454806E-4
36.0	24.81585488660866	23.543295916506203	21.681035921874447	29.959317565594386	4.957094163065362E-4
37.0	27.930807790133187	22.072599818348113	22.800489663805685	27.195470927566728	6.318001462860339E-4
38.0	30.483677024251353	24.172526566499613	21.90147460197233	23.44092736861381	0.0013944386628904316
39.0	23.954579307586542	27.557513359153692	26.682249967172538	21.802005091130518	0.0036522749567103746
