# Position (bp)	A	C	G	T	N
0.0	20.852575353209247	29.538493167173264	26.961719594484773	22.64079828525525	0.006413599877468028
1.0	22.18221125109419	23.852280444758257	23.79548787141406	30.169032035492098	9.883972413906208E-4
2.0	27.81587784757245	25.14815708575393	21.550566842157206	25.48449036334654	9.078611698699034E-4
3.0	30.703564585097194	23.089655097684396	22.85735978157446	23.349398571260803	2.1964383142013794E-5
4.0	31.553322640095427	20.880096725286187	23.190354472929485	24.376028482240624	1.9767944827812412E-4
5.0	31.25624703663864	21.866385385895175	22.01119656395047	24.86050420266507	0.005666810850639558
6.0	27.732113011729858	21.001332798769056	18.730025223897602	32.536411822226725	1.171433767574069E-4
7.0	26.97185249657429	23.725912027081204	20.84078780092303	28.461418389577286	2.9285844189351725E-5
8.0	26.03952300388418	24.263922270683786	20.706395061938096	28.99010109180556	5.857168837870345E-5
9.0	33.46480969033441	20.74361736990276	20.345322567466532	25.446147871841628	1.0250045466273103E-4
10.0	29.763569522690524	23.597427707161472	22.97518405420927	23.66368692963988	1.3178629885208279E-4
11.0	27.15854975328141	23.804961842009316	22.7545298611646	26.281431398349277	5.271451954083311E-4
12.0	27.805854767398646	23.305338018677926	21.883473675979662	27.00370085213021	0.0016326858135563588
13.0	28.58610287121345	22.72790170733543	21.536817138310308	27.14508558641535	0.004092696725461904
14.0	28.527179752704473	22.802661146089797	21.859927857251424	26.80398603768093	0.0062452062733792555
15.0	28.531850844852674	23.00835027275371	21.831732910758124	26.613305906164054	0.01476006547143327
16.0	28.837756130332547	23.053765295630345	21.58606860677575	26.501887911945666	0.020522055315688223
17.0	28.883749548631926	22.779181220510985	21.8613628636167	26.449707859061288	0.025998508179096994
18.0	28.78629358063081	23.030124297908493	21.743787520657502	26.419389688864264	0.020404911938930816
19.0	28.877921665638244	22.816440135780887	21.981405538948856	26.310870993220618	0.013361666411391724
20.0	28.64400830663685	23.017846207732106	22.00073419611383	26.331129475938603	0.006281813578615945
21.0	28.83260914321627	23.030146262291634	21.963087243408417	26.172195199522992	0.0019621515606865654
22.0	29.059223005553473	22.678035236142012	21.708249148733724	26.55394349999224	5.491095785503449E-4
23.0	29.115788613605208	22.518976494888594	21.87017058125665	26.49422966369015	8.346465593965242E-4
24.0	28.773156856350724	23.16043671346423	21.741478187536913	26.324569474193343	3.587684547930514E-4
25.0	29.33125491225776	22.825994156033296	21.743250903811496	26.09923642994057	2.635979568815249E-4
26.0	29.671046961396158	22.363711573200145	21.708648121937376	26.256490827332296	1.0251613402578588E-4
27.0	29.707022306505028	22.70906476333212	22.32467337789962	25.25897592440559	2.636278576435932E-4
28.0	28.387452696562338	24.122850926456405	23.094887072643242	24.394406511533827	4.027928041871118E-4
29.0	25.99651787750051	24.786498253482144	22.75472789573291	26.46197032527325	2.8564801119037073E-4
30.0	26.717518666961254	22.467184475464396	20.016085438158605	30.798603398937036	6.080204787157669E-4
31.0	29.46229216565349	22.735606649526797	23.178366251504745	24.62328799742682	4.4693588814586813E-4
32.0	29.577012910722434	22.2614107640554	23.14839269654819	25.01215766535304	0.0010259633209318796
33.0	34.820517151534716	21.01740768533971	21.372506930142578	22.788505215238366	0.001063017744625309
34.0	26.47913184887143	21.996432965259235	20.235074736106274	31.288391904517287	9.68545245774593E-4
35.0	26.150516847251616	24.39206138854095	19.352537861672875	30.103648815294026	0.0012350872405342693
36.0	26.06454362291444	23.98745560328138	19.96479961226841	29.982105037696293	0.001096123839478885
37.0	30.51575197177181	22.534449313860225	20.485635982515646	26.46372247290415	4.402589481682381E-4
38.0	31.94129133779423	24.512512709311544	19.509772031470398	24.033561893603085	0.0028620278207421154
39.0	25.326748142655493	27.51288113471484	24.977024342764416	22.18037716915133	0.002969210713928456
