#Coverage	Number of genomic locations
0.0	2.544529387E9
1.0	7.2636702E7
2.0	3.5681445E7
3.0	2.2136552E7
4.0	1.4539403E7
5.0	9791511.0
6.0	6730786.0
7.0	4724434.0
8.0	3376765.0
9.0	2465139.0
10.0	1822941.0
11.0	1373228.0
12.0	1049619.0
13.0	810260.0
14.0	638592.0
15.0	504972.0
16.0	404701.0
17.0	328441.0
18.0	268835.0
19.0	220793.0
20.0	183515.0
21.0	154304.0
22.0	129326.0
23.0	110955.0
24.0	94895.0
25.0	82209.0
26.0	71676.0
27.0	61840.0
28.0	54889.0
29.0	49120.0
30.0	42824.0
31.0	38537.0
32.0	33272.0
33.0	29815.0
34.0	27067.0
35.0	24319.0
36.0	22207.0
37.0	19895.0
38.0	17994.0
39.0	16514.0
40.0	15094.0
41.0	13650.0
42.0	12625.0
43.0	11648.0
44.0	10170.0
45.0	9481.0
46.0	8638.0
47.0	7743.0
48.0	7183.0
49.0	6452.0
50.0	6277.0
51.0	5875.0
52.0	5335.0
53.0	4852.0
54.0	4535.0
55.0	4080.0
56.0	4009.0
57.0	3535.0
58.0	3263.0
59.0	3134.0
60.0	2892.0
61.0	2733.0
62.0	2575.0
63.0	2335.0
64.0	2191.0
65.0	1904.0
66.0	1867.0
67.0	1771.0
68.0	1592.0
69.0	1530.0
70.0	1397.0
71.0	1264.0
72.0	1263.0
73.0	1216.0
74.0	1190.0
75.0	1097.0
76.0	998.0
77.0	1008.0
78.0	999.0
79.0	877.0
80.0	850.0
81.0	897.0
82.0	785.0
83.0	754.0
84.0	704.0
85.0	655.0
86.0	654.0
87.0	592.0
88.0	580.0
89.0	536.0
90.0	538.0
91.0	460.0
92.0	522.0
93.0	471.0
94.0	570.0
95.0	456.0
96.0	517.0
97.0	511.0
98.0	444.0
99.0	470.0
100.0	416.0
101.0	419.0
102.0	415.0
103.0	407.0
104.0	389.0
105.0	373.0
106.0	385.0
107.0	375.0
108.0	340.0
109.0	322.0
110.0	301.0
111.0	280.0
112.0	359.0
113.0	316.0
114.0	318.0
115.0	318.0
116.0	300.0
117.0	279.0
118.0	267.0
119.0	273.0
120.0	298.0
121.0	291.0
122.0	328.0
123.0	294.0
124.0	254.0
125.0	287.0
126.0	247.0
127.0	286.0
128.0	295.0
129.0	244.0
130.0	268.0
131.0	263.0
132.0	259.0
133.0	305.0
134.0	285.0
135.0	261.0
136.0	254.0
137.0	228.0
138.0	258.0
139.0	246.0
140.0	267.0
141.0	245.0
142.0	245.0
143.0	257.0
144.0	255.0
145.0	244.0
146.0	244.0
147.0	209.0
148.0	237.0
149.0	242.0
150.0	243.0
151.0	227.0
152.0	246.0
153.0	200.0
154.0	201.0
155.0	188.0
156.0	201.0
157.0	195.0
158.0	196.0
159.0	193.0
160.0	205.0
161.0	208.0
162.0	215.0
163.0	196.0
164.0	208.0
165.0	194.0
166.0	213.0
167.0	171.0
168.0	198.0
169.0	175.0
170.0	202.0
171.0	186.0
172.0	244.0
173.0	176.0
174.0	210.0
175.0	220.0
176.0	185.0
177.0	204.0
178.0	192.0
179.0	171.0
180.0	194.0
181.0	177.0
182.0	171.0
183.0	192.0
184.0	190.0
185.0	190.0
186.0	182.0
187.0	181.0
188.0	171.0
189.0	168.0
190.0	187.0
191.0	179.0
192.0	194.0
193.0	178.0
194.0	133.0
195.0	164.0
196.0	163.0
197.0	155.0
198.0	158.0
199.0	159.0
200.0	175.0
201.0	169.0
202.0	144.0
203.0	139.0
204.0	151.0
205.0	159.0
206.0	171.0
207.0	157.0
208.0	150.0
209.0	135.0
210.0	151.0
211.0	147.0
212.0	150.0
213.0	140.0
214.0	144.0
215.0	154.0
216.0	115.0
217.0	113.0
218.0	117.0
219.0	124.0
220.0	118.0
221.0	94.0
222.0	127.0
223.0	141.0
224.0	109.0
225.0	108.0
226.0	100.0
227.0	99.0
228.0	107.0
229.0	119.0
230.0	102.0
231.0	137.0
232.0	128.0
233.0	111.0
234.0	111.0
235.0	118.0
236.0	118.0
237.0	119.0
238.0	131.0
239.0	87.0
240.0	111.0
241.0	95.0
242.0	102.0
243.0	118.0
244.0	109.0
245.0	94.0
246.0	82.0
247.0	89.0
248.0	95.0
249.0	78.0
250.0	94.0
251.0	94.0
252.0	82.0
253.0	74.0
254.0	64.0
255.0	73.0
256.0	76.0
257.0	69.0
258.0	73.0
259.0	70.0
260.0	67.0
261.0	74.0
262.0	73.0
263.0	63.0
264.0	77.0
265.0	68.0
266.0	75.0
267.0	60.0
268.0	66.0
269.0	70.0
270.0	67.0
271.0	61.0
272.0	65.0
273.0	48.0
274.0	50.0
275.0	52.0
276.0	58.0
277.0	58.0
278.0	50.0
279.0	55.0
280.0	44.0
281.0	60.0
282.0	43.0
283.0	47.0
284.0	52.0
285.0	47.0
286.0	39.0
287.0	58.0
288.0	47.0
289.0	45.0
290.0	47.0
291.0	45.0
292.0	46.0
293.0	41.0
294.0	35.0
295.0	35.0
296.0	65.0
297.0	53.0
298.0	45.0
299.0	38.0
300.0	50.0
301.0	43.0
302.0	47.0
303.0	35.0
304.0	39.0
305.0	32.0
306.0	47.0
307.0	40.0
308.0	42.0
309.0	42.0
310.0	43.0
311.0	39.0
312.0	25.0
313.0	31.0
314.0	21.0
315.0	25.0
316.0	36.0
317.0	44.0
318.0	43.0
319.0	39.0
320.0	26.0
321.0	31.0
322.0	36.0
323.0	28.0
324.0	29.0
325.0	27.0
326.0	22.0
327.0	26.0
328.0	25.0
329.0	27.0
330.0	22.0
331.0	16.0
332.0	20.0
333.0	21.0
334.0	26.0
335.0	22.0
336.0	26.0
337.0	19.0
338.0	26.0
339.0	19.0
340.0	22.0
341.0	14.0
342.0	26.0
343.0	20.0
344.0	25.0
345.0	23.0
346.0	22.0
347.0	14.0
348.0	15.0
349.0	12.0
350.0	23.0
351.0	20.0
352.0	20.0
353.0	16.0
354.0	20.0
355.0	17.0
356.0	18.0
357.0	22.0
358.0	16.0
359.0	12.0
360.0	14.0
361.0	22.0
362.0	15.0
363.0	20.0
364.0	20.0
365.0	22.0
366.0	21.0
367.0	17.0
368.0	15.0
369.0	8.0
370.0	12.0
371.0	16.0
372.0	14.0
373.0	26.0
374.0	20.0
375.0	20.0
376.0	24.0
377.0	21.0
378.0	20.0
379.0	13.0
380.0	22.0
381.0	15.0
382.0	16.0
383.0	16.0
384.0	22.0
385.0	13.0
386.0	20.0
387.0	22.0
388.0	16.0
389.0	14.0
390.0	14.0
391.0	13.0
392.0	9.0
393.0	17.0
394.0	22.0
395.0	9.0
396.0	18.0
397.0	12.0
398.0	14.0
399.0	25.0
400.0	19.0
401.0	10.0
402.0	18.0
403.0	14.0
404.0	17.0
405.0	24.0
406.0	9.0
407.0	12.0
408.0	14.0
409.0	24.0
410.0	19.0
411.0	11.0
412.0	19.0
413.0	22.0
414.0	27.0
415.0	12.0
416.0	23.0
417.0	11.0
418.0	15.0
419.0	14.0
420.0	14.0
421.0	14.0
422.0	17.0
423.0	16.0
424.0	23.0
425.0	16.0
426.0	13.0
427.0	20.0
428.0	14.0
429.0	13.0
430.0	17.0
431.0	20.0
432.0	17.0
433.0	18.0
434.0	9.0
435.0	19.0
436.0	12.0
437.0	12.0
438.0	17.0
439.0	20.0
440.0	17.0
441.0	21.0
442.0	11.0
443.0	10.0
444.0	12.0
445.0	10.0
446.0	12.0
447.0	17.0
448.0	16.0
449.0	15.0
450.0	9.0
451.0	14.0
452.0	13.0
453.0	14.0
454.0	7.0
455.0	14.0
456.0	13.0
457.0	15.0
458.0	17.0
459.0	21.0
460.0	9.0
461.0	21.0
462.0	15.0
463.0	18.0
464.0	17.0
465.0	13.0
466.0	13.0
467.0	13.0
468.0	7.0
469.0	10.0
470.0	16.0
471.0	14.0
472.0	18.0
473.0	10.0
474.0	7.0
475.0	14.0
476.0	13.0
477.0	14.0
478.0	15.0
479.0	15.0
480.0	11.0
481.0	9.0
482.0	12.0
483.0	7.0
484.0	12.0
485.0	16.0
486.0	8.0
487.0	12.0
488.0	10.0
489.0	15.0
490.0	12.0
491.0	14.0
492.0	15.0
493.0	9.0
494.0	12.0
495.0	13.0
496.0	14.0
497.0	8.0
498.0	16.0
499.0	9.0
500.0	15.0
501.0	12.0
502.0	14.0
503.0	13.0
504.0	24.0
505.0	16.0
506.0	15.0
507.0	11.0
508.0	13.0
509.0	11.0
510.0	17.0
511.0	12.0
512.0	12.0
513.0	16.0
514.0	11.0
515.0	6.0
516.0	20.0
517.0	12.0
518.0	17.0
519.0	7.0
520.0	7.0
521.0	16.0
522.0	13.0
523.0	8.0
524.0	8.0
525.0	7.0
526.0	12.0
527.0	6.0
528.0	15.0
529.0	12.0
530.0	14.0
531.0	9.0
532.0	10.0
533.0	9.0
534.0	12.0
535.0	5.0
536.0	18.0
537.0	17.0
538.0	12.0
539.0	17.0
540.0	13.0
541.0	7.0
542.0	14.0
543.0	22.0
544.0	10.0
545.0	11.0
546.0	9.0
547.0	9.0
548.0	7.0
549.0	12.0
550.0	20.0
551.0	11.0
552.0	18.0
553.0	13.0
554.0	14.0
555.0	9.0
556.0	8.0
557.0	22.0
558.0	17.0
559.0	8.0
560.0	15.0
561.0	22.0
562.0	15.0
563.0	12.0
564.0	18.0
565.0	19.0
566.0	12.0
567.0	17.0
568.0	13.0
569.0	14.0
570.0	16.0
571.0	16.0
572.0	13.0
573.0	12.0
574.0	14.0
575.0	14.0
576.0	12.0
577.0	11.0
578.0	12.0
579.0	8.0
580.0	19.0
581.0	8.0
582.0	13.0
583.0	19.0
584.0	10.0
585.0	10.0
586.0	19.0
587.0	16.0
588.0	15.0
589.0	16.0
590.0	10.0
591.0	20.0
592.0	13.0
593.0	13.0
594.0	9.0
595.0	9.0
596.0	18.0
597.0	18.0
598.0	14.0
599.0	10.0
600.0	12.0
601.0	13.0
602.0	7.0
603.0	13.0
604.0	14.0
605.0	10.0
606.0	16.0
607.0	9.0
608.0	17.0
609.0	16.0
610.0	18.0
611.0	13.0
612.0	14.0
613.0	16.0
614.0	17.0
615.0	8.0
616.0	10.0
617.0	11.0
618.0	12.0
619.0	17.0
620.0	11.0
621.0	14.0
622.0	18.0
623.0	20.0
624.0	12.0
625.0	15.0
626.0	20.0
627.0	29.0
628.0	15.0
629.0	25.0
630.0	17.0
631.0	13.0
632.0	14.0
633.0	18.0
634.0	19.0
635.0	7.0
636.0	12.0
637.0	16.0
638.0	24.0
639.0	14.0
640.0	15.0
641.0	18.0
642.0	13.0
643.0	14.0
644.0	15.0
645.0	14.0
646.0	12.0
647.0	16.0
648.0	14.0
649.0	18.0
650.0	17.0
651.0	14.0
652.0	13.0
653.0	18.0
654.0	20.0
655.0	14.0
656.0	14.0
657.0	17.0
658.0	13.0
659.0	15.0
660.0	13.0
661.0	11.0
662.0	13.0
663.0	14.0
664.0	18.0
665.0	17.0
666.0	13.0
667.0	16.0
668.0	12.0
669.0	19.0
670.0	17.0
671.0	17.0
672.0	14.0
673.0	10.0
674.0	14.0
675.0	15.0
676.0	9.0
677.0	7.0
678.0	13.0
679.0	13.0
680.0	15.0
681.0	15.0
682.0	18.0
683.0	17.0
684.0	19.0
685.0	12.0
686.0	15.0
687.0	13.0
688.0	15.0
689.0	12.0
690.0	14.0
691.0	9.0
692.0	18.0
693.0	7.0
694.0	13.0
695.0	16.0
696.0	20.0
697.0	11.0
698.0	13.0
699.0	28.0
700.0	13.0
701.0	36.0
702.0	15.0
703.0	13.0
704.0	14.0
705.0	14.0
706.0	14.0
707.0	16.0
708.0	15.0
709.0	20.0
710.0	11.0
711.0	19.0
712.0	13.0
713.0	17.0
714.0	13.0
715.0	21.0
716.0	11.0
717.0	16.0
718.0	10.0
719.0	11.0
720.0	11.0
721.0	14.0
722.0	15.0
723.0	13.0
724.0	10.0
725.0	18.0
726.0	13.0
727.0	11.0
728.0	15.0
729.0	18.0
730.0	14.0
731.0	15.0
732.0	14.0
733.0	19.0
734.0	11.0
735.0	18.0
736.0	8.0
737.0	16.0
738.0	19.0
739.0	14.0
740.0	14.0
741.0	12.0
742.0	11.0
743.0	8.0
744.0	13.0
745.0	6.0
746.0	7.0
747.0	14.0
748.0	15.0
749.0	13.0
750.0	13.0
751.0	15.0
752.0	14.0
753.0	15.0
754.0	11.0
755.0	14.0
756.0	15.0
757.0	35.0
758.0	11.0
759.0	9.0
760.0	12.0
761.0	12.0
762.0	10.0
763.0	11.0
764.0	18.0
765.0	11.0
766.0	12.0
767.0	16.0
768.0	15.0
769.0	22.0
770.0	19.0
771.0	15.0
772.0	14.0
773.0	8.0
774.0	10.0
775.0	6.0
776.0	16.0
777.0	18.0
778.0	10.0
779.0	18.0
780.0	13.0
781.0	11.0
782.0	14.0
783.0	31.0
784.0	10.0
785.0	6.0
786.0	9.0
787.0	7.0
788.0	4.0
789.0	15.0
790.0	16.0
791.0	13.0
792.0	13.0
793.0	12.0
794.0	6.0
795.0	11.0
796.0	15.0
797.0	18.0
798.0	23.0
799.0	9.0
800.0	15.0
801.0	12.0
802.0	11.0
803.0	11.0
804.0	13.0
805.0	13.0
806.0	10.0
807.0	11.0
808.0	11.0
809.0	8.0
810.0	11.0
811.0	7.0
812.0	16.0
813.0	15.0
814.0	12.0
815.0	13.0
816.0	13.0
817.0	12.0
818.0	17.0
819.0	10.0
820.0	13.0
821.0	12.0
822.0	12.0
823.0	8.0
824.0	9.0
825.0	11.0
826.0	9.0
827.0	12.0
828.0	5.0
829.0	5.0
830.0	8.0
831.0	10.0
832.0	10.0
833.0	6.0
834.0	3.0
835.0	16.0
836.0	11.0
837.0	8.0
838.0	13.0
839.0	5.0
840.0	7.0
841.0	7.0
842.0	10.0
843.0	8.0
844.0	3.0
845.0	8.0
846.0	7.0
847.0	12.0
848.0	12.0
849.0	9.0
850.0	14.0
851.0	14.0
852.0	12.0
853.0	13.0
854.0	7.0
855.0	9.0
856.0	5.0
857.0	3.0
858.0	13.0
859.0	12.0
860.0	10.0
861.0	11.0
862.0	12.0
863.0	5.0
864.0	14.0
865.0	14.0
866.0	9.0
867.0	11.0
868.0	9.0
869.0	7.0
870.0	9.0
871.0	5.0
872.0	7.0
873.0	7.0
874.0	8.0
875.0	9.0
876.0	8.0
877.0	7.0
878.0	6.0
879.0	9.0
880.0	3.0
881.0	10.0
882.0	6.0
883.0	3.0
884.0	8.0
885.0	10.0
886.0	4.0
887.0	10.0
888.0	9.0
889.0	8.0
890.0	3.0
891.0	9.0
892.0	10.0
893.0	7.0
894.0	9.0
895.0	8.0
896.0	7.0
897.0	10.0
898.0	8.0
899.0	4.0
900.0	5.0
901.0	10.0
902.0	4.0
903.0	7.0
904.0	6.0
905.0	4.0
906.0	9.0
907.0	7.0
908.0	13.0
909.0	10.0
910.0	9.0
911.0	6.0
912.0	5.0
913.0	8.0
914.0	3.0
915.0	8.0
916.0	7.0
917.0	7.0
918.0	9.0
919.0	4.0
920.0	2.0
921.0	5.0
922.0	7.0
923.0	2.0
924.0	4.0
925.0	4.0
926.0	8.0
927.0	9.0
928.0	4.0
929.0	8.0
930.0	12.0
931.0	11.0
932.0	8.0
933.0	9.0
934.0	7.0
935.0	9.0
936.0	6.0
937.0	4.0
938.0	3.0
939.0	8.0
940.0	8.0
941.0	7.0
942.0	6.0
943.0	8.0
944.0	6.0
945.0	4.0
946.0	10.0
947.0	6.0
948.0	12.0
949.0	6.0
950.0	2.0
951.0	5.0
952.0	3.0
953.0	4.0
954.0	6.0
955.0	3.0
956.0	5.0
957.0	4.0
958.0	5.0
959.0	9.0
960.0	8.0
961.0	4.0
962.0	9.0
963.0	4.0
964.0	4.0
965.0	5.0
966.0	12.0
967.0	24.0
968.0	8.0
969.0	1.0
970.0	3.0
971.0	10.0
972.0	5.0
973.0	8.0
974.0	3.0
975.0	7.0
976.0	3.0
977.0	3.0
978.0	7.0
979.0	8.0
980.0	11.0
981.0	6.0
982.0	1.0
983.0	2.0
984.0	5.0
985.0	5.0
986.0	6.0
987.0	9.0
988.0	7.0
989.0	7.0
990.0	12.0
991.0	9.0
992.0	6.0
993.0	6.0
994.0	11.0
995.0	4.0
996.0	7.0
997.0	2.0
998.0	7.0
999.0	4.0
1000.0	5.0
1001.0	5.0
1002.0	3.0
1003.0	6.0
1004.0	7.0
1005.0	6.0
1006.0	4.0
1007.0	4.0
1008.0	3.0
1009.0	4.0
1010.0	5.0
1011.0	7.0
1012.0	4.0
1013.0	6.0
1014.0	5.0
1015.0	3.0
1016.0	3.0
1017.0	6.0
1018.0	4.0
1019.0	7.0
1020.0	8.0
1021.0	2.0
1022.0	8.0
1023.0	8.0
1024.0	5.0
1025.0	3.0
1026.0	2.0
1027.0	6.0
1028.0	5.0
1029.0	3.0
1030.0	3.0
1031.0	5.0
1032.0	3.0
1033.0	7.0
1034.0	6.0
1035.0	10.0
1036.0	5.0
1037.0	5.0
1038.0	6.0
1039.0	5.0
1040.0	5.0
1041.0	3.0
1042.0	5.0
1043.0	4.0
1044.0	5.0
1045.0	6.0
1046.0	3.0
1047.0	4.0
1048.0	3.0
1049.0	7.0
1050.0	6.0
1051.0	4.0
1052.0	7.0
1053.0	5.0
1054.0	3.0
1056.0	6.0
1057.0	5.0
1058.0	3.0
1059.0	5.0
1060.0	6.0
1061.0	7.0
1062.0	5.0
1063.0	6.0
1064.0	6.0
1065.0	6.0
1066.0	5.0
1067.0	5.0
1068.0	4.0
1069.0	4.0
1070.0	4.0
1071.0	4.0
1072.0	6.0
1073.0	2.0
1074.0	5.0
1075.0	3.0
1076.0	4.0
1077.0	6.0
1078.0	4.0
1079.0	5.0
1080.0	9.0
1081.0	5.0
1082.0	6.0
1083.0	4.0
1084.0	4.0
1085.0	3.0
1086.0	4.0
1087.0	2.0
1088.0	4.0
1089.0	2.0
1090.0	7.0
1091.0	2.0
1092.0	5.0
1093.0	4.0
1094.0	4.0
1095.0	3.0
1096.0	7.0
1097.0	2.0
1098.0	2.0
1099.0	2.0
1100.0	5.0
1101.0	4.0
1102.0	3.0
1103.0	2.0
1104.0	3.0
1105.0	4.0
1106.0	4.0
1107.0	4.0
1108.0	3.0
1109.0	5.0
1110.0	7.0
1111.0	5.0
1112.0	5.0
1113.0	2.0
1114.0	3.0
1115.0	4.0
1116.0	3.0
1117.0	2.0
1118.0	2.0
1119.0	5.0
1120.0	5.0
1121.0	3.0
1122.0	4.0
1123.0	1.0
1124.0	2.0
1125.0	4.0
1126.0	2.0
1127.0	2.0
1128.0	2.0
1129.0	3.0
1131.0	6.0
1132.0	2.0
1133.0	4.0
1134.0	3.0
1135.0	4.0
1137.0	4.0
1138.0	2.0
1139.0	3.0
1140.0	4.0
1141.0	2.0
1143.0	3.0
1145.0	1.0
1146.0	2.0
1147.0	4.0
1148.0	6.0
1149.0	2.0
1150.0	8.0
1151.0	3.0
1152.0	5.0
1153.0	6.0
1154.0	2.0
1156.0	2.0
1157.0	4.0
1158.0	7.0
1159.0	4.0
1160.0	3.0
1161.0	2.0
1162.0	6.0
1163.0	1.0
1164.0	1.0
1165.0	1.0
1166.0	2.0
1167.0	6.0
1168.0	4.0
1169.0	4.0
1170.0	4.0
1171.0	1.0
1172.0	3.0
1173.0	3.0
1174.0	3.0
1175.0	4.0
1176.0	3.0
1177.0	5.0
1178.0	4.0
1179.0	3.0
1180.0	4.0
1181.0	1.0
1182.0	3.0
1183.0	3.0
1184.0	3.0
1185.0	1.0
1186.0	4.0
1187.0	4.0
1188.0	3.0
1189.0	3.0
1191.0	2.0
1192.0	2.0
1193.0	1.0
1194.0	4.0
1196.0	6.0
1197.0	1.0
1198.0	1.0
1199.0	3.0
1200.0	2.0
1201.0	2.0
1202.0	4.0
1203.0	3.0
1204.0	7.0
1205.0	4.0
1206.0	2.0
1207.0	3.0
1208.0	3.0
1210.0	4.0
1212.0	1.0
1213.0	3.0
1214.0	4.0
1215.0	3.0
1216.0	1.0
1217.0	2.0
1219.0	1.0
1220.0	3.0
1221.0	3.0
1222.0	1.0
1223.0	3.0
1224.0	4.0
1225.0	3.0
1226.0	2.0
1228.0	2.0
1229.0	1.0
1230.0	3.0
1231.0	2.0
1232.0	4.0
1233.0	2.0
1234.0	5.0
1235.0	1.0
1236.0	3.0
1237.0	2.0
1238.0	1.0
1240.0	4.0
1241.0	2.0
1242.0	3.0
1243.0	3.0
1244.0	2.0
1245.0	5.0
1246.0	1.0
1247.0	3.0
1250.0	2.0
1251.0	2.0
1252.0	1.0
1254.0	3.0
1255.0	2.0
1256.0	1.0
1257.0	1.0
1259.0	1.0
1260.0	1.0
1262.0	1.0
1263.0	3.0
1264.0	1.0
1265.0	1.0
1266.0	1.0
1268.0	1.0
1269.0	3.0
1270.0	1.0
1272.0	3.0
1273.0	1.0
1275.0	1.0
1276.0	1.0
1277.0	1.0
1278.0	4.0
1280.0	2.0
1281.0	2.0
1282.0	1.0
1283.0	1.0
1285.0	2.0
1286.0	2.0
1288.0	1.0
1289.0	2.0
1293.0	1.0
1294.0	1.0
1295.0	2.0
1296.0	1.0
1297.0	1.0
1298.0	1.0
1299.0	1.0
1300.0	1.0
1304.0	2.0
1305.0	2.0
1307.0	1.0
1309.0	1.0
1312.0	1.0
1313.0	1.0
1314.0	2.0
1315.0	3.0
1317.0	2.0
1318.0	1.0
1321.0	1.0
1322.0	1.0
1323.0	1.0
1325.0	1.0
1330.0	1.0
1331.0	2.0
1332.0	3.0
1339.0	4.0
1343.0	1.0
1344.0	2.0
1346.0	2.0
1349.0	1.0
1351.0	1.0
1352.0	1.0
1353.0	1.0
1356.0	1.0
1358.0	2.0
1360.0	2.0
1361.0	1.0
1362.0	1.0
1363.0	1.0
1365.0	2.0
1366.0	1.0
1371.0	2.0
1374.0	1.0
1375.0	1.0
1376.0	2.0
1378.0	1.0
1379.0	2.0
1381.0	2.0
1390.0	1.0
1393.0	1.0
1395.0	2.0
1396.0	2.0
1397.0	1.0
1398.0	1.0
1400.0	1.0
1402.0	2.0
1404.0	1.0
1407.0	5.0
1408.0	3.0
1412.0	1.0
1413.0	2.0
1414.0	2.0
1419.0	2.0
1420.0	1.0
1426.0	1.0
1435.0	1.0
1436.0	1.0
1437.0	1.0
1439.0	1.0
1447.0	1.0
1448.0	1.0
1449.0	1.0
1450.0	1.0
1451.0	1.0
1454.0	1.0
1455.0	1.0
1457.0	2.0
1458.0	2.0
1460.0	1.0
1461.0	1.0
1462.0	1.0
1467.0	1.0
1468.0	2.0
1476.0	1.0
1478.0	1.0
1479.0	1.0
1480.0	1.0
1481.0	2.0
1486.0	1.0
1487.0	2.0
1489.0	1.0
1490.0	2.0
1493.0	1.0
1494.0	1.0
1495.0	1.0
1499.0	2.0
1500.0	1.0
1501.0	1.0
1502.0	2.0
1503.0	1.0
1506.0	1.0
1509.0	2.0
1525.0	1.0
1526.0	2.0
1531.0	1.0
1532.0	1.0
1534.0	1.0
1538.0	1.0
1540.0	1.0
1542.0	1.0
1546.0	1.0
1551.0	1.0
1553.0	1.0
1554.0	1.0
1557.0	1.0
1560.0	1.0
1563.0	1.0
1564.0	1.0
1568.0	3.0
1571.0	1.0
1572.0	1.0
1573.0	1.0
1579.0	1.0
1581.0	1.0
1586.0	2.0
1587.0	1.0
1588.0	2.0
1590.0	1.0
1598.0	1.0
1599.0	1.0
1600.0	1.0
1602.0	1.0
1605.0	2.0
1607.0	1.0
1609.0	2.0
1611.0	1.0
1613.0	1.0
1616.0	1.0
1620.0	2.0
1629.0	1.0
1632.0	1.0
1635.0	2.0
1637.0	1.0
1641.0	4.0
1645.0	1.0
1647.0	1.0
1648.0	2.0
1649.0	1.0
1654.0	1.0
1655.0	2.0
1656.0	2.0
1658.0	1.0
1660.0	1.0
1661.0	1.0
1662.0	2.0
1667.0	1.0
1668.0	2.0
1672.0	2.0
1680.0	2.0
1682.0	2.0
1684.0	1.0
1688.0	1.0
1689.0	1.0
1690.0	1.0
1692.0	1.0
1693.0	1.0
1695.0	2.0
1700.0	1.0
1701.0	1.0
1702.0	2.0
1703.0	1.0
1707.0	1.0
1708.0	1.0
1712.0	1.0
1713.0	1.0
1714.0	1.0
1715.0	1.0
1717.0	1.0
1718.0	3.0
1721.0	1.0
1722.0	2.0
1723.0	1.0
1725.0	1.0
1726.0	1.0
1728.0	1.0
1730.0	1.0
1731.0	1.0
1732.0	1.0
1733.0	1.0
1734.0	1.0
1735.0	2.0
1736.0	1.0
1737.0	2.0
1738.0	1.0
1742.0	2.0
1744.0	2.0
1745.0	3.0
1750.0	2.0
1752.0	2.0
1753.0	1.0
1754.0	1.0
1756.0	1.0
1759.0	1.0
1760.0	4.0
1762.0	1.0
1763.0	1.0
1767.0	1.0
1768.0	1.0
1769.0	1.0
1770.0	2.0
1771.0	1.0
1774.0	4.0
1775.0	1.0
1776.0	2.0
1778.0	1.0
1783.0	1.0
1784.0	1.0
1786.0	2.0
1787.0	1.0
1789.0	1.0
1790.0	1.0
1795.0	1.0
1796.0	1.0
1797.0	1.0
1800.0	1.0
1803.0	1.0
1804.0	1.0
1805.0	1.0
1806.0	1.0
1810.0	2.0
1813.0	1.0
1814.0	1.0
1815.0	2.0
1816.0	1.0
1819.0	1.0
1820.0	1.0
1821.0	1.0
1826.0	2.0
1827.0	1.0
1828.0	1.0
1831.0	2.0
1832.0	2.0
1833.0	1.0
1834.0	1.0
1836.0	1.0
1837.0	4.0
1841.0	1.0
1842.0	2.0
1844.0	2.0
1845.0	2.0
1847.0	1.0
1849.0	3.0
1850.0	2.0
1852.0	1.0
1857.0	1.0
1858.0	2.0
1861.0	1.0
1862.0	1.0
1863.0	2.0
1864.0	1.0
1865.0	2.0
1869.0	1.0
1871.0	2.0
1872.0	1.0
1873.0	4.0
1874.0	1.0
1875.0	2.0
1878.0	1.0
1880.0	1.0
1881.0	3.0
1882.0	3.0
1884.0	2.0
1886.0	3.0
1887.0	1.0
1888.0	5.0
1889.0	1.0
1891.0	3.0
1894.0	1.0
1896.0	2.0
1900.0	1.0
1901.0	2.0
1902.0	1.0
1904.0	1.0
1905.0	1.0
1907.0	2.0
1909.0	6.0
1910.0	1.0
1912.0	3.0
1915.0	1.0
1916.0	1.0
1917.0	1.0
1918.0	2.0
1919.0	1.0
1921.0	1.0
1922.0	1.0
1923.0	1.0
1926.0	1.0
1927.0	1.0
1928.0	1.0
1929.0	1.0
1931.0	1.0
1932.0	1.0
1933.0	1.0
1935.0	1.0
1939.0	1.0
1948.0	1.0
1949.0	2.0
1951.0	1.0
1952.0	1.0
1954.0	3.0
1956.0	1.0
1957.0	1.0
1958.0	1.0
1959.0	2.0
1962.0	1.0
1963.0	1.0
1966.0	2.0
1967.0	1.0
1968.0	1.0
1969.0	1.0
1970.0	1.0
1971.0	1.0
1973.0	1.0
1976.0	2.0
1983.0	2.0
1984.0	1.0
1986.0	1.0
1987.0	1.0
1988.0	2.0
1992.0	1.0
1993.0	1.0
1994.0	1.0
1997.0	1.0
1998.0	1.0
1999.0	1.0
2001.0	1.0
2003.0	1.0
2005.0	1.0
2006.0	1.0
2007.0	1.0
2009.0	3.0
2010.0	1.0
2011.0	2.0
2012.0	1.0
2014.0	1.0
2017.0	1.0
2018.0	1.0
2019.0	1.0
2020.0	1.0
2022.0	3.0
2023.0	3.0
2024.0	1.0
2027.0	1.0
2028.0	2.0
2030.0	1.0
2033.0	1.0
2035.0	2.0
2036.0	2.0
2037.0	1.0
2040.0	2.0
2041.0	2.0
2042.0	2.0
2043.0	1.0
2046.0	2.0
2047.0	1.0
2048.0	2.0
2049.0	2.0
2050.0	4.0
2051.0	2.0
2053.0	1.0
2054.0	2.0
2055.0	2.0
2056.0	1.0
2057.0	1.0
2058.0	1.0
2059.0	2.0
2060.0	1.0
2062.0	1.0
2063.0	1.0
2064.0	3.0
2066.0	1.0
2067.0	2.0
2068.0	2.0
2069.0	1.0
2070.0	1.0
2072.0	3.0
2073.0	1.0
2076.0	2.0
2077.0	1.0
2078.0	4.0
2079.0	1.0
2080.0	2.0
2081.0	1.0
2082.0	2.0
2084.0	1.0
2085.0	2.0
2086.0	1.0
2087.0	2.0
2088.0	1.0
2089.0	2.0
2090.0	1.0
2092.0	1.0
2094.0	1.0
2096.0	2.0
2097.0	2.0
2100.0	1.0
2101.0	1.0
2104.0	1.0
2106.0	3.0
2110.0	1.0
2113.0	1.0
2114.0	2.0
2117.0	1.0
2121.0	1.0
2124.0	1.0
2128.0	2.0
2129.0	1.0
2130.0	1.0
2132.0	3.0
2133.0	1.0
2136.0	3.0
2140.0	1.0
2142.0	2.0
2144.0	1.0
2149.0	1.0
2153.0	1.0
2159.0	1.0
2160.0	1.0
2161.0	1.0
2164.0	1.0
2165.0	1.0
2168.0	3.0
2170.0	1.0
2174.0	1.0
2177.0	4.0
2179.0	2.0
2180.0	1.0
2181.0	1.0
2182.0	1.0
2184.0	3.0
2185.0	1.0
2188.0	1.0
2190.0	2.0
2192.0	1.0
2193.0	1.0
2194.0	3.0
2196.0	1.0
2197.0	1.0
2200.0	1.0
2201.0	2.0
2204.0	1.0
2206.0	3.0
2207.0	1.0
2208.0	1.0
2210.0	1.0
2211.0	1.0
2212.0	1.0
2213.0	1.0
2217.0	1.0
2218.0	2.0
2221.0	1.0
2223.0	1.0
2226.0	1.0
2228.0	1.0
2231.0	1.0
2233.0	1.0
2240.0	1.0
2241.0	1.0
2242.0	1.0
2245.0	1.0
2246.0	1.0
2248.0	1.0
2249.0	1.0
2250.0	1.0
2251.0	1.0
2253.0	2.0
2255.0	1.0
2256.0	1.0
2257.0	1.0
2259.0	1.0
2263.0	1.0
2264.0	2.0
2265.0	1.0
2268.0	2.0
2269.0	2.0
2270.0	1.0
2271.0	10.0
2272.0	1.0
2274.0	3.0
2276.0	4.0
2277.0	5.0
2283.0	1.0
2284.0	3.0
2285.0	1.0
2287.0	1.0
2288.0	1.0
2291.0	3.0
2292.0	1.0
2295.0	1.0
2296.0	1.0
2297.0	1.0
2299.0	2.0
2300.0	1.0
2302.0	2.0
2305.0	1.0
2308.0	1.0
2309.0	2.0
2310.0	1.0
2312.0	1.0
2313.0	1.0
2314.0	1.0
2320.0	1.0
2323.0	1.0
2329.0	1.0
2335.0	2.0
2336.0	1.0
2337.0	1.0
2340.0	1.0
2341.0	1.0
2344.0	1.0
2347.0	3.0
2349.0	1.0
2350.0	1.0
2355.0	1.0
2361.0	1.0
2362.0	1.0
2364.0	1.0
2365.0	1.0
2366.0	1.0
2367.0	1.0
2368.0	1.0
2372.0	1.0
2374.0	1.0
2376.0	1.0
2377.0	1.0
2378.0	1.0
2384.0	1.0
2389.0	2.0
2390.0	1.0
2396.0	1.0
2402.0	1.0
2403.0	2.0
2404.0	1.0
2411.0	1.0
2414.0	1.0
2415.0	2.0
2416.0	1.0
2417.0	1.0
2419.0	1.0
2421.0	1.0
2422.0	1.0
2424.0	1.0
2430.0	1.0
2435.0	2.0
2437.0	1.0
2439.0	1.0
2442.0	1.0
2444.0	1.0
2446.0	1.0
2450.0	1.0
2451.0	1.0
2452.0	1.0
2456.0	1.0
2457.0	2.0
2465.0	1.0
2470.0	1.0
2480.0	1.0
2482.0	1.0
2484.0	1.0
2488.0	1.0
2494.0	2.0
2496.0	1.0
2500.0	1.0
2501.0	1.0
2510.0	1.0
2514.0	1.0
2516.0	1.0
2517.0	1.0
2519.0	1.0
2524.0	1.0
2525.0	1.0
2527.0	1.0
2531.0	2.0
2532.0	1.0
2535.0	1.0
2542.0	1.0
2543.0	2.0
2545.0	1.0
2550.0	1.0
2556.0	1.0
2557.0	1.0
2558.0	1.0
2560.0	1.0
2567.0	2.0
2574.0	2.0
2580.0	1.0
2583.0	1.0
2584.0	1.0
2586.0	1.0
2588.0	1.0
2589.0	1.0
2593.0	1.0
2595.0	1.0
2596.0	1.0
2603.0	1.0
2604.0	1.0
2607.0	1.0
2612.0	1.0
2613.0	2.0
2614.0	3.0
2618.0	2.0
2619.0	2.0
2620.0	1.0
2627.0	1.0
2636.0	1.0
2637.0	1.0
2644.0	1.0
2645.0	2.0
2647.0	1.0
2654.0	1.0
2658.0	1.0
2666.0	1.0
2667.0	2.0
2668.0	1.0
2672.0	1.0
2673.0	1.0
2680.0	1.0
2682.0	1.0
2684.0	1.0
2685.0	1.0
2686.0	1.0
2694.0	2.0
2696.0	1.0
2698.0	1.0
2706.0	1.0
2710.0	1.0
2712.0	2.0
2713.0	1.0
2714.0	2.0
2717.0	1.0
2727.0	1.0
2729.0	2.0
2731.0	1.0
2733.0	1.0
2734.0	1.0
2738.0	2.0
2747.0	1.0
2748.0	2.0
2749.0	1.0
2750.0	1.0
2753.0	1.0
2755.0	1.0
2757.0	1.0
2763.0	1.0
2772.0	1.0
2775.0	1.0
2783.0	1.0
2787.0	1.0
2790.0	1.0
2792.0	2.0
2803.0	1.0
2810.0	2.0
2816.0	1.0
2818.0	2.0
2824.0	1.0
2826.0	1.0
2827.0	1.0
2830.0	1.0
2833.0	2.0
2834.0	1.0
2835.0	1.0
2837.0	1.0
2847.0	1.0
2850.0	1.0
2853.0	1.0
2855.0	1.0
2859.0	1.0
2860.0	1.0
2865.0	1.0
2869.0	2.0
2870.0	1.0
2871.0	1.0
2874.0	1.0
2875.0	1.0
2879.0	1.0
2880.0	2.0
2882.0	1.0
2885.0	3.0
2886.0	1.0
2888.0	1.0
2889.0	1.0
2890.0	1.0
2891.0	1.0
2893.0	2.0
2895.0	1.0
2896.0	1.0
2898.0	1.0
2900.0	1.0
2903.0	1.0
2907.0	1.0
2909.0	1.0
2910.0	1.0
2913.0	2.0
2916.0	1.0
2918.0	1.0
2922.0	1.0
2925.0	1.0
2926.0	1.0
2933.0	1.0
2938.0	1.0
2942.0	2.0
2943.0	1.0
2963.0	1.0
2964.0	2.0
2965.0	1.0
2966.0	1.0
2973.0	1.0
2976.0	1.0
2979.0	1.0
2980.0	2.0
2985.0	1.0
2989.0	2.0
2994.0	1.0
2997.0	2.0
3007.0	1.0
3008.0	1.0
3012.0	1.0
3014.0	1.0
3015.0	1.0
3017.0	1.0
3023.0	1.0
3025.0	1.0
3028.0	1.0
3029.0	1.0
3033.0	1.0
3048.0	2.0
3049.0	1.0
3059.0	1.0
3061.0	1.0
3063.0	1.0
3066.0	2.0
3070.0	1.0
3076.0	1.0
3081.0	1.0
3083.0	1.0
3085.0	2.0
3087.0	1.0
3088.0	1.0
3089.0	1.0
3091.0	1.0
3094.0	1.0
3097.0	2.0
3099.0	1.0
3100.0	1.0
3101.0	1.0
3104.0	2.0
3107.0	1.0
3116.0	1.0
3124.0	1.0
3138.0	1.0
3147.0	1.0
3152.0	1.0
3162.0	1.0
3163.0	1.0
3165.0	1.0
3171.0	1.0
3175.0	2.0
3176.0	1.0
3179.0	2.0
3180.0	1.0
3186.0	1.0
3188.0	1.0
3189.0	1.0
3194.0	1.0
3195.0	2.0
3197.0	1.0
3199.0	1.0
3201.0	1.0
3202.0	2.0
3227.0	1.0
3248.0	1.0
3253.0	1.0
3261.0	2.0
3276.0	1.0
3311.0	1.0
3314.0	1.0
3315.0	1.0
3319.0	1.0
3325.0	1.0
3358.0	1.0
3369.0	1.0
3395.0	1.0
3397.0	1.0
3414.0	1.0
3432.0	1.0
3455.0	1.0
3458.0	1.0
3465.0	1.0
3476.0	1.0
3494.0	1.0
3519.0	1.0
3520.0	1.0
3530.0	1.0
3536.0	1.0
3549.0	1.0
3552.0	1.0
3555.0	1.0
3562.0	1.0
3569.0	1.0
3572.0	1.0
3574.0	2.0
3585.0	1.0
3586.0	1.0
3595.0	1.0
3597.0	1.0
3602.0	1.0
3609.0	1.0
3610.0	2.0
3611.0	1.0
3612.0	1.0
3616.0	1.0
3626.0	1.0
3629.0	1.0
3631.0	2.0
3643.0	1.0
3645.0	1.0
3660.0	1.0
3663.0	1.0
3667.0	1.0
3675.0	1.0
3683.0	1.0
3687.0	1.0
3688.0	1.0
3693.0	1.0
3696.0	1.0
3702.0	1.0
3704.0	1.0
3705.0	1.0
3708.0	1.0
3725.0	1.0
3728.0	1.0
3734.0	1.0
3736.0	1.0
3738.0	1.0
3739.0	1.0
3740.0	2.0
3741.0	1.0
3749.0	2.0
3759.0	1.0
3760.0	2.0
3765.0	1.0
3789.0	1.0
3796.0	1.0
3797.0	1.0
3798.0	1.0
3835.0	1.0
3842.0	1.0
3866.0	1.0
3875.0	1.0
3877.0	1.0
3880.0	1.0
3904.0	2.0
3915.0	1.0
3930.0	1.0
3968.0	1.0
3982.0	1.0
3994.0	1.0
4013.0	1.0
4023.0	1.0
4032.0	1.0
4048.0	1.0
4049.0	3.0
4064.0	1.0
4082.0	2.0
4102.0	1.0
4107.0	1.0
4113.0	1.0
4120.0	1.0
4128.0	1.0
4139.0	1.0
4142.0	1.0
4168.0	1.0
4185.0	1.0
4189.0	1.0
4194.0	1.0
4197.0	1.0
4236.0	1.0
4249.0	1.0
4283.0	1.0
4285.0	1.0
4292.0	1.0
4313.0	1.0
4314.0	1.0
4326.0	1.0
4339.0	1.0
4344.0	1.0
4348.0	1.0
4363.0	1.0
4377.0	1.0
4381.0	1.0
4386.0	1.0
4407.0	1.0
4443.0	1.0
4451.0	1.0
4469.0	1.0
4478.0	1.0
4487.0	1.0
4504.0	1.0
4556.0	1.0
4565.0	1.0
4569.0	1.0
4570.0	1.0
4584.0	1.0
4594.0	1.0
4608.0	1.0
4636.0	1.0
4640.0	1.0
4673.0	1.0
4679.0	1.0
4687.0	1.0
4689.0	1.0
4705.0	1.0
4707.0	1.0
4709.0	1.0
4713.0	1.0
4720.0	1.0
4735.0	1.0
4741.0	1.0
4743.0	1.0
4746.0	1.0
4749.0	2.0
4750.0	1.0
4753.0	1.0
4754.0	1.0
4755.0	1.0
4760.0	1.0
4761.0	1.0
4762.0	1.0
4763.0	1.0
4764.0	1.0
4767.0	1.0
4778.0	1.0
4783.0	1.0
4792.0	1.0
4800.0	1.0
4801.0	1.0
4815.0	2.0
4816.0	2.0
4821.0	1.0
4838.0	1.0
4840.0	1.0
4841.0	1.0
4853.0	2.0
4854.0	1.0
4855.0	4.0
4856.0	3.0
4857.0	1.0
4858.0	8.0
4865.0	1.0
4867.0	1.0
4874.0	1.0
4882.0	1.0
4894.0	1.0
4898.0	1.0
4907.0	1.0
4924.0	1.0
4926.0	1.0
4935.0	1.0
4945.0	1.0
4948.0	1.0
4985.0	1.0
4992.0	1.0
5000.0	1.0
5003.0	1.0
5008.0	1.0
5017.0	1.0
5021.0	1.0
5029.0	1.0
5036.0	1.0
5055.0	1.0
5086.0	1.0
5094.0	1.0
5096.0	1.0
5122.0	1.0
5133.0	1.0
5136.0	1.0
5151.0	1.0
5161.0	2.0
5166.0	1.0
5175.0	3.0
5178.0	1.0
5182.0	1.0
5192.0	1.0
5200.0	1.0
5214.0	1.0
5217.0	1.0
5219.0	1.0
5221.0	1.0
5222.0	1.0
5223.0	1.0
5225.0	1.0
5228.0	1.0
5233.0	1.0
5242.0	1.0
5243.0	1.0
5250.0	1.0
5256.0	1.0
5261.0	1.0
5268.0	1.0
5276.0	1.0
5281.0	1.0
5320.0	1.0
5333.0	1.0
5335.0	1.0
5343.0	1.0
5353.0	1.0
5374.0	1.0
5394.0	1.0
5428.0	1.0
5435.0	1.0
5446.0	1.0
5469.0	1.0
5474.0	1.0
5479.0	1.0
5490.0	1.0
5493.0	1.0
5505.0	1.0
5548.0	1.0
5573.0	1.0
5589.0	1.0
5592.0	1.0
5598.0	1.0
5602.0	1.0
5609.0	1.0
5651.0	1.0
5665.0	1.0
5679.0	2.0
5689.0	1.0
5699.0	1.0
5726.0	1.0
5755.0	1.0
5765.0	1.0
5770.0	1.0
5775.0	1.0
5784.0	1.0
5789.0	1.0
5797.0	1.0
5822.0	1.0
5830.0	1.0
5859.0	1.0
5918.0	1.0
5950.0	1.0
5995.0	1.0
6015.0	1.0
6023.0	1.0
6032.0	1.0
6046.0	2.0
6050.0	1.0
6073.0	1.0
6088.0	1.0
6092.0	1.0
6098.0	1.0
6102.0	1.0
6142.0	1.0
6143.0	1.0
6150.0	1.0
6161.0	1.0
6186.0	1.0
6197.0	1.0
6219.0	1.0
6234.0	1.0
6238.0	1.0
6246.0	1.0
6268.0	1.0
6269.0	1.0
6281.0	1.0
6313.0	1.0
6316.0	2.0
6317.0	2.0
6319.0	2.0
6320.0	15.0
6321.0	2.0
6329.0	1.0
6382.0	1.0
6437.0	1.0
6442.0	1.0
6457.0	1.0
6466.0	1.0
6471.0	1.0
6475.0	1.0
6486.0	1.0
6497.0	1.0
6499.0	1.0
6501.0	1.0
6504.0	1.0
6520.0	1.0
6527.0	1.0
6545.0	1.0
6554.0	2.0
6556.0	1.0
6570.0	1.0
6572.0	1.0
6574.0	1.0
6575.0	1.0
6595.0	1.0
6600.0	1.0
6606.0	1.0
6639.0	1.0
6659.0	1.0
6662.0	1.0
6682.0	1.0
6692.0	1.0
6693.0	1.0
6700.0	1.0
6705.0	1.0
6714.0	1.0
6729.0	1.0
6753.0	1.0
6788.0	2.0
6800.0	1.0
6816.0	1.0
6820.0	1.0
6833.0	1.0
6837.0	1.0
6929.0	1.0
7048.0	1.0
7066.0	1.0
7128.0	1.0
7169.0	1.0
7212.0	1.0
7299.0	1.0
7305.0	1.0
7318.0	1.0
7331.0	1.0
7345.0	1.0
7371.0	1.0
7376.0	1.0
7380.0	1.0
7413.0	2.0
7567.0	1.0
7648.0	1.0
7672.0	1.0
7683.0	1.0
7707.0	1.0
7721.0	1.0
7735.0	1.0
7762.0	1.0
7781.0	1.0
7803.0	1.0
7828.0	1.0
7836.0	1.0
7840.0	1.0
7849.0	1.0
7863.0	1.0
7903.0	1.0
7910.0	1.0
7917.0	1.0
7935.0	1.0
7936.0	1.0
7943.0	1.0
7949.0	1.0
7954.0	1.0
8052.0	1.0
8089.0	1.0
8132.0	1.0
8139.0	1.0
8143.0	1.0
8147.0	1.0
8229.0	1.0
8241.0	2.0
8279.0	1.0
8314.0	1.0
8315.0	1.0
8319.0	1.0
8351.0	1.0
8379.0	1.0
8384.0	1.0
8398.0	1.0
8412.0	1.0
8420.0	1.0
8426.0	1.0
8447.0	1.0
8481.0	1.0
8493.0	2.0
8496.0	1.0
8509.0	1.0
8556.0	1.0
8582.0	1.0
8707.0	1.0
8721.0	1.0
8770.0	1.0
8832.0	1.0
8848.0	1.0
8883.0	1.0
8907.0	1.0
8926.0	1.0
8929.0	1.0
8933.0	1.0
8935.0	1.0
8947.0	1.0
8955.0	1.0
8967.0	1.0
8977.0	1.0
8993.0	1.0
9009.0	1.0
9014.0	1.0
9058.0	2.0
9060.0	1.0
9069.0	1.0
9071.0	1.0
9076.0	1.0
9086.0	1.0
9095.0	1.0
9102.0	1.0
9143.0	1.0
9144.0	1.0
9255.0	1.0
9287.0	1.0
9337.0	1.0
9358.0	1.0
9367.0	1.0
9386.0	1.0
9403.0	1.0
9442.0	1.0
9610.0	1.0
9642.0	1.0
9701.0	1.0
9718.0	1.0
9784.0	1.0
9806.0	1.0
9813.0	1.0
9820.0	1.0
9827.0	1.0
9902.0	1.0
9961.0	1.0
9962.0	1.0
9965.0	1.0
9972.0	1.0
10008.0	1.0
10058.0	1.0
10090.0	1.0
10122.0	1.0
10135.0	1.0
10148.0	1.0
10210.0	1.0
10222.0	1.0
10234.0	1.0
10263.0	1.0
10270.0	1.0
10272.0	1.0
10293.0	1.0
10315.0	1.0
10325.0	1.0
10343.0	1.0
10375.0	1.0
10394.0	1.0
10402.0	1.0
10413.0	1.0
10448.0	1.0
10478.0	1.0
10489.0	1.0
10505.0	1.0
10529.0	1.0
10558.0	1.0
10614.0	1.0
10631.0	1.0
10637.0	1.0
10644.0	1.0
10708.0	1.0
10746.0	1.0
10748.0	1.0
10758.0	1.0
10763.0	1.0
10783.0	1.0
10802.0	1.0
10818.0	1.0
10840.0	1.0
10871.0	1.0
10920.0	1.0
10924.0	1.0
10925.0	1.0
10926.0	1.0
10927.0	1.0
10928.0	1.0
10935.0	1.0
10936.0	2.0
10937.0	1.0
10939.0	1.0
10940.0	2.0
10942.0	8.0
10943.0	1.0
10944.0	1.0
10945.0	1.0
10946.0	3.0
10947.0	3.0
11019.0	1.0
11070.0	1.0
11118.0	1.0
11120.0	1.0
11149.0	1.0
11158.0	1.0
11183.0	1.0
11250.0	1.0
11263.0	1.0
11277.0	1.0
11294.0	1.0
11347.0	2.0
11349.0	1.0
11425.0	1.0
11448.0	1.0
11459.0	1.0
11469.0	1.0
11470.0	1.0
11493.0	1.0
11502.0	1.0
11526.0	1.0
11562.0	1.0
11582.0	1.0
11651.0	1.0
11851.0	1.0
11901.0	1.0
11904.0	1.0
11906.0	1.0
11930.0	1.0
11934.0	1.0
11938.0	1.0
11944.0	1.0
12011.0	1.0
12035.0	1.0
12044.0	1.0
12050.0	1.0
12079.0	1.0
12102.0	1.0
12191.0	1.0
12198.0	1.0
12210.0	1.0
12268.0	1.0
12285.0	1.0
12320.0	1.0
12392.0	1.0
12413.0	1.0
12428.0	1.0
12528.0	1.0
12536.0	1.0
12545.0	1.0
12596.0	1.0
12686.0	1.0
12729.0	1.0
12758.0	1.0
12798.0	1.0
12818.0	1.0
12833.0	1.0
12849.0	1.0
12982.0	1.0
13049.0	1.0
13129.0	1.0
13228.0	1.0
13270.0	1.0
13373.0	1.0
13439.0	1.0
13463.0	1.0
13472.0	1.0
13484.0	1.0
13551.0	1.0
13575.0	1.0
13620.0	1.0
13670.0	1.0
13792.0	1.0
13809.0	1.0
13848.0	1.0
13872.0	1.0
13873.0	1.0
13885.0	1.0
13949.0	1.0
13950.0	1.0
13976.0	1.0
14159.0	1.0
14191.0	1.0
14205.0	1.0
14236.0	1.0
14564.0	1.0
14791.0	1.0
14796.0	1.0
14800.0	1.0
14969.0	1.0
14977.0	1.0
14997.0	1.0
15094.0	1.0
15112.0	1.0
15171.0	1.0
15178.0	1.0
15197.0	1.0
15212.0	1.0
15216.0	1.0
15225.0	1.0
15278.0	1.0
15288.0	1.0
15330.0	1.0
15340.0	1.0
15350.0	1.0
15369.0	1.0
15395.0	1.0
15401.0	1.0
15437.0	1.0
15448.0	1.0
15471.0	1.0
15483.0	1.0
15582.0	1.0
15585.0	2.0
15586.0	1.0
15762.0	1.0
15771.0	1.0
15778.0	1.0
15911.0	1.0
15969.0	1.0
16000.0	1.0
16001.0	1.0
16004.0	1.0
16036.0	1.0
16065.0	1.0
16075.0	1.0
16077.0	1.0
16094.0	1.0
16101.0	1.0
16102.0	1.0
16103.0	1.0
16224.0	1.0
16227.0	1.0
16600.0	1.0
16609.0	1.0
16736.0	1.0
16762.0	1.0
16804.0	1.0
16810.0	1.0
16854.0	1.0
16855.0	1.0
16901.0	1.0
16937.0	1.0
16950.0	1.0
16968.0	1.0
16977.0	1.0
17052.0	1.0
17379.0	2.0
17416.0	1.0
17484.0	1.0
17721.0	1.0
17734.0	1.0
17743.0	1.0
17856.0	1.0
17918.0	1.0
17985.0	1.0
18002.0	1.0
18027.0	1.0
18128.0	1.0
18152.0	1.0
18323.0	1.0
18390.0	1.0
18565.0	1.0
18597.0	1.0
18672.0	1.0
18711.0	1.0
18833.0	1.0
18861.0	1.0
18944.0	1.0
19047.0	1.0
19547.0	1.0
19613.0	1.0
19794.0	1.0
19804.0	1.0
19881.0	1.0
20051.0	1.0
22377.0	1.0
22513.0	1.0
22673.0	1.0
24766.0	1.0
25227.0	1.0
26132.0	1.0
26348.0	1.0
26635.0	1.0
27415.0	1.0
27439.0	1.0
27586.0	1.0
27711.0	1.0
27810.0	1.0
27816.0	1.0
27840.0	1.0
27860.0	1.0
27864.0	1.0
27889.0	1.0
27921.0	1.0
27939.0	1.0
27943.0	1.0
27944.0	1.0
27945.0	1.0
27948.0	1.0
