#Coverage	Number of genomic locations
0.0	2.599031151E9
1.0	8.0115196E7
2.0	2.4546848E7
3.0	1.0198956E7
4.0	4872931.0
5.0	2526302.0
6.0	1416782.0
7.0	849184.0
8.0	539080.0
9.0	358216.0
10.0	245317.0
11.0	174241.0
12.0	128021.0
13.0	95344.0
14.0	70935.0
15.0	55201.0
16.0	42613.0
17.0	33392.0
18.0	26411.0
19.0	22141.0
20.0	18318.0
21.0	15128.0
22.0	12609.0
23.0	10953.0
24.0	9172.0
25.0	8227.0
26.0	6947.0
27.0	6118.0
28.0	5413.0
29.0	4932.0
30.0	4563.0
31.0	3963.0
32.0	3571.0
33.0	3245.0
34.0	2846.0
35.0	2581.0
36.0	2314.0
37.0	2273.0
38.0	2034.0
39.0	1895.0
40.0	1854.0
41.0	1611.0
42.0	1458.0
43.0	1342.0
44.0	1217.0
45.0	1111.0
46.0	1035.0
47.0	918.0
48.0	839.0
49.0	737.0
50.0	737.0
51.0	821.0
52.0	716.0
53.0	597.0
54.0	685.0
55.0	545.0
56.0	578.0
57.0	525.0
58.0	543.0
59.0	504.0
60.0	476.0
61.0	425.0
62.0	430.0
63.0	403.0
64.0	342.0
65.0	354.0
66.0	353.0
67.0	352.0
68.0	329.0
69.0	289.0
70.0	264.0
71.0	289.0
72.0	285.0
73.0	265.0
74.0	278.0
75.0	251.0
76.0	262.0
77.0	273.0
78.0	285.0
79.0	256.0
80.0	259.0
81.0	193.0
82.0	200.0
83.0	215.0
84.0	223.0
85.0	199.0
86.0	161.0
87.0	194.0
88.0	154.0
89.0	170.0
90.0	175.0
91.0	176.0
92.0	205.0
93.0	180.0
94.0	200.0
95.0	183.0
96.0	197.0
97.0	202.0
98.0	166.0
99.0	153.0
100.0	162.0
101.0	179.0
102.0	159.0
103.0	172.0
104.0	162.0
105.0	171.0
106.0	162.0
107.0	145.0
108.0	130.0
109.0	158.0
110.0	141.0
111.0	158.0
112.0	152.0
113.0	131.0
114.0	122.0
115.0	139.0
116.0	125.0
117.0	110.0
118.0	115.0
119.0	113.0
120.0	116.0
121.0	105.0
122.0	143.0
123.0	117.0
124.0	115.0
125.0	132.0
126.0	124.0
127.0	123.0
128.0	128.0
129.0	135.0
130.0	126.0
131.0	102.0
132.0	108.0
133.0	107.0
134.0	108.0
135.0	104.0
136.0	91.0
137.0	88.0
138.0	87.0
139.0	71.0
140.0	97.0
141.0	107.0
142.0	86.0
143.0	98.0
144.0	95.0
145.0	84.0
146.0	88.0
147.0	95.0
148.0	118.0
149.0	85.0
150.0	79.0
151.0	89.0
152.0	90.0
153.0	89.0
154.0	96.0
155.0	78.0
156.0	96.0
157.0	104.0
158.0	92.0
159.0	72.0
160.0	99.0
161.0	94.0
162.0	91.0
163.0	84.0
164.0	108.0
165.0	83.0
166.0	99.0
167.0	70.0
168.0	84.0
169.0	94.0
170.0	83.0
171.0	75.0
172.0	80.0
173.0	70.0
174.0	66.0
175.0	76.0
176.0	73.0
177.0	70.0
178.0	81.0
179.0	72.0
180.0	65.0
181.0	59.0
182.0	73.0
183.0	62.0
184.0	63.0
185.0	71.0
186.0	75.0
187.0	57.0
188.0	75.0
189.0	66.0
190.0	60.0
191.0	72.0
192.0	64.0
193.0	58.0
194.0	79.0
195.0	51.0
196.0	77.0
197.0	79.0
198.0	76.0
199.0	58.0
200.0	57.0
201.0	53.0
202.0	42.0
203.0	62.0
204.0	47.0
205.0	55.0
206.0	48.0
207.0	63.0
208.0	46.0
209.0	61.0
210.0	57.0
211.0	61.0
212.0	66.0
213.0	55.0
214.0	53.0
215.0	61.0
216.0	65.0
217.0	56.0
218.0	66.0
219.0	65.0
220.0	65.0
221.0	70.0
222.0	55.0
223.0	66.0
224.0	54.0
225.0	58.0
226.0	81.0
227.0	46.0
228.0	59.0
229.0	71.0
230.0	70.0
231.0	57.0
232.0	58.0
233.0	79.0
234.0	66.0
235.0	66.0
236.0	52.0
237.0	72.0
238.0	57.0
239.0	57.0
240.0	45.0
241.0	60.0
242.0	57.0
243.0	67.0
244.0	59.0
245.0	51.0
246.0	52.0
247.0	72.0
248.0	62.0
249.0	45.0
250.0	64.0
251.0	64.0
252.0	57.0
253.0	59.0
254.0	54.0
255.0	86.0
256.0	68.0
257.0	57.0
258.0	63.0
259.0	66.0
260.0	57.0
261.0	49.0
262.0	60.0
263.0	55.0
264.0	55.0
265.0	41.0
266.0	46.0
267.0	50.0
268.0	68.0
269.0	64.0
270.0	42.0
271.0	50.0
272.0	47.0
273.0	44.0
274.0	48.0
275.0	46.0
276.0	37.0
277.0	60.0
278.0	39.0
279.0	58.0
280.0	51.0
281.0	51.0
282.0	49.0
283.0	49.0
284.0	49.0
285.0	50.0
286.0	35.0
287.0	36.0
288.0	41.0
289.0	52.0
290.0	45.0
291.0	60.0
292.0	69.0
293.0	33.0
294.0	54.0
295.0	48.0
296.0	51.0
297.0	48.0
298.0	42.0
299.0	55.0
300.0	40.0
301.0	41.0
302.0	49.0
303.0	52.0
304.0	52.0
305.0	48.0
306.0	49.0
307.0	51.0
308.0	46.0
309.0	47.0
310.0	51.0
311.0	63.0
312.0	48.0
313.0	55.0
314.0	37.0
315.0	44.0
316.0	56.0
317.0	56.0
318.0	81.0
319.0	56.0
320.0	54.0
321.0	49.0
322.0	63.0
323.0	51.0
324.0	54.0
325.0	63.0
326.0	54.0
327.0	56.0
328.0	34.0
329.0	46.0
330.0	72.0
331.0	51.0
332.0	52.0
333.0	50.0
334.0	43.0
335.0	41.0
336.0	41.0
337.0	51.0
338.0	61.0
339.0	61.0
340.0	42.0
341.0	35.0
342.0	49.0
343.0	47.0
344.0	39.0
345.0	38.0
346.0	46.0
347.0	52.0
348.0	46.0
349.0	49.0
350.0	51.0
351.0	42.0
352.0	38.0
353.0	34.0
354.0	43.0
355.0	37.0
356.0	39.0
357.0	40.0
358.0	40.0
359.0	59.0
360.0	54.0
361.0	46.0
362.0	46.0
363.0	54.0
364.0	42.0
365.0	57.0
366.0	31.0
367.0	35.0
368.0	36.0
369.0	49.0
370.0	38.0
371.0	41.0
372.0	44.0
373.0	35.0
374.0	48.0
375.0	40.0
376.0	43.0
377.0	36.0
378.0	39.0
379.0	41.0
380.0	38.0
381.0	43.0
382.0	50.0
383.0	37.0
384.0	46.0
385.0	44.0
386.0	39.0
387.0	38.0
388.0	57.0
389.0	45.0
390.0	45.0
391.0	41.0
392.0	51.0
393.0	54.0
394.0	44.0
395.0	52.0
396.0	50.0
397.0	33.0
398.0	43.0
399.0	44.0
400.0	39.0
401.0	35.0
402.0	37.0
403.0	44.0
404.0	41.0
405.0	34.0
406.0	41.0
407.0	39.0
408.0	44.0
409.0	39.0
410.0	44.0
411.0	39.0
412.0	44.0
413.0	30.0
414.0	46.0
415.0	25.0
416.0	31.0
417.0	35.0
418.0	48.0
419.0	37.0
420.0	30.0
421.0	34.0
422.0	43.0
423.0	40.0
424.0	40.0
425.0	43.0
426.0	29.0
427.0	32.0
428.0	32.0
429.0	41.0
430.0	31.0
431.0	54.0
432.0	44.0
433.0	41.0
434.0	39.0
435.0	44.0
436.0	38.0
437.0	31.0
438.0	32.0
439.0	30.0
440.0	39.0
441.0	34.0
442.0	27.0
443.0	22.0
444.0	32.0
445.0	38.0
446.0	31.0
447.0	30.0
448.0	32.0
449.0	33.0
450.0	24.0
451.0	23.0
452.0	35.0
453.0	33.0
454.0	28.0
455.0	34.0
456.0	18.0
457.0	22.0
458.0	32.0
459.0	28.0
460.0	38.0
461.0	31.0
462.0	33.0
463.0	29.0
464.0	22.0
465.0	30.0
466.0	25.0
467.0	27.0
468.0	25.0
469.0	25.0
470.0	19.0
471.0	26.0
472.0	21.0
473.0	31.0
474.0	23.0
475.0	30.0
476.0	28.0
477.0	31.0
478.0	27.0
479.0	28.0
480.0	23.0
481.0	19.0
482.0	26.0
483.0	36.0
484.0	41.0
485.0	24.0
486.0	40.0
487.0	29.0
488.0	25.0
489.0	15.0
490.0	23.0
491.0	17.0
492.0	25.0
493.0	27.0
494.0	24.0
495.0	41.0
496.0	31.0
497.0	17.0
498.0	18.0
499.0	20.0
500.0	21.0
501.0	14.0
502.0	14.0
503.0	18.0
504.0	23.0
505.0	25.0
506.0	19.0
507.0	21.0
508.0	21.0
509.0	18.0
510.0	18.0
511.0	25.0
512.0	25.0
513.0	14.0
514.0	16.0
515.0	15.0
516.0	22.0
517.0	21.0
518.0	22.0
519.0	20.0
520.0	13.0
521.0	20.0
522.0	12.0
523.0	27.0
524.0	19.0
525.0	18.0
526.0	22.0
527.0	31.0
528.0	17.0
529.0	21.0
530.0	17.0
531.0	16.0
532.0	29.0
533.0	37.0
534.0	18.0
535.0	20.0
536.0	20.0
537.0	19.0
538.0	18.0
539.0	19.0
540.0	24.0
541.0	27.0
542.0	19.0
543.0	15.0
544.0	18.0
545.0	16.0
546.0	23.0
547.0	18.0
548.0	16.0
549.0	20.0
550.0	23.0
551.0	25.0
552.0	24.0
553.0	17.0
554.0	20.0
555.0	13.0
556.0	17.0
557.0	21.0
558.0	20.0
559.0	17.0
560.0	26.0
561.0	16.0
562.0	11.0
563.0	22.0
564.0	21.0
565.0	19.0
566.0	18.0
567.0	19.0
568.0	18.0
569.0	19.0
570.0	14.0
571.0	24.0
572.0	21.0
573.0	17.0
574.0	21.0
575.0	18.0
576.0	13.0
577.0	15.0
578.0	23.0
579.0	24.0
580.0	14.0
581.0	12.0
582.0	20.0
583.0	8.0
584.0	12.0
585.0	16.0
586.0	16.0
587.0	17.0
588.0	10.0
589.0	13.0
590.0	13.0
591.0	17.0
592.0	17.0
593.0	10.0
594.0	14.0
595.0	14.0
596.0	13.0
597.0	9.0
598.0	14.0
599.0	14.0
600.0	20.0
601.0	15.0
602.0	14.0
603.0	17.0
604.0	17.0
605.0	15.0
606.0	25.0
607.0	18.0
608.0	20.0
609.0	19.0
610.0	15.0
611.0	17.0
612.0	15.0
613.0	8.0
614.0	12.0
615.0	15.0
616.0	13.0
617.0	4.0
618.0	14.0
619.0	10.0
620.0	14.0
621.0	10.0
622.0	16.0
623.0	14.0
624.0	15.0
625.0	18.0
626.0	12.0
627.0	14.0
628.0	12.0
629.0	24.0
630.0	14.0
631.0	11.0
632.0	8.0
633.0	15.0
634.0	9.0
635.0	15.0
636.0	21.0
637.0	15.0
638.0	13.0
639.0	18.0
640.0	12.0
641.0	16.0
642.0	12.0
643.0	9.0
644.0	15.0
645.0	15.0
646.0	13.0
647.0	6.0
648.0	9.0
649.0	12.0
650.0	10.0
651.0	11.0
652.0	10.0
653.0	13.0
654.0	14.0
655.0	11.0
656.0	21.0
657.0	19.0
658.0	14.0
659.0	9.0
660.0	16.0
661.0	8.0
662.0	10.0
663.0	19.0
664.0	15.0
665.0	15.0
666.0	13.0
667.0	19.0
668.0	16.0
669.0	11.0
670.0	13.0
671.0	11.0
672.0	16.0
673.0	18.0
674.0	19.0
675.0	19.0
676.0	8.0
677.0	16.0
678.0	21.0
679.0	13.0
680.0	16.0
681.0	8.0
682.0	9.0
683.0	13.0
684.0	6.0
685.0	8.0
686.0	19.0
687.0	8.0
688.0	17.0
689.0	16.0
690.0	11.0
691.0	13.0
692.0	10.0
693.0	11.0
694.0	10.0
695.0	17.0
696.0	10.0
697.0	15.0
698.0	6.0
699.0	10.0
700.0	11.0
701.0	8.0
702.0	10.0
703.0	15.0
704.0	22.0
705.0	11.0
706.0	19.0
707.0	20.0
708.0	6.0
709.0	12.0
710.0	10.0
711.0	11.0
712.0	19.0
713.0	13.0
714.0	13.0
715.0	12.0
716.0	13.0
717.0	10.0
718.0	8.0
719.0	9.0
720.0	8.0
721.0	7.0
722.0	15.0
723.0	12.0
724.0	10.0
725.0	14.0
726.0	13.0
727.0	12.0
728.0	12.0
729.0	8.0
730.0	12.0
731.0	7.0
732.0	6.0
733.0	10.0
734.0	16.0
735.0	8.0
736.0	14.0
737.0	11.0
738.0	15.0
739.0	9.0
740.0	5.0
741.0	13.0
742.0	14.0
743.0	10.0
744.0	8.0
745.0	12.0
746.0	8.0
747.0	11.0
748.0	16.0
749.0	17.0
750.0	9.0
751.0	14.0
752.0	9.0
753.0	12.0
754.0	9.0
755.0	11.0
756.0	13.0
757.0	11.0
758.0	12.0
759.0	14.0
760.0	12.0
761.0	11.0
762.0	6.0
763.0	9.0
764.0	10.0
765.0	10.0
766.0	18.0
767.0	12.0
768.0	2.0
769.0	9.0
770.0	11.0
771.0	16.0
772.0	11.0
773.0	11.0
774.0	5.0
775.0	11.0
776.0	18.0
777.0	11.0
778.0	13.0
779.0	11.0
780.0	9.0
781.0	11.0
782.0	16.0
783.0	15.0
784.0	7.0
785.0	8.0
786.0	10.0
787.0	9.0
788.0	8.0
789.0	9.0
790.0	6.0
791.0	13.0
792.0	11.0
793.0	14.0
794.0	11.0
795.0	9.0
796.0	16.0
797.0	9.0
798.0	13.0
799.0	10.0
800.0	11.0
801.0	12.0
802.0	5.0
803.0	10.0
804.0	8.0
805.0	12.0
806.0	10.0
807.0	10.0
808.0	7.0
809.0	16.0
810.0	15.0
811.0	15.0
812.0	15.0
813.0	13.0
814.0	7.0
815.0	13.0
816.0	3.0
817.0	9.0
818.0	15.0
819.0	10.0
820.0	8.0
821.0	16.0
822.0	7.0
823.0	10.0
824.0	6.0
825.0	10.0
826.0	6.0
827.0	10.0
828.0	4.0
829.0	6.0
830.0	12.0
831.0	15.0
832.0	8.0
833.0	5.0
834.0	10.0
835.0	9.0
836.0	9.0
837.0	8.0
838.0	10.0
839.0	8.0
840.0	8.0
841.0	9.0
842.0	10.0
843.0	9.0
844.0	7.0
845.0	13.0
846.0	8.0
847.0	13.0
848.0	9.0
849.0	7.0
850.0	12.0
851.0	5.0
852.0	4.0
853.0	8.0
854.0	9.0
855.0	8.0
856.0	13.0
857.0	9.0
858.0	9.0
859.0	6.0
860.0	3.0
861.0	7.0
862.0	7.0
863.0	10.0
864.0	3.0
865.0	8.0
866.0	5.0
867.0	5.0
868.0	8.0
869.0	9.0
870.0	4.0
871.0	6.0
872.0	12.0
873.0	8.0
874.0	35.0
875.0	10.0
876.0	10.0
877.0	14.0
878.0	12.0
879.0	14.0
880.0	15.0
881.0	5.0
882.0	11.0
883.0	19.0
884.0	9.0
885.0	4.0
886.0	9.0
887.0	6.0
888.0	8.0
889.0	7.0
890.0	5.0
891.0	7.0
892.0	5.0
893.0	6.0
894.0	3.0
895.0	9.0
896.0	5.0
897.0	10.0
898.0	7.0
899.0	6.0
900.0	8.0
901.0	6.0
902.0	8.0
903.0	9.0
904.0	12.0
905.0	12.0
906.0	5.0
907.0	9.0
908.0	8.0
909.0	4.0
910.0	7.0
911.0	8.0
912.0	5.0
913.0	9.0
914.0	8.0
915.0	12.0
916.0	10.0
917.0	11.0
918.0	10.0
919.0	12.0
920.0	8.0
921.0	7.0
922.0	11.0
923.0	10.0
924.0	9.0
925.0	4.0
926.0	5.0
927.0	10.0
928.0	5.0
929.0	14.0
930.0	12.0
931.0	7.0
932.0	12.0
933.0	10.0
934.0	10.0
935.0	6.0
936.0	17.0
937.0	9.0
938.0	5.0
939.0	11.0
940.0	12.0
941.0	10.0
942.0	6.0
943.0	12.0
944.0	11.0
945.0	7.0
946.0	7.0
947.0	8.0
948.0	11.0
949.0	3.0
950.0	12.0
951.0	9.0
952.0	12.0
953.0	4.0
954.0	10.0
955.0	5.0
956.0	8.0
957.0	10.0
958.0	11.0
959.0	7.0
960.0	7.0
961.0	5.0
962.0	8.0
963.0	13.0
964.0	13.0
965.0	12.0
966.0	24.0
967.0	14.0
968.0	14.0
969.0	9.0
970.0	3.0
971.0	5.0
972.0	11.0
973.0	5.0
974.0	9.0
975.0	5.0
976.0	4.0
977.0	5.0
978.0	8.0
979.0	4.0
980.0	7.0
981.0	7.0
982.0	8.0
983.0	12.0
984.0	11.0
985.0	2.0
986.0	7.0
987.0	10.0
988.0	9.0
989.0	10.0
990.0	6.0
991.0	7.0
992.0	7.0
993.0	3.0
994.0	6.0
995.0	6.0
996.0	6.0
997.0	9.0
998.0	9.0
999.0	4.0
1000.0	6.0
1001.0	4.0
1002.0	6.0
1003.0	11.0
1004.0	5.0
1005.0	10.0
1006.0	6.0
1007.0	9.0
1008.0	8.0
1009.0	11.0
1010.0	5.0
1011.0	5.0
1012.0	6.0
1013.0	12.0
1014.0	8.0
1015.0	1.0
1016.0	8.0
1017.0	7.0
1018.0	6.0
1019.0	14.0
1020.0	9.0
1021.0	7.0
1022.0	3.0
1023.0	9.0
1024.0	5.0
1025.0	5.0
1026.0	7.0
1027.0	10.0
1028.0	7.0
1029.0	7.0
1030.0	5.0
1031.0	7.0
1032.0	2.0
1033.0	5.0
1034.0	9.0
1035.0	4.0
1036.0	2.0
1037.0	7.0
1038.0	6.0
1039.0	1.0
1040.0	7.0
1041.0	7.0
1042.0	8.0
1043.0	4.0
1044.0	3.0
1045.0	7.0
1046.0	2.0
1047.0	3.0
1048.0	8.0
1049.0	4.0
1050.0	4.0
1051.0	9.0
1052.0	5.0
1053.0	6.0
1054.0	7.0
1055.0	4.0
1056.0	7.0
1057.0	6.0
1058.0	10.0
1059.0	11.0
1060.0	5.0
1061.0	7.0
1062.0	8.0
1063.0	5.0
1064.0	4.0
1065.0	4.0
1066.0	3.0
1067.0	9.0
1068.0	7.0
1069.0	10.0
1070.0	5.0
1071.0	8.0
1072.0	7.0
1073.0	2.0
1074.0	4.0
1075.0	6.0
1076.0	5.0
1077.0	2.0
1078.0	8.0
1079.0	9.0
1080.0	2.0
1081.0	4.0
1082.0	2.0
1083.0	4.0
1084.0	6.0
1085.0	5.0
1086.0	3.0
1087.0	5.0
1088.0	6.0
1089.0	3.0
1090.0	3.0
1091.0	5.0
1092.0	4.0
1093.0	6.0
1094.0	3.0
1095.0	5.0
1096.0	1.0
1097.0	5.0
1098.0	5.0
1099.0	7.0
1100.0	2.0
1101.0	3.0
1102.0	6.0
1103.0	6.0
1104.0	7.0
1105.0	9.0
1106.0	4.0
1107.0	6.0
1108.0	3.0
1109.0	3.0
1110.0	7.0
1111.0	7.0
1112.0	6.0
1113.0	2.0
1114.0	3.0
1115.0	5.0
1116.0	6.0
1117.0	3.0
1118.0	3.0
1119.0	7.0
1120.0	3.0
1121.0	3.0
1122.0	4.0
1123.0	4.0
1124.0	2.0
1125.0	5.0
1126.0	3.0
1127.0	3.0
1128.0	2.0
1129.0	3.0
1130.0	2.0
1131.0	2.0
1132.0	2.0
1133.0	3.0
1134.0	3.0
1135.0	3.0
1136.0	4.0
1137.0	1.0
1138.0	6.0
1139.0	1.0
1140.0	2.0
1141.0	4.0
1142.0	4.0
1143.0	5.0
1144.0	2.0
1145.0	3.0
1146.0	2.0
1147.0	4.0
1148.0	2.0
1149.0	4.0
1150.0	3.0
1151.0	5.0
1152.0	4.0
1153.0	4.0
1154.0	5.0
1155.0	4.0
1156.0	4.0
1157.0	3.0
1158.0	3.0
1159.0	5.0
1160.0	7.0
1161.0	4.0
1162.0	6.0
1163.0	3.0
1164.0	4.0
1165.0	1.0
1166.0	2.0
1167.0	3.0
1168.0	5.0
1169.0	8.0
1170.0	4.0
1171.0	6.0
1172.0	1.0
1173.0	3.0
1174.0	2.0
1175.0	6.0
1176.0	5.0
1177.0	2.0
1178.0	2.0
1179.0	5.0
1180.0	5.0
1181.0	3.0
1182.0	4.0
1183.0	7.0
1184.0	5.0
1185.0	7.0
1186.0	2.0
1187.0	3.0
1188.0	2.0
1189.0	4.0
1190.0	7.0
1191.0	6.0
1192.0	4.0
1193.0	5.0
1194.0	1.0
1195.0	2.0
1196.0	5.0
1197.0	1.0
1198.0	2.0
1199.0	4.0
1200.0	2.0
1201.0	2.0
1202.0	2.0
1203.0	3.0
1204.0	4.0
1205.0	3.0
1206.0	1.0
1207.0	2.0
1208.0	2.0
1209.0	3.0
1210.0	5.0
1211.0	1.0
1212.0	1.0
1213.0	2.0
1214.0	6.0
1215.0	5.0
1216.0	2.0
1217.0	4.0
1218.0	2.0
1219.0	5.0
1220.0	1.0
1221.0	2.0
1222.0	3.0
1223.0	2.0
1224.0	3.0
1225.0	7.0
1226.0	3.0
1227.0	3.0
1228.0	3.0
1229.0	6.0
1230.0	3.0
1231.0	2.0
1232.0	2.0
1233.0	2.0
1234.0	1.0
1235.0	3.0
1237.0	2.0
1238.0	3.0
1239.0	1.0
1240.0	1.0
1241.0	2.0
1242.0	4.0
1243.0	1.0
1244.0	2.0
1245.0	3.0
1246.0	4.0
1247.0	2.0
1249.0	5.0
1250.0	3.0
1251.0	3.0
1252.0	1.0
1253.0	4.0
1254.0	1.0
1255.0	1.0
1256.0	1.0
1257.0	2.0
1258.0	1.0
1259.0	2.0
1260.0	2.0
1261.0	1.0
1262.0	2.0
1263.0	3.0
1264.0	5.0
1265.0	5.0
1266.0	4.0
1267.0	3.0
1268.0	6.0
1269.0	1.0
1270.0	3.0
1271.0	3.0
1272.0	3.0
1273.0	6.0
1274.0	1.0
1275.0	1.0
1276.0	4.0
1277.0	2.0
1278.0	3.0
1279.0	2.0
1280.0	1.0
1281.0	1.0
1282.0	3.0
1283.0	4.0
1284.0	3.0
1285.0	3.0
1286.0	4.0
1287.0	4.0
1288.0	3.0
1289.0	5.0
1290.0	10.0
1291.0	8.0
1292.0	4.0
1293.0	2.0
1294.0	2.0
1295.0	3.0
1296.0	21.0
1297.0	4.0
1298.0	1.0
1299.0	3.0
1300.0	1.0
1301.0	5.0
1302.0	4.0
1303.0	2.0
1304.0	3.0
1305.0	5.0
1306.0	6.0
1307.0	2.0
1308.0	3.0
1309.0	2.0
1310.0	5.0
1311.0	6.0
1312.0	7.0
1313.0	3.0
1314.0	4.0
1315.0	2.0
1316.0	2.0
1317.0	5.0
1318.0	5.0
1319.0	3.0
1320.0	2.0
1321.0	1.0
1322.0	6.0
1323.0	2.0
1324.0	5.0
1325.0	5.0
1326.0	5.0
1327.0	7.0
1328.0	4.0
1329.0	1.0
1330.0	5.0
1331.0	4.0
1332.0	3.0
1333.0	4.0
1334.0	5.0
1335.0	2.0
1336.0	3.0
1338.0	5.0
1339.0	4.0
1340.0	2.0
1341.0	4.0
1342.0	1.0
1343.0	3.0
1344.0	3.0
1345.0	4.0
1346.0	1.0
1347.0	2.0
1348.0	5.0
1349.0	4.0
1350.0	3.0
1351.0	4.0
1352.0	7.0
1353.0	2.0
1354.0	2.0
1355.0	1.0
1356.0	4.0
1357.0	3.0
1358.0	3.0
1359.0	4.0
1360.0	1.0
1361.0	5.0
1362.0	4.0
1363.0	6.0
1364.0	3.0
1365.0	2.0
1366.0	1.0
1367.0	2.0
1368.0	1.0
1369.0	2.0
1370.0	3.0
1371.0	1.0
1372.0	3.0
1373.0	2.0
1374.0	5.0
1375.0	1.0
1376.0	7.0
1377.0	10.0
1378.0	10.0
1379.0	4.0
1380.0	4.0
1381.0	3.0
1382.0	1.0
1383.0	2.0
1384.0	2.0
1385.0	3.0
1386.0	3.0
1387.0	2.0
1389.0	2.0
1390.0	1.0
1392.0	1.0
1393.0	4.0
1394.0	3.0
1395.0	2.0
1396.0	1.0
1398.0	2.0
1399.0	2.0
1400.0	4.0
1401.0	2.0
1402.0	1.0
1403.0	1.0
1404.0	3.0
1405.0	2.0
1407.0	1.0
1408.0	3.0
1409.0	6.0
1410.0	2.0
1411.0	2.0
1413.0	4.0
1414.0	3.0
1416.0	1.0
1417.0	1.0
1418.0	1.0
1420.0	1.0
1421.0	2.0
1422.0	1.0
1425.0	2.0
1427.0	2.0
1429.0	1.0
1430.0	1.0
1431.0	2.0
1432.0	3.0
1434.0	2.0
1435.0	1.0
1436.0	2.0
1437.0	1.0
1438.0	1.0
1439.0	4.0
1440.0	2.0
1441.0	2.0
1442.0	1.0
1443.0	2.0
1444.0	2.0
1446.0	1.0
1447.0	2.0
1448.0	3.0
1449.0	1.0
1450.0	2.0
1451.0	1.0
1452.0	3.0
1453.0	3.0
1454.0	1.0
1456.0	1.0
1457.0	2.0
1458.0	2.0
1459.0	2.0
1460.0	2.0
1461.0	4.0
1462.0	3.0
1463.0	3.0
1464.0	2.0
1466.0	1.0
1467.0	4.0
1468.0	6.0
1469.0	1.0
1470.0	7.0
1471.0	21.0
1472.0	2.0
1473.0	2.0
1474.0	1.0
1475.0	3.0
1476.0	1.0
1477.0	4.0
1478.0	2.0
1479.0	1.0
1480.0	5.0
1481.0	1.0
1482.0	2.0
1483.0	2.0
1484.0	3.0
1485.0	3.0
1486.0	1.0
1487.0	2.0
1488.0	3.0
1489.0	2.0
1490.0	3.0
1491.0	3.0
1494.0	3.0
1495.0	3.0
1498.0	2.0
1499.0	1.0
1500.0	1.0
1501.0	2.0
1504.0	1.0
1505.0	1.0
1507.0	1.0
1508.0	4.0
1511.0	1.0
1512.0	1.0
1513.0	1.0
1515.0	1.0
1516.0	1.0
1518.0	1.0
1519.0	3.0
1520.0	3.0
1521.0	1.0
1522.0	3.0
1523.0	1.0
1525.0	2.0
1526.0	1.0
1527.0	1.0
1528.0	2.0
1529.0	1.0
1530.0	3.0
1531.0	1.0
1532.0	1.0
1533.0	1.0
1538.0	2.0
1540.0	1.0
1541.0	4.0
1542.0	3.0
1543.0	2.0
1544.0	1.0
1545.0	1.0
1546.0	2.0
1547.0	1.0
1550.0	2.0
1551.0	1.0
1553.0	2.0
1555.0	2.0
1557.0	2.0
1558.0	1.0
1560.0	1.0
1561.0	1.0
1565.0	3.0
1566.0	2.0
1567.0	2.0
1568.0	1.0
1569.0	1.0
1571.0	2.0
1572.0	1.0
1573.0	1.0
1574.0	2.0
1576.0	1.0
1577.0	2.0
1578.0	4.0
1579.0	1.0
1581.0	3.0
1583.0	1.0
1585.0	1.0
1586.0	2.0
1588.0	1.0
1591.0	2.0
1592.0	1.0
1593.0	1.0
1595.0	2.0
1597.0	2.0
1598.0	1.0
1599.0	3.0
1600.0	2.0
1601.0	2.0
1602.0	3.0
1603.0	2.0
1604.0	1.0
1606.0	3.0
1608.0	3.0
1610.0	1.0
1612.0	1.0
1613.0	3.0
1614.0	2.0
1615.0	2.0
1616.0	1.0
1618.0	1.0
1621.0	2.0
1622.0	1.0
1623.0	3.0
1624.0	2.0
1625.0	1.0
1626.0	3.0
1627.0	3.0
1629.0	1.0
1630.0	2.0
1631.0	2.0
1632.0	1.0
1634.0	2.0
1635.0	1.0
1636.0	1.0
1637.0	3.0
1638.0	1.0
1640.0	3.0
1641.0	2.0
1642.0	1.0
1643.0	1.0
1644.0	2.0
1647.0	2.0
1648.0	2.0
1649.0	4.0
1650.0	2.0
1651.0	3.0
1652.0	1.0
1653.0	1.0
1654.0	1.0
1655.0	2.0
1658.0	1.0
1659.0	1.0
1661.0	1.0
1662.0	2.0
1663.0	1.0
1664.0	3.0
1665.0	2.0
1667.0	1.0
1668.0	1.0
1669.0	1.0
1670.0	2.0
1672.0	2.0
1673.0	1.0
1674.0	4.0
1675.0	2.0
1677.0	1.0
1678.0	2.0
1679.0	2.0
1680.0	1.0
1681.0	3.0
1682.0	2.0
1684.0	1.0
1685.0	1.0
1687.0	2.0
1689.0	2.0
1690.0	1.0
1691.0	1.0
1694.0	1.0
1696.0	2.0
1697.0	2.0
1699.0	1.0
1701.0	4.0
1702.0	1.0
1705.0	1.0
1706.0	1.0
1707.0	2.0
1708.0	1.0
1710.0	1.0
1711.0	1.0
1713.0	1.0
1714.0	1.0
1715.0	2.0
1717.0	1.0
1718.0	1.0
1719.0	1.0
1721.0	3.0
1723.0	1.0
1725.0	1.0
1730.0	3.0
1731.0	1.0
1732.0	1.0
1733.0	2.0
1736.0	3.0
1737.0	1.0
1738.0	1.0
1741.0	1.0
1742.0	3.0
1743.0	1.0
1744.0	1.0
1750.0	1.0
1753.0	2.0
1754.0	1.0
1755.0	2.0
1756.0	1.0
1757.0	1.0
1759.0	1.0
1760.0	2.0
1761.0	1.0
1763.0	1.0
1764.0	1.0
1765.0	1.0
1766.0	2.0
1767.0	1.0
1768.0	2.0
1770.0	1.0
1771.0	1.0
1772.0	2.0
1779.0	1.0
1780.0	1.0
1781.0	2.0
1783.0	1.0
1784.0	2.0
1789.0	1.0
1790.0	1.0
1793.0	2.0
1795.0	3.0
1799.0	3.0
1800.0	2.0
1801.0	1.0
1802.0	3.0
1804.0	1.0
1805.0	2.0
1809.0	3.0
1811.0	1.0
1814.0	1.0
1816.0	1.0
1821.0	2.0
1822.0	1.0
1825.0	2.0
1829.0	1.0
1830.0	2.0
1831.0	2.0
1832.0	1.0
1834.0	1.0
1835.0	1.0
1836.0	1.0
1839.0	1.0
1840.0	1.0
1841.0	2.0
1844.0	1.0
1845.0	1.0
1846.0	1.0
1847.0	3.0
1848.0	1.0
1849.0	1.0
1850.0	1.0
1855.0	2.0
1857.0	2.0
1858.0	1.0
1861.0	1.0
1862.0	2.0
1864.0	2.0
1865.0	1.0
1866.0	2.0
1867.0	1.0
1868.0	1.0
1869.0	3.0
1871.0	1.0
1874.0	2.0
1875.0	2.0
1876.0	1.0
1877.0	1.0
1878.0	1.0
1879.0	1.0
1880.0	3.0
1881.0	2.0
1882.0	2.0
1883.0	1.0
1884.0	1.0
1885.0	1.0
1888.0	1.0
1893.0	1.0
1895.0	1.0
1897.0	1.0
1898.0	1.0
1899.0	3.0
1901.0	1.0
1902.0	2.0
1903.0	1.0
1904.0	1.0
1905.0	1.0
1906.0	1.0
1908.0	2.0
1909.0	1.0
1910.0	2.0
1911.0	2.0
1912.0	1.0
1913.0	1.0
1914.0	3.0
1915.0	1.0
1917.0	2.0
1918.0	3.0
1923.0	1.0
1925.0	1.0
1926.0	2.0
1927.0	2.0
1928.0	1.0
1929.0	1.0
1930.0	1.0
1931.0	3.0
1932.0	1.0
1933.0	1.0
1934.0	1.0
1936.0	3.0
1937.0	1.0
1938.0	1.0
1939.0	1.0
1940.0	2.0
1941.0	1.0
1944.0	2.0
1945.0	1.0
1946.0	1.0
1947.0	2.0
1948.0	2.0
1950.0	1.0
1955.0	3.0
1957.0	2.0
1958.0	2.0
1959.0	2.0
1960.0	1.0
1964.0	1.0
1965.0	1.0
1967.0	1.0
1969.0	2.0
1970.0	1.0
1971.0	1.0
1976.0	2.0
1977.0	1.0
1980.0	1.0
1981.0	2.0
1982.0	1.0
1983.0	1.0
1984.0	2.0
1985.0	1.0
1990.0	2.0
1991.0	1.0
1992.0	2.0
1995.0	2.0
1996.0	1.0
1997.0	1.0
2000.0	1.0
2001.0	1.0
2003.0	1.0
2004.0	1.0
2007.0	1.0
2008.0	1.0
2009.0	1.0
2013.0	1.0
2016.0	1.0
2024.0	2.0
2028.0	1.0
2029.0	2.0
2030.0	2.0
2031.0	1.0
2032.0	1.0
2033.0	2.0
2038.0	3.0
2039.0	1.0
2040.0	2.0
2041.0	1.0
2042.0	1.0
2043.0	1.0
2046.0	1.0
2051.0	1.0
2056.0	2.0
2057.0	1.0
2058.0	1.0
2059.0	1.0
2060.0	1.0
2062.0	1.0
2064.0	2.0
2066.0	2.0
2069.0	4.0
2070.0	1.0
2071.0	2.0
2072.0	2.0
2073.0	1.0
2074.0	2.0
2075.0	2.0
2078.0	1.0
2082.0	1.0
2083.0	1.0
2084.0	1.0
2093.0	1.0
2094.0	1.0
2096.0	1.0
2098.0	2.0
2099.0	1.0
2100.0	1.0
2102.0	1.0
2104.0	2.0
2109.0	1.0
2113.0	5.0
2116.0	1.0
2117.0	1.0
2118.0	1.0
2119.0	1.0
2122.0	1.0
2123.0	2.0
2124.0	1.0
2125.0	1.0
2128.0	1.0
2129.0	2.0
2130.0	1.0
2131.0	1.0
2134.0	1.0
2135.0	1.0
2136.0	1.0
2144.0	1.0
2145.0	1.0
2146.0	1.0
2150.0	1.0
2151.0	1.0
2153.0	1.0
2158.0	2.0
2159.0	1.0
2165.0	1.0
2167.0	1.0
2169.0	1.0
2170.0	1.0
2171.0	2.0
2172.0	1.0
2173.0	2.0
2176.0	1.0
2178.0	1.0
2184.0	1.0
2188.0	1.0
2194.0	1.0
2198.0	1.0
2205.0	1.0
2206.0	1.0
2208.0	1.0
2209.0	1.0
2211.0	1.0
2213.0	1.0
2214.0	2.0
2217.0	1.0
2225.0	1.0
2226.0	3.0
2230.0	1.0
2232.0	3.0
2234.0	1.0
2237.0	1.0
2238.0	1.0
2239.0	2.0
2241.0	1.0
2243.0	2.0
2244.0	1.0
2246.0	1.0
2249.0	1.0
2252.0	1.0
2255.0	1.0
2261.0	1.0
2265.0	3.0
2266.0	1.0
2278.0	1.0
2279.0	1.0
2286.0	1.0
2301.0	1.0
2304.0	1.0
2305.0	1.0
2312.0	2.0
2317.0	1.0
2320.0	1.0
2333.0	1.0
2336.0	2.0
2339.0	2.0
2342.0	1.0
2343.0	1.0
2350.0	1.0
2351.0	2.0
2354.0	1.0
2356.0	1.0
2357.0	1.0
2358.0	1.0
2359.0	1.0
2360.0	1.0
2361.0	2.0
2367.0	1.0
2368.0	1.0
2370.0	1.0
2373.0	1.0
2377.0	1.0
2378.0	2.0
2382.0	1.0
2383.0	2.0
2386.0	1.0
2387.0	1.0
2388.0	2.0
2398.0	1.0
2399.0	2.0
2400.0	2.0
2407.0	1.0
2413.0	1.0
2414.0	1.0
2416.0	3.0
2417.0	1.0
2419.0	1.0
2421.0	1.0
2422.0	1.0
2424.0	1.0
2426.0	1.0
2430.0	1.0
2431.0	1.0
2434.0	1.0
2435.0	1.0
2438.0	1.0
2439.0	2.0
2440.0	2.0
2443.0	1.0
2445.0	2.0
2449.0	2.0
2452.0	1.0
2454.0	1.0
2456.0	1.0
2458.0	3.0
2459.0	1.0
2464.0	2.0
2465.0	1.0
2466.0	1.0
2467.0	1.0
2468.0	1.0
2469.0	1.0
2470.0	1.0
2471.0	2.0
2472.0	1.0
2473.0	3.0
2475.0	1.0
2483.0	3.0
2485.0	1.0
2487.0	1.0
2494.0	1.0
2497.0	1.0
2499.0	1.0
2502.0	2.0
2504.0	2.0
2510.0	1.0
2513.0	1.0
2515.0	1.0
2516.0	1.0
2518.0	1.0
2520.0	1.0
2521.0	1.0
2529.0	1.0
2530.0	1.0
2531.0	1.0
2534.0	1.0
2538.0	1.0
2540.0	1.0
2544.0	1.0
2545.0	1.0
2547.0	1.0
2548.0	1.0
2549.0	2.0
2553.0	1.0
2554.0	1.0
2555.0	1.0
2557.0	1.0
2560.0	1.0
2561.0	1.0
2565.0	1.0
2567.0	1.0
2570.0	2.0
2573.0	1.0
2574.0	1.0
2586.0	2.0
2590.0	1.0
2592.0	1.0
2596.0	2.0
2599.0	1.0
2602.0	2.0
2610.0	2.0
2612.0	1.0
2620.0	1.0
2622.0	1.0
2624.0	3.0
2628.0	1.0
2629.0	1.0
2631.0	1.0
2633.0	1.0
2635.0	1.0
2636.0	1.0
2643.0	1.0
2645.0	1.0
2647.0	1.0
2651.0	1.0
2662.0	1.0
2663.0	1.0
2667.0	1.0
2670.0	1.0
2671.0	1.0
2672.0	1.0
2676.0	1.0
2681.0	1.0
2682.0	1.0
2685.0	1.0
2687.0	1.0
2688.0	1.0
2689.0	1.0
2691.0	1.0
2692.0	1.0
2693.0	1.0
2695.0	2.0
2698.0	1.0
2700.0	1.0
2707.0	2.0
2709.0	2.0
2712.0	1.0
2713.0	1.0
2714.0	1.0
2718.0	1.0
2719.0	3.0
2721.0	1.0
2723.0	1.0
2726.0	1.0
2727.0	1.0
2729.0	3.0
2730.0	1.0
2732.0	1.0
2733.0	1.0
2734.0	1.0
2737.0	1.0
2739.0	2.0
2740.0	2.0
2741.0	2.0
2743.0	2.0
2744.0	2.0
2748.0	1.0
2751.0	1.0
2752.0	1.0
2760.0	1.0
2761.0	1.0
2762.0	1.0
2763.0	1.0
2764.0	1.0
2766.0	1.0
2767.0	1.0
2768.0	1.0
2772.0	1.0
2773.0	2.0
2775.0	1.0
2776.0	1.0
2780.0	3.0
2781.0	2.0
2786.0	1.0
2788.0	2.0
2789.0	1.0
2791.0	2.0
2796.0	3.0
2803.0	1.0
2806.0	1.0
2807.0	2.0
2810.0	2.0
2812.0	1.0
2813.0	1.0
2820.0	2.0
2821.0	1.0
2823.0	2.0
2827.0	1.0
2829.0	2.0
2836.0	1.0
2838.0	1.0
2841.0	1.0
2843.0	1.0
2845.0	1.0
2851.0	1.0
2854.0	1.0
2857.0	1.0
2858.0	1.0
2859.0	1.0
2862.0	1.0
2863.0	3.0
2864.0	1.0
2867.0	1.0
2872.0	1.0
2878.0	1.0
2880.0	2.0
2882.0	1.0
2883.0	1.0
2884.0	1.0
2887.0	1.0
2888.0	2.0
2889.0	1.0
2894.0	2.0
2897.0	1.0
2901.0	1.0
2902.0	1.0
2905.0	1.0
2906.0	1.0
2907.0	1.0
2908.0	2.0
2910.0	2.0
2915.0	2.0
2917.0	1.0
2919.0	1.0
2920.0	1.0
2924.0	1.0
2932.0	2.0
2933.0	1.0
2935.0	1.0
2940.0	1.0
2941.0	1.0
2942.0	1.0
2947.0	1.0
2949.0	1.0
2951.0	1.0
2952.0	2.0
2954.0	1.0
2960.0	2.0
2963.0	1.0
2967.0	1.0
2968.0	1.0
2969.0	1.0
2971.0	2.0
2974.0	2.0
2975.0	2.0
2976.0	1.0
2982.0	2.0
2983.0	1.0
2984.0	1.0
2985.0	1.0
2986.0	1.0
2987.0	1.0
2991.0	1.0
2996.0	1.0
2997.0	1.0
2999.0	1.0
3003.0	2.0
3004.0	1.0
3006.0	1.0
3009.0	1.0
3010.0	1.0
3012.0	1.0
3013.0	1.0
3017.0	1.0
3019.0	1.0
3021.0	1.0
3025.0	1.0
3029.0	1.0
3031.0	1.0
3034.0	1.0
3035.0	1.0
3036.0	1.0
3037.0	1.0
3039.0	3.0
3048.0	1.0
3051.0	1.0
3052.0	1.0
3054.0	1.0
3055.0	3.0
3056.0	1.0
3058.0	1.0
3059.0	2.0
3060.0	2.0
3061.0	1.0
3062.0	1.0
3064.0	3.0
3065.0	1.0
3067.0	1.0
3069.0	1.0
3070.0	1.0
3071.0	1.0
3074.0	1.0
3075.0	1.0
3080.0	1.0
3082.0	1.0
3084.0	1.0
3085.0	2.0
3087.0	1.0
3090.0	1.0
3092.0	2.0
3094.0	2.0
3095.0	1.0
3097.0	1.0
3099.0	1.0
3100.0	1.0
3102.0	2.0
3103.0	3.0
3105.0	1.0
3106.0	1.0
3108.0	1.0
3115.0	1.0
3116.0	1.0
3120.0	1.0
3122.0	1.0
3123.0	1.0
3126.0	1.0
3127.0	1.0
3131.0	1.0
3133.0	1.0
3135.0	1.0
3136.0	1.0
3138.0	1.0
3139.0	1.0
3145.0	2.0
3149.0	1.0
3151.0	1.0
3153.0	2.0
3157.0	1.0
3159.0	1.0
3164.0	2.0
3165.0	1.0
3170.0	1.0
3173.0	3.0
3174.0	6.0
3175.0	6.0
3177.0	1.0
3183.0	2.0
3184.0	5.0
3186.0	1.0
3188.0	1.0
3190.0	1.0
3192.0	1.0
3193.0	1.0
3194.0	1.0
3199.0	1.0
3200.0	2.0
3203.0	1.0
3207.0	1.0
3213.0	1.0
3214.0	1.0
3216.0	1.0
3223.0	1.0
3224.0	2.0
3238.0	1.0
3241.0	3.0
3242.0	1.0
3253.0	3.0
3255.0	1.0
3257.0	1.0
3258.0	1.0
3260.0	1.0
3262.0	1.0
3266.0	1.0
3267.0	1.0
3280.0	1.0
3282.0	1.0
3285.0	1.0
3286.0	2.0
3291.0	1.0
3296.0	1.0
3297.0	1.0
3298.0	1.0
3302.0	1.0
3304.0	2.0
3308.0	1.0
3309.0	1.0
3312.0	2.0
3313.0	1.0
3317.0	1.0
3318.0	2.0
3323.0	1.0
3328.0	1.0
3332.0	1.0
3335.0	1.0
3342.0	1.0
3348.0	1.0
3349.0	1.0
3350.0	1.0
3351.0	1.0
3354.0	1.0
3358.0	1.0
3359.0	1.0
3360.0	1.0
3362.0	1.0
3365.0	1.0
3368.0	1.0
3378.0	1.0
3383.0	1.0
3388.0	1.0
3389.0	3.0
3392.0	2.0
3395.0	1.0
3399.0	1.0
3406.0	1.0
3411.0	1.0
3412.0	1.0
3414.0	1.0
3415.0	2.0
3418.0	1.0
3421.0	1.0
3422.0	2.0
3423.0	1.0
3426.0	1.0
3428.0	1.0
3430.0	2.0
3431.0	1.0
3432.0	1.0
3435.0	2.0
3438.0	1.0
3446.0	1.0
3449.0	1.0
3456.0	1.0
3460.0	1.0
3462.0	1.0
3466.0	1.0
3467.0	1.0
3468.0	3.0
3473.0	1.0
3477.0	1.0
3479.0	1.0
3480.0	1.0
3482.0	1.0
3488.0	1.0
3489.0	1.0
3510.0	1.0
3515.0	1.0
3518.0	1.0
3523.0	1.0
3524.0	2.0
3527.0	2.0
3530.0	1.0
3534.0	1.0
3535.0	1.0
3538.0	1.0
3545.0	1.0
3549.0	1.0
3552.0	1.0
3558.0	1.0
3559.0	1.0
3570.0	1.0
3575.0	2.0
3579.0	1.0
3585.0	1.0
3593.0	1.0
3594.0	1.0
3596.0	1.0
3600.0	1.0
3606.0	1.0
3607.0	1.0
3608.0	1.0
3609.0	1.0
3612.0	1.0
3619.0	1.0
3620.0	2.0
3626.0	1.0
3633.0	1.0
3641.0	1.0
3642.0	1.0
3644.0	1.0
3649.0	1.0
3653.0	1.0
3660.0	1.0
3678.0	1.0
3683.0	1.0
3692.0	1.0
3695.0	1.0
3707.0	1.0
3710.0	1.0
3726.0	2.0
3735.0	1.0
3739.0	1.0
3740.0	1.0
3747.0	1.0
3767.0	1.0
3768.0	1.0
3773.0	1.0
3775.0	1.0
3777.0	2.0
3779.0	2.0
3781.0	1.0
3788.0	1.0
3803.0	1.0
3806.0	1.0
3821.0	1.0
3844.0	1.0
3858.0	1.0
3859.0	1.0
3866.0	1.0
3875.0	1.0
3876.0	1.0
3893.0	1.0
3902.0	1.0
3907.0	1.0
3917.0	1.0
3940.0	1.0
3944.0	1.0
3949.0	1.0
3952.0	2.0
3953.0	1.0
3959.0	1.0
3969.0	1.0
3972.0	2.0
3996.0	2.0
4003.0	1.0
4016.0	1.0
4026.0	1.0
4027.0	1.0
4034.0	1.0
4036.0	1.0
4047.0	1.0
4054.0	1.0
4067.0	1.0
4074.0	1.0
4097.0	1.0
4102.0	1.0
4132.0	1.0
4135.0	1.0
4136.0	1.0
4145.0	1.0
4149.0	1.0
4152.0	1.0
4156.0	1.0
4175.0	1.0
4176.0	1.0
4177.0	1.0
4180.0	1.0
4182.0	1.0
4219.0	1.0
4229.0	1.0
4237.0	2.0
4243.0	1.0
4244.0	1.0
4261.0	1.0
4268.0	2.0
4271.0	1.0
4272.0	1.0
4273.0	1.0
4275.0	2.0
4276.0	1.0
4280.0	1.0
4284.0	1.0
4299.0	1.0
4302.0	2.0
4307.0	1.0
4314.0	1.0
4319.0	1.0
4332.0	1.0
4341.0	1.0
4342.0	1.0
4351.0	1.0
4363.0	1.0
4369.0	1.0
4380.0	1.0
4386.0	1.0
4396.0	1.0
4406.0	1.0
4415.0	1.0
4422.0	1.0
4426.0	1.0
4428.0	1.0
4432.0	1.0
4458.0	1.0
4459.0	1.0
4460.0	1.0
4461.0	1.0
4463.0	1.0
4469.0	1.0
4477.0	3.0
4481.0	1.0
4491.0	1.0
4492.0	1.0
4493.0	1.0
4501.0	1.0
4510.0	1.0
4514.0	1.0
4526.0	1.0
4540.0	1.0
4553.0	1.0
4568.0	1.0
4569.0	1.0
4586.0	1.0
4591.0	1.0
4595.0	1.0
4600.0	1.0
4610.0	1.0
4612.0	1.0
4617.0	2.0
4633.0	1.0
4643.0	1.0
4665.0	1.0
4673.0	1.0
4674.0	1.0
4691.0	1.0
4693.0	1.0
4707.0	1.0
4717.0	1.0
4736.0	1.0
4739.0	1.0
4752.0	1.0
4753.0	1.0
4765.0	1.0
4768.0	1.0
4777.0	1.0
4787.0	2.0
4789.0	1.0
4800.0	1.0
4801.0	1.0
4811.0	2.0
4813.0	1.0
4820.0	1.0
4821.0	1.0
4826.0	1.0
4828.0	1.0
4830.0	1.0
4832.0	1.0
4833.0	1.0
4836.0	1.0
4838.0	1.0
4839.0	1.0
4842.0	2.0
4847.0	1.0
4851.0	1.0
4852.0	1.0
4853.0	1.0
4854.0	1.0
4855.0	1.0
4857.0	1.0
4858.0	2.0
4863.0	1.0
4872.0	1.0
4873.0	1.0
4874.0	1.0
4876.0	1.0
4879.0	1.0
4881.0	2.0
4884.0	1.0
4888.0	1.0
4889.0	1.0
4892.0	2.0
4893.0	1.0
4898.0	1.0
4899.0	1.0
4912.0	1.0
4915.0	1.0
4919.0	1.0
4952.0	1.0
4957.0	1.0
4966.0	1.0
4985.0	1.0
4989.0	1.0
4994.0	1.0
5000.0	1.0
5002.0	1.0
5013.0	2.0
5025.0	1.0
5026.0	1.0
5040.0	1.0
5041.0	1.0
5047.0	1.0
5048.0	1.0
5063.0	1.0
5067.0	1.0
5073.0	2.0
5085.0	1.0
5089.0	1.0
5096.0	1.0
5113.0	1.0
5124.0	1.0
5127.0	1.0
5153.0	1.0
5192.0	2.0
5197.0	1.0
5203.0	1.0
5212.0	1.0
5214.0	1.0
5223.0	1.0
5249.0	1.0
5266.0	1.0
5275.0	1.0
5310.0	1.0
5319.0	1.0
5340.0	1.0
5344.0	2.0
5358.0	1.0
5359.0	1.0
5368.0	1.0
5369.0	1.0
5371.0	1.0
5378.0	1.0
5383.0	1.0
5391.0	1.0
5415.0	1.0
5416.0	1.0
5421.0	1.0
5423.0	1.0
5435.0	1.0
5439.0	1.0
5477.0	1.0
5519.0	1.0
5601.0	1.0
5609.0	1.0
5627.0	1.0
5630.0	1.0
5632.0	1.0
5635.0	1.0
5649.0	1.0
5690.0	1.0
5691.0	1.0
5708.0	1.0
5719.0	1.0
5725.0	1.0
5765.0	1.0
5771.0	1.0
5780.0	1.0
5795.0	1.0
5799.0	2.0
5803.0	1.0
5832.0	1.0
5834.0	2.0
5858.0	1.0
5864.0	1.0
5879.0	1.0
5894.0	1.0
5905.0	1.0
5911.0	2.0
5921.0	1.0
5923.0	1.0
5932.0	1.0
5941.0	1.0
5970.0	1.0
5973.0	1.0
5976.0	1.0
5978.0	1.0
5979.0	1.0
5981.0	1.0
5997.0	1.0
6042.0	1.0
6046.0	1.0
6049.0	1.0
6059.0	1.0
6062.0	1.0
6063.0	1.0
6070.0	1.0
6077.0	1.0
6078.0	1.0
6083.0	1.0
6118.0	1.0
6124.0	1.0
6133.0	1.0
6136.0	1.0
6177.0	1.0
6181.0	1.0
6192.0	1.0
6203.0	1.0
6241.0	1.0
6257.0	2.0
6301.0	1.0
6305.0	1.0
6319.0	1.0
6330.0	1.0
6357.0	1.0
6363.0	1.0
6441.0	1.0
6442.0	1.0
6447.0	1.0
6470.0	1.0
6530.0	1.0
6540.0	1.0
6550.0	1.0
6578.0	1.0
6586.0	1.0
6626.0	1.0
6671.0	1.0
6690.0	1.0
6766.0	2.0
6780.0	1.0
6782.0	1.0
6787.0	1.0
6792.0	1.0
6864.0	2.0
6867.0	1.0
6912.0	1.0
6964.0	1.0
6973.0	1.0
7024.0	1.0
7025.0	1.0
7040.0	1.0
7076.0	1.0
7079.0	1.0
7102.0	1.0
7104.0	1.0
7114.0	1.0
7211.0	1.0
7243.0	1.0
7285.0	1.0
7312.0	1.0
7339.0	1.0
7369.0	1.0
7375.0	1.0
7401.0	1.0
7409.0	1.0
7484.0	1.0
7506.0	1.0
7522.0	1.0
7536.0	2.0
7548.0	2.0
7590.0	1.0
7609.0	1.0
7611.0	1.0
7619.0	1.0
7621.0	1.0
7624.0	1.0
7644.0	1.0
7665.0	1.0
7666.0	1.0
7700.0	1.0
7705.0	1.0
7716.0	1.0
7720.0	1.0
7729.0	1.0
7741.0	1.0
7755.0	1.0
7766.0	1.0
7814.0	1.0
7823.0	1.0
7879.0	1.0
7889.0	1.0
7899.0	1.0
7905.0	1.0
7908.0	1.0
7910.0	1.0
7915.0	1.0
7920.0	1.0
7928.0	1.0
7945.0	1.0
7947.0	1.0
7990.0	1.0
7996.0	1.0
8056.0	1.0
8057.0	1.0
8059.0	1.0
8081.0	1.0
8085.0	1.0
8090.0	2.0
8109.0	1.0
8118.0	2.0
8120.0	1.0
8127.0	1.0
8129.0	1.0
8130.0	1.0
8138.0	1.0
8141.0	1.0
8151.0	1.0
8153.0	1.0
8154.0	1.0
8175.0	1.0
8189.0	1.0
8209.0	2.0
8226.0	1.0
8245.0	1.0
8254.0	1.0
8263.0	1.0
8270.0	1.0
8278.0	1.0
8300.0	2.0
8301.0	1.0
8302.0	1.0
8340.0	1.0
8361.0	1.0
8368.0	1.0
8406.0	1.0
8459.0	1.0
8481.0	1.0
8492.0	1.0
8494.0	1.0
8524.0	1.0
8527.0	1.0
8528.0	1.0
8581.0	1.0
8620.0	1.0
8626.0	1.0
8640.0	1.0
8677.0	1.0
8732.0	1.0
8736.0	1.0
8738.0	1.0
8740.0	2.0
8751.0	2.0
8760.0	1.0
8763.0	1.0
8765.0	1.0
8766.0	1.0
8775.0	1.0
8777.0	1.0
8782.0	1.0
8800.0	2.0
8802.0	1.0
8804.0	1.0
8805.0	1.0
8807.0	2.0
8812.0	1.0
8824.0	1.0
8831.0	1.0
8893.0	1.0
8894.0	1.0
8911.0	1.0
8927.0	1.0
8938.0	1.0
8940.0	1.0
8967.0	2.0
8970.0	1.0
8973.0	1.0
8982.0	2.0
8983.0	7.0
8985.0	2.0
8986.0	1.0
8989.0	4.0
9259.0	1.0
9275.0	1.0
9366.0	1.0
9406.0	1.0
9424.0	1.0
9471.0	1.0
9544.0	1.0
9545.0	1.0
9559.0	1.0
9599.0	1.0
9664.0	1.0
9693.0	1.0
9702.0	1.0
9764.0	1.0
9780.0	1.0
9820.0	1.0
9828.0	1.0
9837.0	1.0
9935.0	1.0
9955.0	1.0
10025.0	1.0
10039.0	1.0
10042.0	1.0
10051.0	1.0
10065.0	1.0
10068.0	1.0
10084.0	1.0
10123.0	1.0
10139.0	1.0
10179.0	1.0
10191.0	1.0
10199.0	1.0
10222.0	1.0
10242.0	1.0
10249.0	1.0
10251.0	1.0
10277.0	1.0
10280.0	1.0
10291.0	1.0
10325.0	1.0
10366.0	1.0
10452.0	1.0
10643.0	1.0
10782.0	1.0
10871.0	1.0
10942.0	1.0
11013.0	1.0
11014.0	1.0
11028.0	1.0
11040.0	1.0
11312.0	1.0
11322.0	1.0
11384.0	1.0
11398.0	1.0
11433.0	1.0
11498.0	1.0
11515.0	1.0
11530.0	1.0
11556.0	1.0
11601.0	1.0
11634.0	1.0
11679.0	1.0
11723.0	1.0
11772.0	1.0
11792.0	1.0
11834.0	1.0
11931.0	1.0
11973.0	1.0
12025.0	1.0
12046.0	1.0
12162.0	1.0
12171.0	1.0
12209.0	1.0
12218.0	1.0
12242.0	1.0
12266.0	1.0
12332.0	1.0
12364.0	1.0
12378.0	1.0
12411.0	1.0
12416.0	1.0
12419.0	1.0
12465.0	1.0
12478.0	1.0
12507.0	1.0
12546.0	1.0
12560.0	1.0
12563.0	1.0
12570.0	1.0
12574.0	2.0
12575.0	3.0
12576.0	1.0
12577.0	2.0
12578.0	6.0
12579.0	6.0
12580.0	3.0
12582.0	2.0
12601.0	1.0
12624.0	1.0
12659.0	1.0
12743.0	1.0
12875.0	1.0
13149.0	1.0
13186.0	1.0
13223.0	1.0
13261.0	1.0
13355.0	1.0
13461.0	1.0
13466.0	1.0
13518.0	1.0
13540.0	1.0
13601.0	2.0
13604.0	1.0
13743.0	1.0
13824.0	1.0
13887.0	1.0
14528.0	1.0
14536.0	1.0
14620.0	1.0
14652.0	1.0
14762.0	1.0
14842.0	1.0
14929.0	1.0
15011.0	1.0
15013.0	1.0
15084.0	1.0
15088.0	1.0
15102.0	1.0
15153.0	1.0
15192.0	1.0
15221.0	1.0
15229.0	1.0
15245.0	1.0
15273.0	1.0
15289.0	1.0
15290.0	1.0
15326.0	1.0
15342.0	1.0
15453.0	1.0
15465.0	1.0
15548.0	1.0
15722.0	1.0
15736.0	1.0
15797.0	1.0
15821.0	1.0
15844.0	1.0
15859.0	1.0
15874.0	1.0
15883.0	1.0
15906.0	1.0
15932.0	1.0
15978.0	1.0
16099.0	1.0
16178.0	1.0
16207.0	1.0
16229.0	1.0
16403.0	1.0
16459.0	1.0
16497.0	1.0
16501.0	1.0
16569.0	1.0
16611.0	1.0
16618.0	1.0
16625.0	1.0
16630.0	1.0
16762.0	1.0
16775.0	1.0
16815.0	1.0
16869.0	1.0
16921.0	1.0
16925.0	1.0
16950.0	1.0
17066.0	1.0
17070.0	1.0
17075.0	1.0
17090.0	1.0
17139.0	1.0
17146.0	1.0
17151.0	1.0
17211.0	1.0
17213.0	1.0
17261.0	1.0
17270.0	1.0
17303.0	1.0
17365.0	1.0
17392.0	1.0
17432.0	1.0
17539.0	1.0
17565.0	1.0
17578.0	1.0
17579.0	1.0
17590.0	1.0
17607.0	1.0
17654.0	1.0
17661.0	2.0
17674.0	1.0
17714.0	1.0
17809.0	1.0
17826.0	1.0
17951.0	1.0
18050.0	1.0
18191.0	1.0
18205.0	1.0
18207.0	1.0
18256.0	1.0
18286.0	1.0
18405.0	1.0
18521.0	1.0
18524.0	1.0
18642.0	1.0
18710.0	1.0
18724.0	1.0
18744.0	1.0
18746.0	1.0
18753.0	1.0
18756.0	1.0
18759.0	1.0
18765.0	1.0
18823.0	1.0
18850.0	1.0
18852.0	1.0
18854.0	2.0
18857.0	1.0
18858.0	1.0
18859.0	4.0
18860.0	3.0
18861.0	2.0
18862.0	2.0
18864.0	2.0
18865.0	2.0
18866.0	3.0
18867.0	1.0
18871.0	1.0
18873.0	1.0
18884.0	1.0
18934.0	1.0
18940.0	1.0
18975.0	1.0
19006.0	1.0
19289.0	1.0
19446.0	1.0
19459.0	1.0
19768.0	1.0
19773.0	1.0
19871.0	1.0
19924.0	1.0
20257.0	1.0
20885.0	1.0
21022.0	1.0
21362.0	1.0
21453.0	1.0
21708.0	1.0
21775.0	1.0
21798.0	1.0
21834.0	1.0
21978.0	1.0
21983.0	1.0
22099.0	1.0
22319.0	1.0
22466.0	1.0
22619.0	1.0
22624.0	1.0
22644.0	1.0
22711.0	1.0
22838.0	1.0
22916.0	1.0
23032.0	1.0
23248.0	1.0
23300.0	1.0
23307.0	1.0
23309.0	1.0
23312.0	1.0
23359.0	1.0
23437.0	1.0
23441.0	1.0
23476.0	1.0
23512.0	1.0
23556.0	1.0
23588.0	1.0
23596.0	1.0
23656.0	1.0
23696.0	1.0
23709.0	1.0
23741.0	1.0
23790.0	1.0
23897.0	1.0
23933.0	1.0
23976.0	2.0
23999.0	1.0
24045.0	1.0
24090.0	1.0
24104.0	1.0
24118.0	1.0
24125.0	1.0
24149.0	1.0
24237.0	1.0
24335.0	1.0
24346.0	1.0
24384.0	1.0
24385.0	1.0
24449.0	1.0
24470.0	1.0
24478.0	1.0
24497.0	1.0
24516.0	1.0
24568.0	1.0
24597.0	1.0
24617.0	1.0
24636.0	1.0
24646.0	1.0
24651.0	1.0
24681.0	1.0
24736.0	1.0
24791.0	1.0
24866.0	1.0
24889.0	1.0
24944.0	1.0
24990.0	1.0
25000.0	1.0
25014.0	1.0
25015.0	1.0
25017.0	2.0
25178.0	1.0
25226.0	1.0
25253.0	1.0
25342.0	1.0
25369.0	1.0
25370.0	1.0
25401.0	1.0
25431.0	1.0
25446.0	1.0
25472.0	1.0
25486.0	1.0
25538.0	1.0
25616.0	1.0
25618.0	1.0
25747.0	1.0
25827.0	1.0
25857.0	1.0
25864.0	1.0
25888.0	1.0
25945.0	1.0
25952.0	1.0
25970.0	1.0
26024.0	1.0
26076.0	1.0
26365.0	1.0
26511.0	1.0
26611.0	1.0
26741.0	1.0
26789.0	1.0
26842.0	1.0
26858.0	1.0
26871.0	1.0
26886.0	1.0
27048.0	1.0
27113.0	1.0
27119.0	1.0
27198.0	1.0
27388.0	1.0
27414.0	1.0
27525.0	1.0
27542.0	1.0
27626.0	1.0
27724.0	1.0
28111.0	1.0
28457.0	1.0
28566.0	1.0
28851.0	1.0
29089.0	1.0
29234.0	1.0
29301.0	1.0
30053.0	1.0
30819.0	1.0
30827.0	1.0
30836.0	1.0
30891.0	1.0
30941.0	1.0
31035.0	1.0
31036.0	1.0
31133.0	1.0
31149.0	1.0
31190.0	1.0
31207.0	1.0
31281.0	1.0
31324.0	1.0
31343.0	1.0
31383.0	1.0
31464.0	1.0
31503.0	1.0
31541.0	1.0
31580.0	1.0
31634.0	1.0
31679.0	1.0
31757.0	1.0
31766.0	1.0
31773.0	1.0
31793.0	1.0
31834.0	1.0
31863.0	1.0
31941.0	1.0
31946.0	1.0
31949.0	1.0
31955.0	1.0
32001.0	1.0
32175.0	1.0
32222.0	1.0
32247.0	1.0
32254.0	1.0
32286.0	1.0
32299.0	1.0
32385.0	1.0
32394.0	1.0
32478.0	1.0
32493.0	1.0
32576.0	1.0
32620.0	1.0
32751.0	1.0
32795.0	1.0
32842.0	1.0
33062.0	1.0
33209.0	1.0
33219.0	1.0
33220.0	1.0
33291.0	1.0
33298.0	1.0
33618.0	1.0
33662.0	1.0
33677.0	1.0
33683.0	1.0
33725.0	1.0
34057.0	1.0
34112.0	1.0
34198.0	1.0
34215.0	1.0
34229.0	1.0
34250.0	1.0
34337.0	1.0
34366.0	1.0
34371.0	1.0
34464.0	1.0
34493.0	1.0
34508.0	1.0
34704.0	1.0
34902.0	1.0
34909.0	1.0
34957.0	1.0
35122.0	1.0
35266.0	1.0
35631.0	1.0
36083.0	1.0
36343.0	1.0
36355.0	1.0
36656.0	1.0
36745.0	1.0
37033.0	1.0
37072.0	1.0
37367.0	1.0
37736.0	1.0
38492.0	1.0
38588.0	1.0
39168.0	1.0
39311.0	1.0
39686.0	1.0
39825.0	1.0
39948.0	1.0
41274.0	1.0
41541.0	1.0
42117.0	1.0
43245.0	1.0
44472.0	1.0
44680.0	1.0
45034.0	1.0
45561.0	1.0
46046.0	1.0
48683.0	1.0
51932.0	1.0
52729.0	1.0
53627.0	1.0
54222.0	1.0
54276.0	1.0
55771.0	1.0
56104.0	1.0
56324.0	1.0
56346.0	1.0
56604.0	1.0
56728.0	1.0
56790.0	1.0
56865.0	1.0
56885.0	1.0
56887.0	1.0
56890.0	2.0
56891.0	1.0
56894.0	1.0
56895.0	1.0
56925.0	1.0
