# Position (bp)	A	C	G	T	N
0.0	21.412594111976933	28.457088077253008	27.679698701892153	22.447035615288076	0.0035834935898352294
1.0	24.030393362759916	21.217827423142165	24.336794772114906	30.41353579563819	0.0014486463448270077
2.0	26.853563647770283	22.998569588808724	23.467054192271334	26.680285213050446	5.273580992133406E-4
3.0	29.88768987989006	21.673699908207922	24.002494213197917	24.43555051833265	5.654803714456303E-4
4.0	30.174915786312212	20.518245605407415	24.31765103774226	24.98852678448609	6.607860520263544E-4
5.0	30.74835100523031	21.555069750733075	22.285638622080636	25.409657172124156	0.001283449831820419
6.0	24.84807162615826	21.736017115883637	20.29611983253394	33.119314897021255	4.76528402903621E-4
7.0	25.768692732007857	23.859224360436933	21.714084101925994	28.65757310692262	4.256987065939014E-4
8.0	25.06601665651026	23.8567082904696	21.997211864083173	29.07992340727212	1.397816648517288E-4
9.0	31.546389944716985	20.444021541371146	21.828469979758978	26.180858031959296	2.605021935873128E-4
10.0	27.541378390809328	23.559252907665122	24.183625835997606	24.715634852423282	1.0801310465815409E-4
11.0	25.532842941130763	23.665309069015354	23.633076687842955	27.16844090898492	3.303930260131772E-4
12.0	26.28474122379229	23.219653352907848	22.41343718602735	28.08169806258165	4.701746908649061E-4
13.0	27.19631464369876	22.35622200911872	22.164632176303307	28.281852699225247	9.784716539621018E-4
14.0	27.041379375634694	22.47489664257784	22.678583943114962	27.803564318086906	0.0015757205856013067
15.0	27.12937193365886	22.560754353356995	22.792874515267368	27.513523717231603	0.003475480485177076
16.0	27.28828462545916	22.60592289224022	22.60700937699884	27.492677188032584	0.006105917269205064
17.0	27.465241859449407	22.479865245392112	22.573938305837327	27.472599457990242	0.008355131330910155
18.0	27.152397786087164	22.6899634413763	22.64432472780221	27.506197887250966	0.00711615748336074
19.0	27.266148292716274	22.64349239152514	22.763965125491215	27.319138251119156	0.0072559391482124695
20.0	27.233814252151255	22.771271894335733	22.65895097291533	27.32854174493646	0.007421135661219058
21.0	27.462192077670828	22.624348657152492	22.642272478813705	27.26375929698972	0.007427489373257772
22.0	27.403496485857175	22.582992345492496	22.50648094512229	27.49800159872102	0.009028624807013939
23.0	27.485681751077955	22.5369914703322	22.614328853267438	27.35651078533088	0.00648713999152796
24.0	27.445605243764682	22.783991822089785	22.636882969799352	27.130234923026464	0.0032850413197199188
25.0	27.739997351486917	22.694389295330307	22.49068000446333	27.07355444435492	0.0013789043645309705
26.0	28.062953208891646	22.23107792010795	22.44774949370114	27.257336066977544	8.833103217225899E-4
27.0	27.91367551133504	22.44060480652394	23.183794632189578	26.461537386052235	3.876638992124703E-4
28.0	27.028740636678233	23.582087427378426	23.695325315986587	25.69361781802658	2.2880193017308292E-4
29.0	24.88056731731948	23.9898753628745	23.45967433968155	27.669781281192968	1.0169893150017619E-4
30.0	26.318266677719286	21.77185685566819	20.67978962046959	31.229807140230815	2.797059121184366E-4
31.0	28.96734625084311	21.96105724735825	23.77027663057828	25.301040131076057	2.797401442937811E-4
32.0	28.578765456339845	21.742428322508605	23.712301530654774	25.966065948957574	4.3874153920324155E-4
33.0	32.532142275678204	20.447384353949165	21.67211062946456	25.347796721411562	5.660194965097584E-4
34.0	25.342090497196374	22.442372068345577	21.594439574169762	30.619723721828574	0.0013741384597180217
35.0	25.098027323161233	24.293052034341706	20.65437259901069	29.953802637006028	7.454064803473263E-4
36.0	24.351747412797543	24.167695247492084	21.980391560137942	29.49963400355265	5.317760197846307E-4
37.0	26.65897426833073	23.51653794590403	23.011261101874737	26.81253802775573	6.886561347751213E-4
38.0	29.935755915051317	24.552937129951967	21.546861486547268	23.96292967157229	0.0015157968771552738
39.0	22.439791261758295	27.56942557234013	28.499011077070556	21.48844596937498	0.003326119456043556
