# Position (bp)	A	C	G	T	N
0.0	20.64713247658512	27.976762836804266	27.75720516704499	23.613870531098527	0.005028988467102075
1.0	22.55480373376668	21.650021489382237	24.57693219587462	31.216462518226972	0.0017800627494940515
2.0	26.39129745993759	23.293309860294535	22.48221327276196	27.83262132206464	5.580849412749415E-4
3.0	29.678060921631015	21.70630093251222	23.920086966646107	24.694949526299993	6.016529106681526E-4
4.0	29.814563519070365	20.707727223350243	24.1560199689016	25.321019171815223	6.701168625717699E-4
5.0	30.198957489031038	21.71136311562267	22.415738924793967	25.670874115373127	0.0030663551791983777
6.0	23.479442598868378	21.891593431676338	20.439045630767517	34.189351955085655	5.663836021117437E-4
7.0	24.630529096889106	24.272804948192707	22.123694527290436	28.972434089338567	5.373382891829363E-4
8.0	24.06036130543578	24.301140725619966	22.36956932522842	29.268743998512214	1.8464520361884682E-4
9.0	30.952822362102605	20.93265827600134	22.115680095587294	25.998507319875287	3.319464334720842E-4
10.0	26.71450540354852	24.132206961630395	24.424844713383756	24.72825205223808	1.908691992464484E-4
11.0	24.566712395054097	24.01287221879718	24.11675278048706	27.30303605676848	6.265488931785589E-4
12.0	25.523126832499916	23.48608152753782	22.616608010348763	28.372967875800914	0.0012157538125915084
13.0	26.37096781555264	22.706586240471786	22.289190571028364	28.630579054827344	0.002676318119868679
14.0	26.092371397935143	22.743637686442902	22.972419317722277	28.1875633447155	0.004008253184175416
15.0	26.14552017126444	23.02619463994476	22.988076816056115	27.832739577981563	0.007468794753121895
16.0	26.414085582595455	22.898162900554574	22.78529073984802	27.891539739340722	0.01092103766123157
17.0	26.579038064048564	22.988819546201007	22.771832386635936	27.648189808962336	0.012120194152149474
18.0	26.278736499012417	23.14020994118158	22.94909385677524	27.621731603549403	0.010228099481358593
19.0	26.574733133739475	23.0221448934564	23.116822240278264	27.277198176253098	0.009101556272762708
20.0	26.25311230901358	23.09440963202327	23.107266332324684	27.53505831510463	0.010153411533827374
21.0	26.382183455673573	22.918695862130033	23.195972792674475	27.49074554090132	0.012402348620600747
22.0	26.441761616486186	22.81518251618218	22.909395137997183	27.81865675054151	0.015003978792938204
23.0	26.598388466454782	22.790881962586816	22.89423348464835	27.703965108446482	0.012530977863571179
24.0	26.528890725763116	23.109352248711666	22.92106987411464	27.43246686260914	0.008220288801443716
25.0	26.96223285159092	23.006177759464205	22.779347085954864	27.24824396133697	0.003998341653044743
26.0	27.359248520051576	22.450924531101613	22.650681540820912	27.536638770572353	0.0025066374535501717
27.0	27.15690048262791	22.815747773194907	23.419893339299854	26.606464399683222	9.940051941025485E-4
28.0	26.079780469559154	24.032818826329986	24.193387381382756	25.693560900019026	4.524227090797876E-4
29.0	23.872665633650307	24.338959297764735	23.881947629163108	27.906288375535592	1.390638862606852E-4
30.0	25.10682637713575	22.02159328712631	21.063400227629707	31.80787908200991	3.0102609831915124E-4
31.0	28.0546124281902	22.37283997508779	24.208118047038433	25.364124314045196	3.0523563838289565E-4
32.0	27.771907581501797	22.147351489422576	24.036310406213104	26.043990223527096	4.402993354263059E-4
33.0	32.08414612208605	20.609254661407473	21.91303964079291	25.3929508022533	6.087734602695947E-4
34.0	24.605038289067963	22.5296277559918	21.62287646494408	31.239155229313827	0.0033022606823298216
35.0	24.308081659228794	24.320923322911643	20.69798640713129	30.67229599528457	7.126154437018797E-4
36.0	23.59895463182302	24.010304637349208	22.00448161878195	30.385759498354265	4.996136915563502E-4
37.0	26.67482322394935	22.764747419049023	23.355581121597428	27.20416455686623	6.836785379633363E-4
38.0	29.640149783077955	24.93907965624387	22.374164005975654	23.044574255061647	0.0020322996408753576
39.0	23.012055782245728	27.764741206665562	28.04110029876348	21.17679664658447	0.005306065740758195
