#Insert size (bp)	insert size
30.0	1.0
32.0	2.0
34.0	3.0
36.0	2.0
37.0	3.0
38.0	5.0
39.0	11.0
40.0	40.0
41.0	196.0
42.0	218.0
43.0	196.0
44.0	191.0
45.0	194.0
46.0	201.0
47.0	193.0
48.0	208.0
49.0	206.0
50.0	186.0
51.0	203.0
52.0	161.0
53.0	209.0
54.0	216.0
55.0	183.0
56.0	202.0
57.0	179.0
58.0	187.0
59.0	196.0
60.0	195.0
61.0	178.0
62.0	173.0
63.0	169.0
64.0	163.0
65.0	160.0
66.0	193.0
67.0	173.0
68.0	196.0
69.0	191.0
70.0	186.0
71.0	209.0
72.0	222.0
73.0	191.0
74.0	193.0
75.0	200.0
76.0	229.0
77.0	274.0
78.0	243.0
79.0	283.0
80.0	272.0
81.0	289.0
82.0	304.0
83.0	329.0
84.0	393.0
85.0	472.0
86.0	467.0
87.0	490.0
88.0	614.0
89.0	635.0
90.0	704.0
91.0	790.0
92.0	841.0
93.0	990.0
94.0	1124.0
95.0	1298.0
96.0	1454.0
97.0	1628.0
98.0	1866.0
99.0	2066.0
100.0	2212.0
101.0	2515.0
102.0	2796.0
103.0	3077.0
104.0	3341.0
105.0	3790.0
106.0	4116.0
107.0	4569.0
108.0	4883.0
109.0	5495.0
110.0	6013.0
111.0	6582.0
112.0	6778.0
113.0	7438.0
114.0	7975.0
115.0	8498.0
116.0	9350.0
117.0	9870.0
118.0	10794.0
119.0	11485.0
120.0	12046.0
121.0	12725.0
122.0	13404.0
123.0	13946.0
124.0	14960.0
125.0	15756.0
126.0	16424.0
127.0	17215.0
128.0	18143.0
129.0	18833.0
130.0	19574.0
131.0	20156.0
132.0	21263.0
133.0	21895.0
134.0	22684.0
135.0	23540.0
136.0	24360.0
137.0	25118.0
138.0	25940.0
139.0	26667.0
140.0	27460.0
141.0	28433.0
142.0	28985.0
143.0	29903.0
144.0	30001.0
145.0	30912.0
146.0	31897.0
147.0	32492.0
148.0	33070.0
149.0	33518.0
150.0	33948.0
151.0	35040.0
152.0	35450.0
153.0	35813.0
154.0	36118.0
155.0	36799.0
156.0	37372.0
157.0	37919.0
158.0	38114.0
159.0	38587.0
160.0	39090.0
161.0	39186.0
162.0	39771.0
163.0	40085.0
164.0	39927.0
165.0	40309.0
166.0	40574.0
167.0	41010.0
168.0	41142.0
169.0	40913.0
170.0	41444.0
171.0	41847.0
172.0	41683.0
173.0	42051.0
174.0	41825.0
175.0	42118.0
176.0	41615.0
177.0	41864.0
178.0	41675.0
179.0	41921.0
180.0	41748.0
181.0	41921.0
182.0	41544.0
183.0	41872.0
184.0	41622.0
185.0	41399.0
186.0	41506.0
187.0	41127.0
188.0	40720.0
189.0	40487.0
190.0	41056.0
191.0	40538.0
192.0	40153.0
193.0	40350.0
194.0	39467.0
195.0	39827.0
196.0	39505.0
197.0	39321.0
198.0	38949.0
199.0	38545.0
200.0	38566.0
201.0	38387.0
202.0	37897.0
203.0	37577.0
204.0	37408.0
205.0	37092.0
206.0	36935.0
207.0	36709.0
208.0	36379.0
209.0	35895.0
210.0	35743.0
211.0	35535.0
212.0	34822.0
213.0	34749.0
214.0	34436.0
215.0	34133.0
216.0	33743.0
217.0	33729.0
218.0	33350.0
219.0	32986.0
220.0	32564.0
221.0	32585.0
222.0	32113.0
223.0	31738.0
224.0	31468.0
225.0	31110.0
226.0	30840.0
227.0	30690.0
228.0	30176.0
229.0	30136.0
230.0	29268.0
231.0	29265.0
232.0	29135.0
233.0	28607.0
234.0	28692.0
235.0	28166.0
236.0	27985.0
237.0	27613.0
238.0	27264.0
239.0	27031.0
240.0	27003.0
241.0	26311.0
242.0	26025.0
243.0	25532.0
244.0	25526.0
245.0	25181.0
246.0	25074.0
247.0	24590.0
248.0	24809.0
249.0	24157.0
250.0	24260.0
251.0	23762.0
252.0	23499.0
253.0	23112.0
254.0	22987.0
255.0	22519.0
256.0	22487.0
257.0	21991.0
258.0	21999.0
259.0	21784.0
260.0	21747.0
261.0	21337.0
262.0	20665.0
263.0	20556.0
264.0	20493.0
265.0	20184.0
266.0	20025.0
267.0	19550.0
268.0	19535.0
269.0	19509.0
270.0	19251.0
271.0	18976.0
272.0	18711.0
273.0	18570.0
274.0	18207.0
275.0	18077.0
276.0	17826.0
277.0	17608.0
278.0	17390.0
279.0	17232.0
280.0	16838.0
281.0	16782.0
282.0	16807.0
283.0	16315.0
284.0	16099.0
285.0	15790.0
286.0	15853.0
287.0	15822.0
288.0	15485.0
289.0	15269.0
290.0	15141.0
291.0	14760.0
292.0	14744.0
293.0	14689.0
294.0	14437.0
295.0	14096.0
296.0	14061.0
297.0	13733.0
298.0	13662.0
299.0	13404.0
300.0	13548.0
301.0	13473.0
302.0	13260.0
303.0	13193.0
304.0	12740.0
305.0	12692.0
306.0	12547.0
307.0	12307.0
308.0	12315.0
309.0	12045.0
310.0	11891.0
311.0	11954.0
312.0	11609.0
313.0	11586.0
314.0	11409.0
315.0	11283.0
316.0	11113.0
317.0	11102.0
318.0	10960.0
319.0	10820.0
320.0	10592.0
321.0	10596.0
322.0	10296.0
323.0	10148.0
324.0	10145.0
325.0	10099.0
326.0	9767.0
327.0	9863.0
328.0	9775.0
329.0	9403.0
330.0	9346.0
331.0	9247.0
332.0	9119.0
333.0	9052.0
334.0	9062.0
335.0	8927.0
336.0	8791.0
337.0	8655.0
338.0	8481.0
339.0	8532.0
340.0	8467.0
341.0	8291.0
342.0	8121.0
343.0	7900.0
344.0	8154.0
345.0	7795.0
346.0	8003.0
347.0	7654.0
348.0	7617.0
349.0	7572.0
350.0	7401.0
351.0	7446.0
352.0	7263.0
353.0	7223.0
354.0	7080.0
355.0	7035.0
356.0	6939.0
357.0	6787.0
358.0	6692.0
359.0	6736.0
360.0	6611.0
361.0	6477.0
362.0	6434.0
363.0	6409.0
364.0	6236.0
365.0	6199.0
366.0	6120.0
367.0	6138.0
368.0	5931.0
369.0	5926.0
370.0	5826.0
371.0	5826.0
372.0	5707.0
373.0	5541.0
374.0	5551.0
375.0	5523.0
376.0	5511.0
377.0	5430.0
378.0	5292.0
379.0	5219.0
380.0	5200.0
381.0	5132.0
382.0	5056.0
383.0	5054.0
384.0	4986.0
385.0	4907.0
386.0	4931.0
387.0	4818.0
388.0	4663.0
389.0	4673.0
390.0	4446.0
391.0	4545.0
392.0	4587.0
393.0	4513.0
394.0	4476.0
395.0	4374.0
396.0	4231.0
397.0	4162.0
398.0	4171.0
399.0	4141.0
400.0	4141.0
401.0	4006.0
402.0	3956.0
403.0	3954.0
404.0	3873.0
405.0	3956.0
406.0	3836.0
407.0	3874.0
408.0	3699.0
409.0	3671.0
410.0	3482.0
411.0	3584.0
412.0	3579.0
413.0	3573.0
414.0	3504.0
415.0	3513.0
416.0	3401.0
417.0	3459.0
418.0	3301.0
419.0	3362.0
420.0	3303.0
421.0	3160.0
422.0	3261.0
423.0	3103.0
424.0	3131.0
425.0	3116.0
426.0	3175.0
427.0	3048.0
428.0	2997.0
429.0	3061.0
430.0	2949.0
431.0	2898.0
432.0	2910.0
433.0	2849.0
434.0	2728.0
435.0	2730.0
436.0	2707.0
437.0	2721.0
438.0	2676.0
439.0	2656.0
440.0	2536.0
441.0	2577.0
442.0	2628.0
443.0	2428.0
444.0	2545.0
445.0	2573.0
446.0	2507.0
447.0	2446.0
448.0	2459.0
449.0	2382.0
450.0	2327.0
451.0	2359.0
452.0	2332.0
453.0	2279.0
454.0	2262.0
455.0	2239.0
456.0	2239.0
457.0	2146.0
458.0	2158.0
459.0	2164.0
460.0	2195.0
461.0	2051.0
462.0	2016.0
463.0	2068.0
464.0	2061.0
465.0	1985.0
466.0	2061.0
467.0	2000.0
468.0	1983.0
469.0	2037.0
470.0	1926.0
471.0	1929.0
472.0	1840.0
473.0	1896.0
474.0	1817.0
475.0	1845.0
476.0	1730.0
477.0	1798.0
478.0	1762.0
479.0	1742.0
480.0	1740.0
481.0	1764.0
482.0	1704.0
483.0	1619.0
484.0	1706.0
485.0	1662.0
486.0	1625.0
487.0	1616.0
488.0	1595.0
489.0	1566.0
490.0	1555.0
491.0	1592.0
492.0	1506.0
493.0	1551.0
494.0	1532.0
495.0	1495.0
496.0	1446.0
497.0	1483.0
498.0	1499.0
499.0	1453.0
500.0	1443.0
501.0	1437.0
502.0	1411.0
503.0	1459.0
504.0	1360.0
505.0	1381.0
506.0	1367.0
507.0	1347.0
508.0	1389.0
509.0	1303.0
510.0	1331.0
511.0	1317.0
512.0	1261.0
513.0	1218.0
514.0	1274.0
515.0	1211.0
516.0	1194.0
517.0	1246.0
518.0	1181.0
519.0	1128.0
520.0	1165.0
521.0	1202.0
522.0	1164.0
523.0	1166.0
524.0	1150.0
525.0	1105.0
526.0	1074.0
527.0	1019.0
528.0	1050.0
529.0	1039.0
530.0	1026.0
531.0	1030.0
532.0	1048.0
533.0	1080.0
534.0	1016.0
535.0	991.0
536.0	954.0
537.0	965.0
538.0	968.0
539.0	919.0
540.0	959.0
541.0	924.0
542.0	916.0
543.0	968.0
544.0	974.0
545.0	961.0
546.0	911.0
547.0	965.0
548.0	859.0
549.0	842.0
550.0	930.0
