# Position (bp)	A	C	G	T	N
0.0	21.183954199992254	28.75761858794955	26.82605733659102	23.2281699211882	0.004199954278978735
1.0	22.41830785133225	23.657043733447967	23.6237327036693	30.30033850264415	5.772089063334247E-4
2.0	27.719029894104953	24.725601721297718	21.409582123536378	26.145026775657886	7.594854030702957E-4
3.0	30.23446073878183	23.011055829012495	22.73180823601161	24.022667601340036	7.594854030702956E-6
4.0	30.86953483797518	21.09414505107919	23.24740009159394	24.788661794314645	2.5822503704390056E-4
5.0	30.663516827538334	22.324237989307967	22.026109589186753	24.98425966502137	0.0018759289455836305
6.0	27.364464133681583	21.48804456052757	19.06404816352632	32.083412762848404	3.0379416122811825E-5
7.0	26.610591327739975	24.14079036607956	20.983738658034863	28.26485686358351	2.278456209210887E-5
8.0	25.72945914765991	24.2858065089418	20.832988400379442	29.151707968748696	3.7974270153514786E-5
9.0	32.36070088350937	20.94764031682693	20.693364603878997	25.99824103180649	5.31639782149207E-5
10.0	28.86848067223572	23.803221888976907	23.16158583590103	24.16663565434604	7.594854030702957E-5
11.0	26.792374158964854	24.084018832200055	22.51985104972275	26.603642036301885	1.1392281046054436E-4
12.0	27.484440042804597	23.512323789892918	21.622982332091066	27.37981333367763	4.4050153378077147E-4
13.0	28.236497678632865	22.890062209449365	21.375017942842646	27.497358889510824	0.0010632795642984139
14.0	28.06355525749973	22.973552439808884	21.79587918410002	27.165251112456247	0.0017620061351230859
15.0	28.164764282312877	23.079918370508878	21.883508609906272	26.865345516491846	0.006463220780128216
16.0	28.298471687523403	23.08924485125858	21.698368853199828	26.903448899163884	0.010465708854308675
17.0	28.43317401861195	23.067250153985665	21.679245010750517	26.80410820844229	0.016222608209581515
18.0	28.223244658349287	23.12237360454051	21.709943410742618	26.931686566450036	0.012751759917550265
19.0	28.34781545416088	23.134100059163913	21.818899186667082	26.689767681010057	0.009417618998071666
20.0	28.28643384388474	23.217506746129093	21.756363158578274	26.735093769865294	0.004602481542605992
21.0	28.524145180191706	23.15835802293798	21.725140713658053	26.59108774258913	0.0012683406231273938
22.0	28.4741254715455	22.9976736962104	21.54672999762281	26.981356911810835	1.1392281046054436E-4
23.0	28.52806412487155	23.037728956368323	21.696181535238985	26.73757728713333	4.4809638781147444E-4
24.0	28.506710897101804	23.19052926288971	21.66691553628466	26.63572278041087	1.215233129564055E-4
25.0	28.81845525212652	23.146995800328327	21.58321796281554	26.451217051042214	1.1393368740378774E-4
26.0	29.148527681994047	22.626043645984346	21.500275165906622	26.725107929981384	4.557613360187804E-5
27.0	29.03055890286127	22.698039735226114	22.482269239554856	25.78890422787564	2.2789448212004462E-4
28.0	27.888694919687556	24.194195728050133	23.081192026546475	24.835575459113553	3.418666022843222E-4
29.0	25.743220603620998	24.790963388106434	22.81306865366366	26.652580201298175	1.6715331073724487E-4
30.0	26.731922091679287	22.57804016392633	19.953539515348908	30.736080282258467	4.179467870150773E-4
31.0	29.051691469453587	22.872562049022676	23.021392451223498	25.05395121080699	4.028194932409169E-4
32.0	28.962676407742222	22.56318537549371	23.045310536313593	25.428113094349385	7.145861010874784E-4
33.0	33.76084174540551	21.415243478639802	21.583384788219444	23.239830317895752	6.996698394919363E-4
34.0	26.25158931402455	22.292087886106348	20.477405840637218	30.978216644844007	7.003143878753657E-4
35.0	26.01989513124156	24.531475197298292	19.64647642771893	29.80122260941018	9.306343310394468E-4
36.0	25.884674462721712	24.175391481821123	19.90819177714247	30.030858220770384	8.840575443049282E-4
37.0	29.90991205482852	22.594768068793282	20.61319907597418	26.881592596440978	5.282039630433819E-4
38.0	31.136863915347572	24.502999948244643	19.688951086906123	24.669053014052174	0.0021320354494881568
39.0	24.664440058659757	28.294344330457104	24.435540028027063	22.60329258181671	0.0023830010393677543
