# Position (bp)	A	C	G	T	N
0.0	21.75888367590881	28.506857607587843	26.080212295270393	23.649996429446492	0.004049991786465256
1.0	23.28348478956823	22.926776400836644	23.25760773924412	30.53160116488362	5.299054673879773E-4
2.0	28.670390219862824	24.212718185422	20.997693397201243	26.11851689048444	6.81307029498828E-4
3.0	31.21175375747135	22.479492027572242	22.231527810826776	24.07722640412963	0.0
4.0	31.752213175418138	20.581206625029555	22.708701375811227	24.957708496983702	1.70326757374707E-4
5.0	31.462449510733236	21.760826662622563	21.516817811687243	25.258101813008473	0.001804201948487637
6.0	27.978592323789396	21.022397085418994	18.630555207191776	32.36844907520141	6.308398421285445E-6
7.0	27.29962571010487	23.61062571489925	20.53972259701118	28.550000744391014	2.523359368514178E-5
8.0	26.426215331881053	23.734308174346975	20.42055064243468	29.41891323454045	1.261679684257089E-5
9.0	33.16119396281224	20.40423081571881	20.269123846730142	26.165419832746693	3.1541992106427225E-5
10.0	29.73151330151041	23.254977137102443	22.68862174363628	24.324812116969817	7.570078105542533E-5
11.0	27.50114118927441	23.520068655561698	22.182498938296547	26.796139815305235	1.5140156211085066E-4
12.0	28.14009363177273	23.04245981108618	21.218544117532023	27.59844192652432	4.605130847538375E-4
13.0	28.957567441195003	22.342568239838243	20.95788109476451	27.740854020884836	0.0011292033174100946
14.0	28.82253617298739	22.41977041971793	21.357631685924524	27.398238594226402	0.0018231271437514937
15.0	28.929513993415547	22.524559225893906	21.457891062034015	27.081626385860506	0.006409332796026012
16.0	29.083968820362298	22.536570416488033	21.276997737303656	27.092306504387743	0.010156521458269566
17.0	29.215196124321878	22.49964736052825	21.29620050209805	26.97298314824913	0.015972864802694747
18.0	28.98528654385813	22.593894832942254	21.349935439850558	27.05844302166228	0.012440161686774897
19.0	29.09392978146951	22.593756048176985	21.44845369799577	26.854681752654763	0.009178719702970321
20.0	29.04029577809174	22.683511940915036	21.39263068036582	26.87892492778776	0.004636672839644802
21.0	29.300807399297142	22.578205846068517	21.392365727632125	26.727529674075335	0.001091352926882382
22.0	29.256831553902362	22.448498866128467	21.176296773304674	27.11825294709449	1.1985957000442345E-4
23.0	29.346600063437258	22.459576413756245	21.304388803248877	26.889037290457086	3.9742910054098296E-4
24.0	29.31542615278416	22.635259305541695	21.260683612402538	26.788504755429038	1.2617384257264426E-4
25.0	29.685612227657636	22.55354798836771	21.17521984671391	26.585506375185624	1.1356207511222773E-4
26.0	30.039383668708524	21.988593556765927	21.12749813668766	26.84445523485559	6.940298229662418E-5
27.0	29.856545667837413	22.10898072048079	22.174235992137568	25.860130354061905	1.0726548232113417E-4
28.0	28.697356473211045	23.671752888015	22.71122247890662	24.919264307876567	4.0385199076945795E-4
29.0	26.519841325436712	24.156509694766413	22.50580375855607	26.81764327455044	2.0194669036511078E-4
30.0	27.48557740647492	22.020742934063716	19.59830392155811	30.894933912738647	4.418251646066989E-4
31.0	29.902354132975567	22.26211757388873	22.71081244414277	25.12431182412242	4.0402487050845076E-4
32.0	29.819746774251293	21.908836785693246	22.723330086363667	25.547353907044055	7.324466477337628E-4
33.0	34.78624568307883	20.7417884538395	21.31275840413924	23.15844946715072	7.579917917068876E-4
34.0	27.05969739636403	21.591953750846297	20.191425208236698	31.156133378456474	7.90266096503376E-4
35.0	26.77897856615239	23.752355878631796	19.405953401032637	30.061685965662083	0.00102618852109321
36.0	26.62965116950647	23.440233120794808	19.658312695008952	30.270973376066955	8.296386228177553E-4
37.0	30.862219761529108	21.830821493227358	20.367922293589732	26.93858531489705	4.5113675674647233E-4
38.0	32.30601273253002	23.687201735300913	19.172314597789303	24.83205334875683	0.0024175856229336377
39.0	25.747865638903615	27.039526112485024	24.443164823593154	22.767082966708355	0.002360458309850628
